step,customer,age,gender,zipcodeOri,merchant,zipMerchant,category,amount,fraud
120.0,6.0,4.0,1.0,0.0,1.0,0.0,5.0,0.72,0.0
122.0,6.0,4.0,1.0,0.0,1.0,0.0,5.0,45.81,0.0
122.0,6.0,4.0,1.0,0.0,22.0,0.0,12.0,752.23,1.0
123.0,6.0,4.0,1.0,0.0,1.0,0.0,5.0,18.33,0.0
124.0,6.0,4.0,1.0,0.0,1.0,0.0,5.0,40.83,0.0
0.0,12.0,2.0,0.0,0.0,2.0,0.0,6.0,68.79,0.0
33.0,12.0,2.0,0.0,0.0,6.0,0.0,6.0,431.88,1.0
60.0,12.0,2.0,0.0,0.0,6.0,0.0,6.0,58.38,0.0
38.0,12.0,2.0,0.0,0.0,35.0,0.0,18.0,2372.22,1.0
63.0,12.0,2.0,0.0,0.0,12.0,0.0,13.0,78.92,0.0
64.0,12.0,2.0,0.0,0.0,11.0,0.0,12.0,521.63,1.0
66.0,12.0,2.0,0.0,0.0,3.0,0.0,7.0,2.78,0.0
92.0,12.0,2.0,0.0,0.0,12.0,0.0,13.0,14.92,0.0
107.0,12.0,2.0,0.0,0.0,1.0,0.0,5.0,11.0,0.0
108.0,12.0,2.0,0.0,0.0,1.0,0.0,5.0,2.74,0.0
109.0,12.0,2.0,0.0,0.0,35.0,0.0,18.0,1888.43,1.0
109.0,12.0,2.0,0.0,0.0,1.0,0.0,5.0,16.83,0.0
111.0,12.0,2.0,0.0,0.0,1.0,0.0,5.0,18.62,0.0
159.0,12.0,2.0,0.0,0.0,1.0,0.0,5.0,4.91,0.0
160.0,12.0,2.0,0.0,0.0,1.0,0.0,5.0,37.33,0.0
161.0,12.0,2.0,0.0,0.0,6.0,0.0,6.0,541.61,1.0
161.0,12.0,2.0,0.0,0.0,1.0,0.0,5.0,19.09,0.0
162.0,12.0,2.0,0.0,0.0,1.0,0.0,5.0,25.9,0.0
144.0,15.0,2.0,1.0,0.0,0.0,0.0,5.0,13.19,0.0
145.0,15.0,2.0,1.0,0.0,0.0,0.0,5.0,16.57,0.0
146.0,15.0,2.0,1.0,0.0,13.0,0.0,14.0,164.04,1.0
146.0,15.0,2.0,1.0,0.0,0.0,0.0,5.0,52.39,0.0
147.0,15.0,2.0,1.0,0.0,0.0,0.0,5.0,30.54,0.0
150.0,15.0,2.0,1.0,0.0,0.0,0.0,5.0,10.74,0.0
151.0,15.0,2.0,1.0,0.0,0.0,0.0,5.0,54.91,0.0
152.0,15.0,2.0,1.0,0.0,22.0,0.0,12.0,1142.23,1.0
152.0,15.0,2.0,1.0,0.0,0.0,0.0,5.0,23.14,0.0
153.0,15.0,2.0,1.0,0.0,0.0,0.0,5.0,34.93,0.0
12.0,17.0,3.0,1.0,0.0,0.0,0.0,5.0,22.08,0.0
13.0,17.0,3.0,1.0,0.0,0.0,0.0,5.0,28.71,0.0
13.0,17.0,3.0,1.0,0.0,6.0,0.0,6.0,747.24,1.0
14.0,17.0,3.0,1.0,0.0,0.0,0.0,5.0,52.13,0.0
15.0,17.0,3.0,1.0,0.0,0.0,0.0,5.0,40.8,0.0
15.0,17.0,3.0,1.0,0.0,16.0,0.0,16.0,667.76,1.0
16.0,17.0,3.0,1.0,0.0,36.0,0.0,15.0,81.93,0.0
17.0,17.0,3.0,1.0,0.0,0.0,0.0,5.0,12.45,0.0
27.0,17.0,3.0,1.0,0.0,1.0,0.0,5.0,35.85,0.0
28.0,17.0,3.0,1.0,0.0,1.0,0.0,5.0,34.06,0.0
28.0,17.0,3.0,1.0,0.0,6.0,0.0,6.0,437.47,1.0
29.0,17.0,3.0,1.0,0.0,5.0,0.0,8.0,35.78,0.0
30.0,17.0,3.0,1.0,0.0,1.0,0.0,5.0,29.2,0.0
139.0,17.0,3.0,1.0,0.0,0.0,0.0,5.0,10.22,0.0
139.0,17.0,3.0,1.0,0.0,1.0,0.0,5.0,15.91,0.0
140.0,17.0,3.0,1.0,0.0,18.0,0.0,9.0,96.59,1.0
140.0,17.0,3.0,1.0,0.0,1.0,0.0,5.0,37.52,0.0
141.0,17.0,3.0,1.0,0.0,1.0,0.0,5.0,36.6,0.0
165.0,17.0,3.0,1.0,0.0,1.0,0.0,5.0,52.06,0.0
166.0,17.0,3.0,1.0,0.0,1.0,0.0,5.0,23.14,0.0
166.0,17.0,3.0,1.0,0.0,6.0,0.0,6.0,244.63,1.0
167.0,17.0,3.0,1.0,0.0,5.0,0.0,8.0,30.52,0.0
169.0,17.0,3.0,1.0,0.0,1.0,0.0,5.0,31.39,0.0
27.0,19.0,1.0,1.0,0.0,15.0,0.0,13.0,46.34,0.0
28.0,19.0,1.0,1.0,0.0,20.0,0.0,13.0,72.65,0.0
79.0,19.0,1.0,1.0,0.0,35.0,0.0,18.0,4574.72,1.0
81.0,19.0,1.0,1.0,0.0,12.0,0.0,13.0,56.68,0.0
95.0,19.0,1.0,1.0,0.0,6.0,0.0,6.0,113.71,0.0
137.0,19.0,1.0,1.0,0.0,1.0,0.0,5.0,62.75,0.0
138.0,19.0,1.0,1.0,0.0,40.0,0.0,16.0,13.69,0.0
139.0,19.0,1.0,1.0,0.0,13.0,0.0,14.0,85.87,1.0
139.0,19.0,1.0,1.0,0.0,1.0,0.0,5.0,9.96,0.0
140.0,19.0,1.0,1.0,0.0,1.0,0.0,5.0,70.81,0.0
121.0,25.0,2.0,0.0,0.0,0.0,0.0,5.0,26.46,0.0
122.0,25.0,2.0,0.0,0.0,0.0,0.0,5.0,30.54,0.0
123.0,25.0,2.0,0.0,0.0,20.0,0.0,13.0,436.48,1.0
123.0,25.0,2.0,0.0,0.0,0.0,0.0,5.0,36.26,0.0
124.0,25.0,2.0,0.0,0.0,15.0,0.0,13.0,66.89,0.0
137.0,25.0,2.0,0.0,0.0,0.0,0.0,5.0,31.93,0.0
138.0,25.0,2.0,0.0,0.0,0.0,0.0,5.0,17.86,0.0
140.0,25.0,2.0,0.0,0.0,35.0,0.0,18.0,1473.49,1.0
140.0,25.0,2.0,0.0,0.0,0.0,0.0,5.0,33.62,0.0
141.0,25.0,2.0,0.0,0.0,0.0,0.0,5.0,26.42,0.0
9.0,26.0,0.0,0.0,0.0,13.0,0.0,14.0,3.29,0.0
10.0,26.0,0.0,0.0,0.0,20.0,0.0,13.0,22.45,0.0
40.0,26.0,0.0,0.0,0.0,30.0,0.0,16.0,527.29,1.0
40.0,26.0,0.0,0.0,0.0,0.0,0.0,5.0,17.3,0.0
41.0,26.0,0.0,0.0,0.0,0.0,0.0,5.0,12.46,0.0
97.0,33.0,1.0,1.0,0.0,12.0,0.0,13.0,129.47,0.0
108.0,33.0,1.0,1.0,0.0,3.0,0.0,7.0,44.18,0.0
121.0,33.0,1.0,1.0,0.0,35.0,0.0,18.0,4997.46,1.0
125.0,33.0,1.0,1.0,0.0,6.0,0.0,6.0,173.56,0.0
125.0,33.0,1.0,1.0,0.0,4.0,0.0,6.0,73.61,0.0
170.0,33.0,1.0,1.0,0.0,42.0,0.0,6.0,41.15,0.0
171.0,33.0,1.0,1.0,0.0,1.0,0.0,5.0,22.49,0.0
172.0,33.0,1.0,1.0,0.0,6.0,0.0,6.0,184.71,1.0
172.0,33.0,1.0,1.0,0.0,1.0,0.0,5.0,20.61,0.0
173.0,33.0,1.0,1.0,0.0,1.0,0.0,5.0,32.43,0.0
115.0,35.0,3.0,1.0,0.0,7.0,0.0,6.0,122.4,0.0
115.0,35.0,3.0,1.0,0.0,2.0,0.0,6.0,1.34,0.0
163.0,35.0,3.0,1.0,0.0,20.0,0.0,13.0,160.89,1.0
32.0,38.0,1.0,1.0,0.0,0.0,0.0,5.0,14.89,0.0
33.0,38.0,1.0,1.0,0.0,9.0,0.0,10.0,8.62,0.0
34.0,38.0,1.0,1.0,0.0,6.0,0.0,6.0,885.85,1.0
34.0,38.0,1.0,1.0,0.0,0.0,0.0,5.0,35.19,0.0
35.0,38.0,1.0,1.0,0.0,0.0,0.0,5.0,22.08,0.0
102.0,38.0,1.0,1.0,0.0,0.0,0.0,5.0,25.08,0.0
103.0,38.0,1.0,1.0,0.0,0.0,0.0,5.0,44.17,0.0
104.0,38.0,1.0,1.0,0.0,38.0,0.0,19.0,342.95,1.0
104.0,38.0,1.0,1.0,0.0,0.0,0.0,5.0,9.23,0.0
105.0,38.0,1.0,1.0,0.0,0.0,0.0,5.0,33.25,0.0
12.0,39.0,3.0,1.0,0.0,9.0,0.0,10.0,90.85,0.0
13.0,39.0,3.0,1.0,0.0,20.0,0.0,13.0,0.58,0.0
13.0,39.0,3.0,1.0,0.0,20.0,0.0,13.0,401.78,1.0
14.0,39.0,3.0,1.0,0.0,12.0,0.0,13.0,57.43,0.0
27.0,39.0,3.0,1.0,0.0,6.0,0.0,6.0,503.28,1.0
27.0,39.0,3.0,1.0,0.0,12.0,0.0,13.0,33.07,0.0
27.0,39.0,3.0,1.0,0.0,20.0,0.0,13.0,92.84,0.0
27.0,39.0,3.0,1.0,0.0,21.0,0.0,13.0,29.42,0.0
33.0,39.0,3.0,1.0,0.0,22.0,0.0,12.0,632.59,1.0
51.0,39.0,3.0,1.0,0.0,13.0,0.0,14.0,16.07,0.0
52.0,39.0,3.0,1.0,0.0,0.0,0.0,5.0,55.39,0.0
57.0,39.0,3.0,1.0,0.0,0.0,0.0,5.0,21.21,0.0
58.0,39.0,3.0,1.0,0.0,0.0,0.0,5.0,17.34,0.0
60.0,39.0,3.0,1.0,0.0,11.0,0.0,12.0,591.42,1.0
61.0,39.0,3.0,1.0,0.0,15.0,0.0,13.0,144.25,0.0
61.0,39.0,3.0,1.0,0.0,44.0,0.0,13.0,55.91,0.0
65.0,39.0,3.0,1.0,0.0,0.0,0.0,5.0,40.28,0.0
66.0,39.0,3.0,1.0,0.0,0.0,0.0,5.0,33.88,0.0
67.0,39.0,3.0,1.0,0.0,22.0,0.0,12.0,126.01,1.0
67.0,39.0,3.0,1.0,0.0,0.0,0.0,5.0,2.81,0.0
68.0,39.0,3.0,1.0,0.0,0.0,0.0,5.0,29.18,0.0
86.0,39.0,3.0,1.0,0.0,0.0,0.0,5.0,46.71,0.0
87.0,39.0,3.0,1.0,0.0,0.0,0.0,5.0,31.77,0.0
87.0,39.0,3.0,1.0,0.0,13.0,0.0,14.0,216.05,1.0
88.0,39.0,3.0,1.0,0.0,0.0,0.0,5.0,20.18,0.0
89.0,39.0,3.0,1.0,0.0,0.0,0.0,5.0,11.79,0.0
128.0,39.0,3.0,1.0,0.0,1.0,0.0,5.0,22.12,0.0
129.0,39.0,3.0,1.0,0.0,1.0,0.0,5.0,3.15,0.0
129.0,39.0,3.0,1.0,0.0,38.0,0.0,19.0,305.98,1.0
130.0,39.0,3.0,1.0,0.0,1.0,0.0,5.0,41.42,0.0
132.0,39.0,3.0,1.0,0.0,1.0,0.0,5.0,21.38,0.0
177.0,43.0,2.0,0.0,0.0,23.0,0.0,9.0,56.88,0.0
177.0,43.0,2.0,0.0,0.0,43.0,0.0,9.0,132.93,0.0
177.0,43.0,2.0,0.0,0.0,6.0,0.0,6.0,360.03,1.0
178.0,43.0,2.0,0.0,0.0,0.0,0.0,5.0,44.8,0.0
178.0,43.0,2.0,0.0,0.0,1.0,0.0,5.0,26.43,0.0
83.0,45.0,0.0,1.0,0.0,0.0,0.0,5.0,54.02,0.0
84.0,45.0,0.0,1.0,0.0,0.0,0.0,5.0,28.07,0.0
87.0,45.0,0.0,1.0,0.0,9.0,0.0,10.0,384.62,1.0
87.0,45.0,0.0,1.0,0.0,0.0,0.0,5.0,15.59,0.0
88.0,45.0,0.0,1.0,0.0,23.0,0.0,9.0,45.92,0.0
146.0,45.0,0.0,1.0,0.0,0.0,0.0,5.0,22.7,0.0
147.0,45.0,0.0,1.0,0.0,0.0,0.0,5.0,36.84,0.0
147.0,45.0,0.0,1.0,0.0,25.0,0.0,15.0,305.05,1.0
148.0,45.0,0.0,1.0,0.0,0.0,0.0,5.0,10.38,0.0
149.0,45.0,0.0,1.0,0.0,13.0,0.0,14.0,115.63,0.0
21.0,49.0,1.0,0.0,0.0,25.0,0.0,15.0,22.49,0.0
63.0,49.0,1.0,0.0,0.0,12.0,0.0,13.0,152.98,0.0
67.0,49.0,1.0,0.0,0.0,6.0,0.0,6.0,217.42,1.0
70.0,49.0,1.0,0.0,0.0,6.0,0.0,6.0,76.22,0.0
84.0,49.0,1.0,0.0,0.0,17.0,0.0,9.0,175.76,0.0
111.0,49.0,1.0,0.0,0.0,12.0,0.0,13.0,86.79,0.0
111.0,49.0,1.0,0.0,0.0,20.0,0.0,13.0,31.99,0.0
120.0,49.0,1.0,0.0,0.0,6.0,0.0,6.0,118.67,1.0
124.0,49.0,1.0,0.0,0.0,9.0,0.0,10.0,6.97,0.0
122.0,49.0,1.0,0.0,0.0,22.0,0.0,12.0,322.72,1.0
125.0,49.0,1.0,0.0,0.0,0.0,0.0,5.0,56.4,0.0
158.0,49.0,1.0,0.0,0.0,1.0,0.0,5.0,20.86,0.0
159.0,49.0,1.0,0.0,0.0,1.0,0.0,5.0,29.14,0.0
159.0,49.0,1.0,0.0,0.0,35.0,0.0,18.0,962.69,1.0
160.0,49.0,1.0,0.0,0.0,5.0,0.0,8.0,30.19,0.0
161.0,49.0,1.0,0.0,0.0,5.0,0.0,8.0,17.15,0.0
175.0,49.0,1.0,0.0,0.0,5.0,0.0,8.0,53.7,0.0
176.0,49.0,1.0,0.0,0.0,1.0,0.0,5.0,15.95,0.0
176.0,49.0,1.0,0.0,0.0,22.0,0.0,12.0,78.3,1.0
177.0,49.0,1.0,0.0,0.0,1.0,0.0,5.0,4.38,0.0
178.0,49.0,1.0,0.0,0.0,1.0,0.0,5.0,14.73,0.0
111.0,50.0,1.0,1.0,0.0,0.0,0.0,5.0,20.36,0.0
112.0,50.0,1.0,1.0,0.0,9.0,0.0,10.0,15.09,0.0
113.0,50.0,1.0,1.0,0.0,6.0,0.0,6.0,45.74,1.0
113.0,50.0,1.0,1.0,0.0,0.0,0.0,5.0,8.59,0.0
114.0,50.0,1.0,1.0,0.0,32.0,0.0,11.0,52.95,0.0
174.0,50.0,1.0,1.0,0.0,1.0,0.0,5.0,60.21,0.0
175.0,50.0,1.0,1.0,0.0,1.0,0.0,5.0,36.87,0.0
176.0,50.0,1.0,1.0,0.0,20.0,0.0,13.0,431.3,1.0
176.0,50.0,1.0,1.0,0.0,1.0,0.0,5.0,16.03,0.0
177.0,50.0,1.0,1.0,0.0,14.0,0.0,15.0,80.98,0.0
112.0,65.0,5.0,0.0,0.0,6.0,0.0,6.0,126.88,0.0
112.0,65.0,5.0,0.0,0.0,7.0,0.0,6.0,116.7,0.0
150.0,65.0,5.0,0.0,0.0,19.0,0.0,9.0,107.05,1.0
155.0,65.0,5.0,0.0,0.0,20.0,0.0,13.0,84.87,0.0
166.0,65.0,5.0,0.0,0.0,9.0,0.0,10.0,17.33,0.0
168.0,65.0,5.0,0.0,0.0,0.0,0.0,5.0,36.78,0.0
169.0,65.0,5.0,0.0,0.0,0.0,0.0,5.0,4.43,0.0
169.0,65.0,5.0,0.0,0.0,26.0,0.0,12.0,196.92,1.0
170.0,65.0,5.0,0.0,0.0,0.0,0.0,5.0,23.26,0.0
170.0,65.0,5.0,0.0,0.0,6.0,0.0,6.0,824.33,1.0
171.0,65.0,5.0,0.0,0.0,0.0,0.0,5.0,11.83,0.0
172.0,65.0,5.0,0.0,0.0,0.0,0.0,5.0,44.2,0.0
91.0,69.0,3.0,1.0,0.0,12.0,0.0,13.0,59.94,0.0
95.0,69.0,3.0,1.0,0.0,16.0,0.0,16.0,140.03,0.0
99.0,69.0,3.0,1.0,0.0,2.0,0.0,6.0,514.78,1.0
105.0,69.0,3.0,1.0,0.0,0.0,0.0,5.0,45.72,0.0
100.0,69.0,3.0,1.0,0.0,27.0,0.0,12.0,134.47,1.0
106.0,69.0,3.0,1.0,0.0,0.0,0.0,5.0,30.31,0.0
109.0,69.0,3.0,1.0,0.0,0.0,0.0,5.0,19.28,0.0
110.0,69.0,3.0,1.0,0.0,0.0,0.0,5.0,18.84,0.0
110.0,69.0,3.0,1.0,0.0,17.0,0.0,9.0,413.93,1.0
111.0,69.0,3.0,1.0,0.0,0.0,0.0,5.0,13.23,0.0
112.0,69.0,3.0,1.0,0.0,0.0,0.0,5.0,11.55,0.0
4.0,71.0,1.0,1.0,0.0,9.0,0.0,10.0,62.75,0.0
5.0,71.0,1.0,1.0,0.0,7.0,0.0,6.0,1.01,0.0
22.0,71.0,1.0,1.0,0.0,6.0,0.0,6.0,597.47,1.0
23.0,71.0,1.0,1.0,0.0,7.0,0.0,6.0,127.94,0.0
30.0,71.0,1.0,1.0,0.0,25.0,0.0,15.0,133.84,1.0
37.0,71.0,1.0,1.0,0.0,20.0,0.0,13.0,78.79,0.0
44.0,71.0,1.0,1.0,0.0,6.0,0.0,6.0,208.44,0.0
54.0,71.0,1.0,1.0,0.0,25.0,0.0,15.0,1.82,0.0
61.0,71.0,1.0,1.0,0.0,10.0,0.0,11.0,114.23,1.0
89.0,71.0,1.0,1.0,0.0,30.0,0.0,16.0,26.75,0.0
69.0,71.0,1.0,1.0,0.0,12.0,0.0,13.0,477.12,1.0
117.0,71.0,1.0,1.0,0.0,13.0,0.0,14.0,15.7,0.0
122.0,71.0,1.0,1.0,0.0,0.0,0.0,5.0,43.49,0.0
123.0,71.0,1.0,1.0,0.0,9.0,0.0,10.0,18.16,0.0
123.0,71.0,1.0,1.0,0.0,13.0,0.0,14.0,68.12,1.0
124.0,71.0,1.0,1.0,0.0,0.0,0.0,5.0,3.69,0.0
125.0,71.0,1.0,1.0,0.0,9.0,0.0,10.0,53.6,0.0
135.0,71.0,1.0,1.0,0.0,0.0,0.0,5.0,5.64,0.0
137.0,71.0,1.0,1.0,0.0,0.0,0.0,5.0,2.69,0.0
137.0,71.0,1.0,1.0,0.0,6.0,0.0,6.0,16.45,1.0
138.0,71.0,1.0,1.0,0.0,0.0,0.0,5.0,6.96,0.0
139.0,71.0,1.0,1.0,0.0,0.0,0.0,5.0,8.51,0.0
128.0,72.0,1.0,1.0,0.0,0.0,0.0,5.0,6.1,0.0
129.0,72.0,1.0,1.0,0.0,13.0,0.0,14.0,9.13,0.0
130.0,72.0,1.0,1.0,0.0,18.0,0.0,9.0,649.38,1.0
130.0,72.0,1.0,1.0,0.0,0.0,0.0,5.0,37.49,0.0
131.0,72.0,1.0,1.0,0.0,0.0,0.0,5.0,28.29,0.0
150.0,72.0,1.0,1.0,0.0,1.0,0.0,5.0,1.89,0.0
151.0,72.0,1.0,1.0,0.0,1.0,0.0,5.0,23.75,0.0
152.0,72.0,1.0,1.0,0.0,35.0,0.0,18.0,554.48,1.0
152.0,72.0,1.0,1.0,0.0,1.0,0.0,5.0,32.59,0.0
154.0,72.0,1.0,1.0,0.0,1.0,0.0,5.0,5.08,0.0
110.0,73.0,1.0,0.0,0.0,5.0,0.0,8.0,56.12,0.0
111.0,73.0,1.0,0.0,0.0,1.0,0.0,5.0,21.1,0.0
111.0,73.0,1.0,0.0,0.0,3.0,0.0,7.0,679.76,1.0
112.0,73.0,1.0,0.0,0.0,1.0,0.0,5.0,2.35,0.0
113.0,73.0,1.0,0.0,0.0,1.0,0.0,5.0,28.51,0.0
142.0,84.0,3.0,0.0,0.0,0.0,0.0,5.0,14.36,0.0
144.0,84.0,3.0,0.0,0.0,15.0,0.0,13.0,115.52,0.0
145.0,84.0,3.0,0.0,0.0,20.0,0.0,13.0,132.66,1.0
146.0,84.0,3.0,0.0,0.0,0.0,0.0,5.0,65.09,0.0
147.0,84.0,3.0,0.0,0.0,0.0,0.0,5.0,3.63,0.0
148.0,84.0,3.0,0.0,0.0,0.0,0.0,5.0,7.43,0.0
149.0,84.0,3.0,0.0,0.0,0.0,0.0,5.0,15.48,0.0
150.0,84.0,3.0,0.0,0.0,22.0,0.0,12.0,442.42,1.0
150.0,84.0,3.0,0.0,0.0,9.0,0.0,10.0,26.12,0.0
151.0,84.0,3.0,0.0,0.0,0.0,0.0,5.0,4.63,0.0
0.0,88.0,2.0,0.0,0.0,6.0,0.0,6.0,44.26,1.0
0.0,88.0,2.0,0.0,0.0,25.0,0.0,15.0,81.67,0.0
0.0,88.0,2.0,0.0,0.0,6.0,0.0,6.0,667.09,1.0
1.0,88.0,2.0,0.0,0.0,38.0,0.0,19.0,285.16,1.0
1.0,88.0,2.0,0.0,0.0,6.0,0.0,6.0,149.11,1.0
3.0,88.0,2.0,0.0,0.0,35.0,0.0,18.0,5107.7,1.0
6.0,88.0,2.0,0.0,0.0,6.0,0.0,6.0,247.2,0.0
4.0,88.0,2.0,0.0,0.0,35.0,0.0,18.0,175.72,1.0
14.0,88.0,2.0,0.0,0.0,6.0,0.0,6.0,298.04,1.0
26.0,88.0,2.0,0.0,0.0,3.0,0.0,7.0,102.08,0.0
31.0,88.0,2.0,0.0,0.0,22.0,0.0,12.0,715.67,1.0
32.0,88.0,2.0,0.0,0.0,16.0,0.0,16.0,80.83,0.0
37.0,88.0,2.0,0.0,0.0,0.0,0.0,5.0,35.22,0.0
47.0,88.0,2.0,0.0,0.0,0.0,0.0,5.0,34.11,0.0
48.0,88.0,2.0,0.0,0.0,0.0,0.0,5.0,26.99,0.0
49.0,88.0,2.0,0.0,0.0,17.0,0.0,9.0,840.03,1.0
50.0,88.0,2.0,0.0,0.0,0.0,0.0,5.0,1.97,0.0
51.0,88.0,2.0,0.0,0.0,0.0,0.0,5.0,12.23,0.0
68.0,88.0,2.0,0.0,0.0,0.0,0.0,5.0,5.96,0.0
69.0,88.0,2.0,0.0,0.0,0.0,0.0,5.0,2.64,0.0
70.0,88.0,2.0,0.0,0.0,35.0,0.0,18.0,2462.53,1.0
71.0,88.0,2.0,0.0,0.0,0.0,0.0,5.0,1.82,0.0
72.0,88.0,2.0,0.0,0.0,0.0,0.0,5.0,19.58,0.0
74.0,88.0,2.0,0.0,0.0,0.0,0.0,5.0,40.12,0.0
75.0,88.0,2.0,0.0,0.0,0.0,0.0,5.0,21.42,0.0
76.0,88.0,2.0,0.0,0.0,15.0,0.0,13.0,13.07,1.0
76.0,88.0,2.0,0.0,0.0,0.0,0.0,5.0,7.51,0.0
77.0,88.0,2.0,0.0,0.0,0.0,0.0,5.0,47.74,0.0
97.0,88.0,2.0,0.0,0.0,0.0,0.0,5.0,13.54,0.0
98.0,88.0,2.0,0.0,0.0,0.0,0.0,5.0,29.96,0.0
99.0,88.0,2.0,0.0,0.0,11.0,0.0,12.0,168.76,1.0
99.0,88.0,2.0,0.0,0.0,0.0,0.0,5.0,30.9,0.0
100.0,88.0,2.0,0.0,0.0,0.0,0.0,5.0,32.23,0.0
129.0,88.0,2.0,0.0,0.0,0.0,0.0,5.0,54.43,0.0
130.0,88.0,2.0,0.0,0.0,9.0,0.0,10.0,5.21,0.0
130.0,88.0,2.0,0.0,0.0,26.0,0.0,12.0,649.99,1.0
132.0,88.0,2.0,0.0,0.0,7.0,0.0,6.0,43.02,0.0
136.0,88.0,2.0,0.0,0.0,9.0,0.0,10.0,72.91,0.0
0.0,89.0,2.0,0.0,0.0,6.0,0.0,6.0,324.5,1.0
1.0,89.0,2.0,0.0,0.0,12.0,0.0,13.0,73.38,0.0
13.0,89.0,2.0,0.0,0.0,12.0,0.0,13.0,213.82,1.0
48.0,89.0,2.0,0.0,0.0,17.0,0.0,9.0,38.13,0.0
62.0,89.0,2.0,0.0,0.0,13.0,0.0,14.0,328.36,1.0
71.0,89.0,2.0,0.0,0.0,7.0,0.0,6.0,223.03,0.0
68.0,89.0,2.0,0.0,0.0,22.0,0.0,12.0,290.42,1.0
78.0,89.0,2.0,0.0,0.0,7.0,0.0,6.0,364.39,0.0
78.0,89.0,2.0,0.0,0.0,2.0,0.0,6.0,166.88,0.0
82.0,89.0,2.0,0.0,0.0,6.0,0.0,6.0,486.96,1.0
83.0,89.0,2.0,0.0,0.0,6.0,0.0,6.0,114.01,0.0
104.0,89.0,2.0,0.0,0.0,18.0,0.0,9.0,80.13,0.0
115.0,89.0,2.0,0.0,0.0,6.0,0.0,6.0,767.8,1.0
118.0,89.0,2.0,0.0,0.0,6.0,0.0,6.0,192.74,0.0
118.0,89.0,2.0,0.0,0.0,2.0,0.0,6.0,79.19,0.0
126.0,89.0,2.0,0.0,0.0,7.0,0.0,6.0,29.41,0.0
126.0,89.0,2.0,0.0,0.0,2.0,0.0,6.0,4.41,0.0
135.0,89.0,2.0,0.0,0.0,3.0,0.0,7.0,48.31,1.0
136.0,89.0,2.0,0.0,0.0,6.0,0.0,6.0,151.83,1.0
154.0,89.0,2.0,0.0,0.0,13.0,0.0,14.0,6.52,0.0
149.0,89.0,2.0,0.0,0.0,3.0,0.0,7.0,536.66,1.0
155.0,89.0,2.0,0.0,0.0,0.0,0.0,5.0,50.59,0.0
157.0,89.0,2.0,0.0,0.0,0.0,0.0,5.0,26.23,0.0
158.0,89.0,2.0,0.0,0.0,0.0,0.0,5.0,5.93,0.0
158.0,89.0,2.0,0.0,0.0,22.0,0.0,12.0,189.19,1.0
159.0,89.0,2.0,0.0,0.0,0.0,0.0,5.0,27.18,0.0
160.0,89.0,2.0,0.0,0.0,32.0,0.0,11.0,111.09,0.0
161.0,89.0,2.0,0.0,0.0,38.0,0.0,19.0,300.15,1.0
161.0,89.0,2.0,0.0,0.0,0.0,0.0,5.0,42.93,0.0
161.0,89.0,2.0,0.0,0.0,1.0,0.0,5.0,48.03,0.0
162.0,89.0,2.0,0.0,0.0,1.0,0.0,5.0,9.52,0.0
163.0,89.0,2.0,0.0,0.0,28.0,0.0,13.0,80.61,0.0
164.0,89.0,2.0,0.0,0.0,17.0,0.0,9.0,272.48,1.0
164.0,89.0,2.0,0.0,0.0,0.0,0.0,5.0,6.35,0.0
164.0,89.0,2.0,0.0,0.0,1.0,0.0,5.0,20.26,0.0
165.0,89.0,2.0,0.0,0.0,1.0,0.0,5.0,1.13,0.0
166.0,89.0,2.0,0.0,0.0,1.0,0.0,5.0,26.58,0.0
166.0,89.0,2.0,0.0,0.0,22.0,0.0,12.0,140.05,1.0
167.0,89.0,2.0,0.0,0.0,1.0,0.0,5.0,36.77,0.0
168.0,89.0,2.0,0.0,0.0,1.0,0.0,5.0,53.36,0.0
170.0,89.0,2.0,0.0,0.0,1.0,0.0,5.0,15.64,0.0
171.0,89.0,2.0,0.0,0.0,28.0,0.0,13.0,157.85,0.0
172.0,89.0,2.0,0.0,0.0,17.0,0.0,9.0,636.65,1.0
172.0,89.0,2.0,0.0,0.0,0.0,0.0,5.0,24.72,0.0
172.0,89.0,2.0,0.0,0.0,1.0,0.0,5.0,22.15,0.0
30.0,93.0,2.0,1.0,0.0,26.0,0.0,12.0,95.46,0.0
36.0,93.0,2.0,1.0,0.0,2.0,0.0,6.0,45.66,0.0
38.0,93.0,2.0,1.0,0.0,22.0,0.0,12.0,53.79,1.0
55.0,93.0,2.0,1.0,0.0,12.0,0.0,13.0,7.23,0.0
64.0,93.0,2.0,1.0,0.0,3.0,0.0,7.0,36.36,0.0
73.0,93.0,2.0,1.0,0.0,6.0,0.0,6.0,51.54,0.0
81.0,93.0,2.0,1.0,0.0,6.0,0.0,6.0,306.48,1.0
97.0,93.0,2.0,1.0,0.0,12.0,0.0,13.0,32.5,0.0
97.0,93.0,2.0,1.0,0.0,20.0,0.0,13.0,28.16,0.0
101.0,93.0,2.0,1.0,0.0,6.0,0.0,6.0,99.6,0.0
101.0,93.0,2.0,1.0,0.0,7.0,0.0,6.0,19.07,0.0
106.0,93.0,2.0,1.0,0.0,21.0,0.0,13.0,118.07,1.0
127.0,93.0,2.0,1.0,0.0,9.0,0.0,10.0,102.87,0.0
128.0,93.0,2.0,1.0,0.0,0.0,0.0,5.0,19.62,0.0
150.0,93.0,2.0,1.0,0.0,0.0,0.0,5.0,1.72,0.0
151.0,93.0,2.0,1.0,0.0,0.0,0.0,5.0,24.34,0.0
153.0,93.0,2.0,1.0,0.0,6.0,0.0,6.0,672.64,1.0
153.0,93.0,2.0,1.0,0.0,0.0,0.0,5.0,22.85,0.0
154.0,93.0,2.0,1.0,0.0,0.0,0.0,5.0,5.87,0.0
165.0,93.0,2.0,1.0,0.0,0.0,0.0,5.0,35.23,0.0
166.0,93.0,2.0,1.0,0.0,0.0,0.0,5.0,45.76,0.0
167.0,93.0,2.0,1.0,0.0,13.0,0.0,14.0,47.13,1.0
167.0,93.0,2.0,1.0,0.0,0.0,0.0,5.0,36.07,0.0
168.0,93.0,2.0,1.0,0.0,0.0,0.0,5.0,33.58,0.0
91.0,98.0,1.0,1.0,0.0,7.0,0.0,6.0,89.63,0.0
91.0,98.0,1.0,1.0,0.0,2.0,0.0,6.0,127.71,0.0
92.0,98.0,1.0,1.0,0.0,6.0,0.0,6.0,540.64,1.0
110.0,98.0,1.0,1.0,0.0,22.0,0.0,12.0,37.87,0.0
102.0,98.0,1.0,1.0,0.0,41.0,0.0,19.0,206.78,1.0
110.0,98.0,1.0,1.0,0.0,11.0,0.0,12.0,139.25,0.0
121.0,98.0,1.0,1.0,0.0,6.0,0.0,6.0,37.1,0.0
121.0,98.0,1.0,1.0,0.0,15.0,0.0,13.0,7.99,1.0
124.0,98.0,1.0,1.0,0.0,6.0,0.0,6.0,5.6,0.0
124.0,98.0,1.0,1.0,0.0,2.0,0.0,6.0,137.74,0.0
77.0,115.0,2.0,1.0,0.0,0.0,0.0,5.0,28.63,0.0
78.0,115.0,2.0,1.0,0.0,0.0,0.0,5.0,37.53,0.0
78.0,115.0,2.0,1.0,0.0,6.0,0.0,6.0,399.02,1.0
79.0,115.0,2.0,1.0,0.0,0.0,0.0,5.0,37.93,0.0
80.0,115.0,2.0,1.0,0.0,15.0,0.0,13.0,40.51,0.0
113.0,115.0,2.0,1.0,0.0,0.0,0.0,5.0,20.89,0.0
114.0,115.0,2.0,1.0,0.0,0.0,0.0,5.0,0.67,0.0
115.0,115.0,2.0,1.0,0.0,10.0,0.0,11.0,1305.35,1.0
115.0,115.0,2.0,1.0,0.0,0.0,0.0,5.0,23.91,0.0
116.0,115.0,2.0,1.0,0.0,0.0,0.0,5.0,48.15,0.0
161.0,115.0,2.0,1.0,0.0,1.0,0.0,5.0,32.38,0.0
162.0,115.0,2.0,1.0,0.0,1.0,0.0,5.0,23.67,0.0
163.0,115.0,2.0,1.0,0.0,6.0,0.0,6.0,63.78,1.0
163.0,115.0,2.0,1.0,0.0,4.0,0.0,6.0,34.93,0.0
163.0,115.0,2.0,1.0,0.0,42.0,0.0,6.0,48.62,0.0
0.0,127.0,4.0,1.0,0.0,8.0,0.0,9.0,114.54,0.0
15.0,127.0,4.0,1.0,0.0,35.0,0.0,18.0,813.14,1.0
25.0,127.0,4.0,1.0,0.0,8.0,0.0,9.0,97.29,0.0
25.0,127.0,4.0,1.0,0.0,19.0,0.0,9.0,99.4,0.0
29.0,127.0,4.0,1.0,0.0,9.0,0.0,10.0,8.89,0.0
30.0,127.0,4.0,1.0,0.0,0.0,0.0,5.0,20.2,0.0
30.0,127.0,4.0,1.0,0.0,22.0,0.0,12.0,51.79,1.0
31.0,127.0,4.0,1.0,0.0,13.0,0.0,14.0,74.89,0.0
32.0,127.0,4.0,1.0,0.0,0.0,0.0,5.0,37.84,0.0
74.0,127.0,4.0,1.0,0.0,13.0,0.0,14.0,49.47,0.0
75.0,127.0,4.0,1.0,0.0,0.0,0.0,5.0,8.96,0.0
77.0,127.0,4.0,1.0,0.0,38.0,0.0,19.0,154.59,1.0
77.0,127.0,4.0,1.0,0.0,0.0,0.0,5.0,59.09,0.0
78.0,127.0,4.0,1.0,0.0,0.0,0.0,5.0,56.54,0.0
5.0,129.0,4.0,1.0,0.0,0.0,0.0,5.0,4.17,0.0
6.0,129.0,4.0,1.0,0.0,9.0,0.0,10.0,15.66,0.0
8.0,129.0,4.0,1.0,0.0,9.0,0.0,10.0,95.03,1.0
8.0,129.0,4.0,1.0,0.0,0.0,0.0,5.0,3.36,0.0
9.0,129.0,4.0,1.0,0.0,0.0,0.0,5.0,36.79,0.0
9.0,129.0,4.0,1.0,0.0,22.0,0.0,12.0,38.66,1.0
10.0,129.0,4.0,1.0,0.0,0.0,0.0,5.0,34.8,0.0
10.0,129.0,4.0,1.0,0.0,38.0,0.0,19.0,320.67,1.0
11.0,129.0,4.0,1.0,0.0,0.0,0.0,5.0,12.43,0.0
20.0,129.0,4.0,1.0,0.0,0.0,0.0,5.0,28.91,0.0
22.0,129.0,4.0,1.0,0.0,0.0,0.0,5.0,13.72,0.0
23.0,129.0,4.0,1.0,0.0,3.0,0.0,7.0,427.7,1.0
25.0,129.0,4.0,1.0,0.0,0.0,0.0,5.0,36.66,0.0
26.0,129.0,4.0,1.0,0.0,0.0,0.0,5.0,8.2,0.0
26.0,129.0,4.0,1.0,0.0,35.0,0.0,18.0,907.98,1.0
27.0,129.0,4.0,1.0,0.0,0.0,0.0,5.0,0.44,0.0
28.0,129.0,4.0,1.0,0.0,27.0,0.0,12.0,37.82,0.0
35.0,129.0,4.0,1.0,0.0,0.0,0.0,5.0,2.05,0.0
36.0,129.0,4.0,1.0,0.0,9.0,0.0,10.0,94.47,0.0
37.0,129.0,4.0,1.0,0.0,41.0,0.0,19.0,350.58,1.0
38.0,129.0,4.0,1.0,0.0,0.0,0.0,5.0,23.56,0.0
39.0,129.0,4.0,1.0,0.0,0.0,0.0,5.0,52.2,0.0
69.0,129.0,4.0,1.0,0.0,1.0,0.0,5.0,29.58,0.0
71.0,129.0,4.0,1.0,0.0,5.0,0.0,8.0,54.49,0.0
72.0,129.0,4.0,1.0,0.0,6.0,0.0,6.0,743.14,1.0
72.0,129.0,4.0,1.0,0.0,1.0,0.0,5.0,51.67,0.0
73.0,129.0,4.0,1.0,0.0,1.0,0.0,5.0,22.98,0.0
122.0,129.0,4.0,1.0,0.0,1.0,0.0,5.0,29.48,0.0
123.0,129.0,4.0,1.0,0.0,1.0,0.0,5.0,2.04,0.0
124.0,129.0,4.0,1.0,0.0,15.0,0.0,13.0,105.64,1.0
124.0,129.0,4.0,1.0,0.0,1.0,0.0,5.0,29.79,0.0
125.0,129.0,4.0,1.0,0.0,1.0,0.0,5.0,20.22,0.0
126.0,129.0,4.0,1.0,0.0,1.0,0.0,5.0,60.71,0.0
126.0,129.0,4.0,1.0,0.0,6.0,0.0,6.0,60.63,1.0
127.0,129.0,4.0,1.0,0.0,1.0,0.0,5.0,29.79,0.0
128.0,129.0,4.0,1.0,0.0,1.0,0.0,5.0,12.0,0.0
132.0,129.0,4.0,1.0,0.0,1.0,0.0,5.0,20.09,0.0
133.0,129.0,4.0,1.0,0.0,1.0,0.0,5.0,11.31,0.0
134.0,129.0,4.0,1.0,0.0,35.0,0.0,18.0,203.72,1.0
134.0,129.0,4.0,1.0,0.0,1.0,0.0,5.0,3.97,0.0
135.0,129.0,4.0,1.0,0.0,5.0,0.0,8.0,21.37,0.0
156.0,129.0,4.0,1.0,0.0,1.0,0.0,5.0,52.7,0.0
157.0,129.0,4.0,1.0,0.0,1.0,0.0,5.0,61.89,0.0
157.0,129.0,4.0,1.0,0.0,9.0,0.0,10.0,335.5,1.0
158.0,129.0,4.0,1.0,0.0,1.0,0.0,5.0,47.1,0.0
159.0,129.0,4.0,1.0,0.0,1.0,0.0,5.0,12.78,0.0
160.0,135.0,1.0,1.0,0.0,3.0,0.0,7.0,11.24,0.0
178.0,135.0,1.0,1.0,0.0,13.0,0.0,14.0,87.97,0.0
179.0,135.0,1.0,1.0,0.0,17.0,0.0,9.0,291.93,1.0
179.0,135.0,1.0,1.0,0.0,5.0,0.0,8.0,65.32,0.0
43.0,136.0,0.0,1.0,0.0,0.0,0.0,5.0,44.6,0.0
44.0,136.0,0.0,1.0,0.0,0.0,0.0,5.0,31.67,0.0
44.0,136.0,0.0,1.0,0.0,3.0,0.0,7.0,414.43,1.0
45.0,136.0,0.0,1.0,0.0,0.0,0.0,5.0,27.82,0.0
46.0,136.0,0.0,1.0,0.0,0.0,0.0,5.0,38.13,0.0
98.0,136.0,0.0,1.0,0.0,1.0,0.0,5.0,37.09,0.0
99.0,136.0,0.0,1.0,0.0,1.0,0.0,5.0,14.64,0.0
100.0,136.0,0.0,1.0,0.0,39.0,0.0,18.0,5115.16,1.0
101.0,136.0,0.0,1.0,0.0,1.0,0.0,5.0,14.89,0.0
103.0,136.0,0.0,1.0,0.0,4.0,0.0,6.0,50.39,0.0
15.0,138.0,3.0,0.0,0.0,6.0,0.0,6.0,253.29,0.0
24.0,138.0,3.0,0.0,0.0,18.0,0.0,9.0,38.51,0.0
32.0,138.0,3.0,0.0,0.0,18.0,0.0,9.0,96.92,1.0
37.0,138.0,3.0,0.0,0.0,6.0,0.0,6.0,85.38,0.0
37.0,138.0,3.0,0.0,0.0,2.0,0.0,6.0,48.13,0.0
51.0,138.0,3.0,0.0,0.0,20.0,0.0,13.0,78.25,0.0
51.0,138.0,3.0,0.0,0.0,21.0,0.0,13.0,5.82,0.0
114.0,138.0,3.0,0.0,0.0,6.0,0.0,6.0,798.31,1.0
124.0,138.0,3.0,0.0,0.0,13.0,0.0,14.0,38.42,0.0
125.0,138.0,3.0,0.0,0.0,0.0,0.0,5.0,22.47,0.0
168.0,138.0,3.0,0.0,0.0,0.0,0.0,5.0,27.98,0.0
169.0,138.0,3.0,0.0,0.0,36.0,0.0,15.0,77.17,0.0
170.0,138.0,3.0,0.0,0.0,35.0,0.0,18.0,2135.69,1.0
170.0,138.0,3.0,0.0,0.0,0.0,0.0,5.0,32.46,0.0
170.0,138.0,3.0,0.0,0.0,1.0,0.0,5.0,29.62,0.0
162.0,144.0,1.0,0.0,0.0,1.0,0.0,5.0,13.75,0.0
163.0,144.0,1.0,0.0,0.0,1.0,0.0,5.0,20.68,0.0
163.0,144.0,1.0,0.0,0.0,22.0,0.0,12.0,312.54,1.0
164.0,144.0,1.0,0.0,0.0,1.0,0.0,5.0,1.35,0.0
165.0,144.0,1.0,0.0,0.0,1.0,0.0,5.0,45.23,0.0
0.0,153.0,4.0,1.0,0.0,11.0,0.0,12.0,11.83,0.0
21.0,153.0,4.0,1.0,0.0,17.0,0.0,9.0,228.7,1.0
25.0,153.0,4.0,1.0,0.0,6.0,0.0,6.0,81.97,0.0
32.0,153.0,4.0,1.0,0.0,3.0,0.0,7.0,338.43,1.0
36.0,153.0,4.0,1.0,0.0,12.0,0.0,13.0,176.08,0.0
38.0,153.0,4.0,1.0,0.0,6.0,0.0,6.0,163.31,0.0
57.0,153.0,4.0,1.0,0.0,7.0,0.0,6.0,111.49,0.0
61.0,153.0,4.0,1.0,0.0,20.0,0.0,13.0,77.0,0.0
63.0,153.0,4.0,1.0,0.0,39.0,0.0,18.0,5647.26,1.0
65.0,153.0,4.0,1.0,0.0,12.0,0.0,13.0,25.66,0.0
65.0,153.0,4.0,1.0,0.0,20.0,0.0,13.0,26.08,0.0
88.0,153.0,4.0,1.0,0.0,0.0,0.0,5.0,30.8,0.0
89.0,153.0,4.0,1.0,0.0,0.0,0.0,5.0,40.7,0.0
90.0,153.0,4.0,1.0,0.0,45.0,0.0,18.0,3648.51,1.0
90.0,153.0,4.0,1.0,0.0,0.0,0.0,5.0,14.51,0.0
91.0,153.0,4.0,1.0,0.0,0.0,0.0,5.0,28.28,0.0
177.0,154.0,4.0,0.0,0.0,1.0,0.0,5.0,4.55,0.0
178.0,154.0,4.0,0.0,0.0,1.0,0.0,5.0,27.81,0.0
178.0,154.0,4.0,0.0,0.0,22.0,0.0,12.0,483.94,1.0
179.0,154.0,4.0,0.0,0.0,5.0,0.0,8.0,56.89,0.0
27.0,156.0,1.0,0.0,0.0,0.0,0.0,5.0,11.74,0.0
28.0,156.0,1.0,0.0,0.0,9.0,0.0,10.0,37.63,0.0
29.0,156.0,1.0,0.0,0.0,9.0,0.0,10.0,143.7,1.0
29.0,156.0,1.0,0.0,0.0,0.0,0.0,5.0,10.41,0.0
30.0,156.0,1.0,0.0,0.0,9.0,0.0,10.0,101.55,0.0
66.0,156.0,1.0,0.0,0.0,15.0,0.0,13.0,46.88,0.0
66.0,156.0,1.0,0.0,0.0,44.0,0.0,13.0,61.1,0.0
67.0,156.0,1.0,0.0,0.0,35.0,0.0,18.0,1543.31,1.0
69.0,156.0,1.0,0.0,0.0,30.0,0.0,16.0,200.65,0.0
72.0,156.0,1.0,0.0,0.0,9.0,0.0,10.0,13.95,0.0
107.0,156.0,1.0,0.0,0.0,0.0,0.0,5.0,44.65,0.0
108.0,156.0,1.0,0.0,0.0,0.0,0.0,5.0,12.92,0.0
109.0,156.0,1.0,0.0,0.0,26.0,0.0,12.0,403.87,1.0
109.0,156.0,1.0,0.0,0.0,0.0,0.0,5.0,30.22,0.0
110.0,156.0,1.0,0.0,0.0,15.0,0.0,13.0,97.92,0.0
121.0,156.0,1.0,0.0,0.0,1.0,0.0,5.0,64.98,0.0
122.0,156.0,1.0,0.0,0.0,1.0,0.0,5.0,5.03,0.0
123.0,156.0,1.0,0.0,0.0,10.0,0.0,11.0,744.23,1.0
123.0,156.0,1.0,0.0,0.0,1.0,0.0,5.0,26.83,0.0
124.0,156.0,1.0,0.0,0.0,1.0,0.0,5.0,7.26,0.0
138.0,156.0,1.0,0.0,0.0,1.0,0.0,5.0,25.61,0.0
139.0,156.0,1.0,0.0,0.0,1.0,0.0,5.0,20.03,0.0
139.0,156.0,1.0,0.0,0.0,31.0,0.0,9.0,929.49,1.0
140.0,156.0,1.0,0.0,0.0,1.0,0.0,5.0,10.49,0.0
141.0,156.0,1.0,0.0,0.0,1.0,0.0,5.0,20.32,0.0
60.0,159.0,2.0,1.0,0.0,0.0,0.0,5.0,6.44,0.0
61.0,159.0,2.0,1.0,0.0,0.0,0.0,5.0,18.37,0.0
61.0,159.0,2.0,1.0,0.0,22.0,0.0,12.0,131.52,1.0
62.0,159.0,2.0,1.0,0.0,0.0,0.0,5.0,42.06,0.0
64.0,159.0,2.0,1.0,0.0,0.0,0.0,5.0,17.48,0.0
145.0,159.0,2.0,1.0,0.0,1.0,0.0,5.0,13.59,0.0
146.0,159.0,2.0,1.0,0.0,1.0,0.0,5.0,13.88,0.0
146.0,159.0,2.0,1.0,0.0,22.0,0.0,12.0,766.41,1.0
148.0,159.0,2.0,1.0,0.0,1.0,0.0,5.0,34.76,0.0
149.0,159.0,2.0,1.0,0.0,1.0,0.0,5.0,54.38,0.0
117.0,166.0,0.0,1.0,0.0,13.0,0.0,14.0,20.8,0.0
118.0,166.0,0.0,1.0,0.0,3.0,0.0,7.0,42.5,0.0
120.0,166.0,0.0,1.0,0.0,20.0,0.0,13.0,300.58,1.0
124.0,166.0,0.0,1.0,0.0,27.0,0.0,12.0,805.35,1.0
127.0,166.0,0.0,1.0,0.0,31.0,0.0,9.0,467.84,1.0
149.0,166.0,0.0,1.0,0.0,13.0,0.0,14.0,45.37,0.0
142.0,166.0,0.0,1.0,0.0,31.0,0.0,9.0,670.77,1.0
150.0,166.0,0.0,1.0,0.0,5.0,0.0,8.0,2.48,0.0
139.0,167.0,1.0,0.0,0.0,1.0,0.0,5.0,34.77,0.0
140.0,167.0,1.0,0.0,0.0,1.0,0.0,5.0,47.4,0.0
140.0,167.0,1.0,0.0,0.0,22.0,0.0,12.0,186.8,1.0
141.0,167.0,1.0,0.0,0.0,1.0,0.0,5.0,8.82,0.0
142.0,167.0,1.0,0.0,0.0,1.0,0.0,5.0,28.28,0.0
158.0,167.0,1.0,0.0,0.0,1.0,0.0,5.0,33.05,0.0
159.0,167.0,1.0,0.0,0.0,1.0,0.0,5.0,40.96,0.0
159.0,167.0,1.0,0.0,0.0,6.0,0.0,6.0,312.86,1.0
160.0,167.0,1.0,0.0,0.0,1.0,0.0,5.0,54.85,0.0
161.0,167.0,1.0,0.0,0.0,1.0,0.0,5.0,26.62,0.0
147.0,176.0,2.0,0.0,0.0,0.0,0.0,5.0,66.49,0.0
148.0,176.0,2.0,0.0,0.0,0.0,0.0,5.0,0.06,0.0
148.0,176.0,2.0,0.0,0.0,6.0,0.0,6.0,567.87,1.0
149.0,176.0,2.0,0.0,0.0,0.0,0.0,5.0,46.42,0.0
150.0,176.0,2.0,0.0,0.0,0.0,0.0,5.0,76.31,0.0
124.0,182.0,1.0,1.0,0.0,1.0,0.0,5.0,7.34,0.0
125.0,182.0,1.0,1.0,0.0,1.0,0.0,5.0,19.64,0.0
126.0,182.0,1.0,1.0,0.0,6.0,0.0,6.0,747.39,1.0
126.0,182.0,1.0,1.0,0.0,1.0,0.0,5.0,5.83,0.0
127.0,182.0,1.0,1.0,0.0,1.0,0.0,5.0,36.13,0.0
100.0,186.0,3.0,0.0,0.0,6.0,0.0,6.0,152.38,0.0
125.0,186.0,3.0,0.0,0.0,12.0,0.0,13.0,68.19,0.0
125.0,186.0,3.0,0.0,0.0,48.0,0.0,12.0,52.54,1.0
128.0,186.0,3.0,0.0,0.0,12.0,0.0,13.0,51.58,0.0
128.0,186.0,3.0,0.0,0.0,20.0,0.0,13.0,96.87,0.0
80.0,187.0,3.0,0.0,0.0,0.0,0.0,5.0,17.11,0.0
81.0,187.0,3.0,0.0,0.0,0.0,0.0,5.0,8.21,0.0
82.0,187.0,3.0,0.0,0.0,35.0,0.0,18.0,1860.34,1.0
82.0,187.0,3.0,0.0,0.0,0.0,0.0,5.0,31.16,0.0
83.0,187.0,3.0,0.0,0.0,0.0,0.0,5.0,6.56,0.0
58.0,206.0,4.0,1.0,0.0,0.0,0.0,5.0,11.78,0.0
59.0,206.0,4.0,1.0,0.0,0.0,0.0,5.0,24.07,0.0
60.0,206.0,4.0,1.0,0.0,41.0,0.0,19.0,353.51,1.0
61.0,206.0,4.0,1.0,0.0,0.0,0.0,5.0,6.03,0.0
62.0,206.0,4.0,1.0,0.0,0.0,0.0,5.0,19.97,0.0
137.0,206.0,4.0,1.0,0.0,1.0,0.0,5.0,19.71,0.0
138.0,206.0,4.0,1.0,0.0,1.0,0.0,5.0,28.2,0.0
138.0,206.0,4.0,1.0,0.0,26.0,0.0,12.0,674.13,1.0
139.0,206.0,4.0,1.0,0.0,1.0,0.0,5.0,3.33,0.0
140.0,206.0,4.0,1.0,0.0,1.0,0.0,5.0,34.49,0.0
31.0,207.0,2.0,0.0,0.0,0.0,0.0,5.0,27.07,0.0
32.0,207.0,2.0,0.0,0.0,0.0,0.0,5.0,10.58,0.0
33.0,207.0,2.0,0.0,0.0,6.0,0.0,6.0,637.86,1.0
33.0,207.0,2.0,0.0,0.0,0.0,0.0,5.0,10.09,0.0
34.0,207.0,2.0,0.0,0.0,0.0,0.0,5.0,8.27,0.0
35.0,207.0,2.0,0.0,0.0,0.0,0.0,5.0,34.75,0.0
36.0,207.0,2.0,0.0,0.0,0.0,0.0,5.0,21.89,0.0
36.0,207.0,2.0,0.0,0.0,35.0,0.0,18.0,313.87,1.0
37.0,207.0,2.0,0.0,0.0,0.0,0.0,5.0,56.3,0.0
38.0,207.0,2.0,0.0,0.0,0.0,0.0,5.0,16.15,0.0
56.0,207.0,2.0,0.0,0.0,1.0,0.0,5.0,65.7,0.0
57.0,207.0,2.0,0.0,0.0,1.0,0.0,5.0,19.0,0.0
58.0,207.0,2.0,0.0,0.0,19.0,0.0,9.0,646.87,1.0
58.0,207.0,2.0,0.0,0.0,1.0,0.0,5.0,43.8,0.0
59.0,207.0,2.0,0.0,0.0,1.0,0.0,5.0,13.48,0.0
87.0,207.0,2.0,0.0,0.0,1.0,0.0,5.0,56.1,0.0
88.0,207.0,2.0,0.0,0.0,1.0,0.0,5.0,26.8,0.0
89.0,207.0,2.0,0.0,0.0,35.0,0.0,18.0,825.13,1.0
89.0,207.0,2.0,0.0,0.0,5.0,0.0,8.0,20.2,0.0
90.0,207.0,2.0,0.0,0.0,1.0,0.0,5.0,33.63,0.0
91.0,207.0,2.0,0.0,0.0,1.0,0.0,5.0,31.83,0.0
92.0,207.0,2.0,0.0,0.0,1.0,0.0,5.0,8.3,0.0
93.0,207.0,2.0,0.0,0.0,20.0,0.0,13.0,42.14,1.0
93.0,207.0,2.0,0.0,0.0,1.0,0.0,5.0,9.4,0.0
95.0,207.0,2.0,0.0,0.0,1.0,0.0,5.0,41.13,0.0
104.0,207.0,2.0,0.0,0.0,1.0,0.0,5.0,7.24,0.0
105.0,207.0,2.0,0.0,0.0,1.0,0.0,5.0,20.94,0.0
105.0,207.0,2.0,0.0,0.0,6.0,0.0,6.0,908.41,1.0
106.0,207.0,2.0,0.0,0.0,1.0,0.0,5.0,29.4,0.0
107.0,207.0,2.0,0.0,0.0,1.0,0.0,5.0,6.98,0.0
122.0,207.0,2.0,0.0,0.0,1.0,0.0,5.0,15.95,0.0
123.0,207.0,2.0,0.0,0.0,1.0,0.0,5.0,20.52,0.0
124.0,207.0,2.0,0.0,0.0,22.0,0.0,12.0,534.72,1.0
124.0,207.0,2.0,0.0,0.0,1.0,0.0,5.0,44.17,0.0
125.0,207.0,2.0,0.0,0.0,1.0,0.0,5.0,46.43,0.0
149.0,207.0,2.0,0.0,0.0,1.0,0.0,5.0,20.22,0.0
150.0,207.0,2.0,0.0,0.0,1.0,0.0,5.0,0.51,0.0
151.0,207.0,2.0,0.0,0.0,3.0,0.0,7.0,371.25,1.0
151.0,207.0,2.0,0.0,0.0,1.0,0.0,5.0,34.74,0.0
152.0,207.0,2.0,0.0,0.0,4.0,0.0,6.0,126.22,0.0
35.0,211.0,2.0,1.0,0.0,9.0,0.0,10.0,17.09,0.0
36.0,211.0,2.0,1.0,0.0,30.0,0.0,16.0,89.67,0.0
43.0,211.0,2.0,1.0,0.0,20.0,0.0,13.0,79.19,1.0
50.0,211.0,2.0,1.0,0.0,7.0,0.0,6.0,145.12,0.0
51.0,211.0,2.0,1.0,0.0,20.0,0.0,13.0,97.92,0.0
149.0,225.0,0.0,1.0,0.0,1.0,0.0,5.0,35.79,0.0
150.0,225.0,0.0,1.0,0.0,1.0,0.0,5.0,12.58,0.0
151.0,225.0,0.0,1.0,0.0,22.0,0.0,12.0,233.04,1.0
152.0,225.0,0.0,1.0,0.0,1.0,0.0,5.0,15.82,0.0
153.0,225.0,0.0,1.0,0.0,1.0,0.0,5.0,6.86,0.0
42.0,235.0,2.0,1.0,0.0,4.0,0.0,6.0,94.05,0.0
43.0,235.0,2.0,1.0,0.0,3.0,0.0,7.0,51.32,0.0
59.0,235.0,2.0,1.0,0.0,22.0,0.0,12.0,367.16,1.0
82.0,235.0,2.0,1.0,0.0,12.0,0.0,13.0,120.2,0.0
86.0,235.0,2.0,1.0,0.0,13.0,0.0,14.0,0.65,0.0
98.0,235.0,2.0,1.0,0.0,9.0,0.0,10.0,81.87,0.0
99.0,235.0,2.0,1.0,0.0,0.0,0.0,5.0,15.48,0.0
100.0,235.0,2.0,1.0,0.0,6.0,0.0,6.0,103.07,1.0
100.0,235.0,2.0,1.0,0.0,0.0,0.0,5.0,3.3,0.0
101.0,235.0,2.0,1.0,0.0,0.0,0.0,5.0,48.32,0.0
89.0,243.0,1.0,0.0,0.0,0.0,0.0,5.0,10.72,0.0
90.0,243.0,1.0,0.0,0.0,35.0,0.0,18.0,271.94,0.0
91.0,243.0,1.0,0.0,0.0,35.0,0.0,18.0,5527.37,1.0
91.0,243.0,1.0,0.0,0.0,0.0,0.0,5.0,13.12,0.0
92.0,243.0,1.0,0.0,0.0,0.0,0.0,5.0,8.65,0.0
158.0,243.0,1.0,0.0,0.0,1.0,0.0,5.0,15.13,0.0
160.0,243.0,1.0,0.0,0.0,14.0,0.0,15.0,17.88,0.0
160.0,243.0,1.0,0.0,0.0,6.0,0.0,6.0,29.67,1.0
161.0,243.0,1.0,0.0,0.0,1.0,0.0,5.0,25.0,0.0
162.0,243.0,1.0,0.0,0.0,1.0,0.0,5.0,25.41,0.0
7.0,246.0,5.0,0.0,0.0,0.0,0.0,5.0,18.42,0.0
8.0,246.0,5.0,0.0,0.0,0.0,0.0,5.0,12.41,0.0
9.0,246.0,5.0,0.0,0.0,22.0,0.0,12.0,780.28,1.0
9.0,246.0,5.0,0.0,0.0,0.0,0.0,5.0,21.71,0.0
10.0,246.0,5.0,0.0,0.0,0.0,0.0,5.0,43.76,0.0
12.0,246.0,5.0,0.0,0.0,38.0,0.0,19.0,331.56,1.0
14.0,246.0,5.0,0.0,0.0,0.0,0.0,5.0,44.63,0.0
15.0,246.0,5.0,0.0,0.0,0.0,0.0,5.0,6.09,0.0
44.0,246.0,5.0,0.0,0.0,1.0,0.0,5.0,29.94,0.0
45.0,246.0,5.0,0.0,0.0,1.0,0.0,5.0,48.43,0.0
46.0,246.0,5.0,0.0,0.0,22.0,0.0,12.0,587.85,1.0
46.0,246.0,5.0,0.0,0.0,1.0,0.0,5.0,38.73,0.0
47.0,246.0,5.0,0.0,0.0,1.0,0.0,5.0,16.35,0.0
166.0,248.0,1.0,1.0,0.0,10.0,0.0,11.0,4.5,0.0
167.0,248.0,1.0,1.0,0.0,1.0,0.0,5.0,29.43,0.0
167.0,248.0,1.0,1.0,0.0,16.0,0.0,16.0,423.23,1.0
168.0,248.0,1.0,1.0,0.0,1.0,0.0,5.0,88.11,0.0
169.0,248.0,1.0,1.0,0.0,1.0,0.0,5.0,43.87,0.0
96.0,249.0,2.0,1.0,0.0,40.0,0.0,16.0,259.41,0.0
97.0,249.0,2.0,1.0,0.0,1.0,0.0,5.0,5.38,0.0
98.0,249.0,2.0,1.0,0.0,17.0,0.0,9.0,90.85,1.0
98.0,249.0,2.0,1.0,0.0,1.0,0.0,5.0,22.38,0.0
99.0,249.0,2.0,1.0,0.0,1.0,0.0,5.0,28.46,0.0
89.0,259.0,0.0,1.0,0.0,0.0,0.0,5.0,62.95,0.0
90.0,259.0,0.0,1.0,0.0,0.0,0.0,5.0,23.21,0.0
91.0,259.0,0.0,1.0,0.0,41.0,0.0,19.0,228.32,1.0
91.0,259.0,0.0,1.0,0.0,0.0,0.0,5.0,63.22,0.0
93.0,259.0,0.0,1.0,0.0,0.0,0.0,5.0,9.95,0.0
159.0,259.0,0.0,1.0,0.0,0.0,0.0,5.0,20.65,0.0
160.0,259.0,0.0,1.0,0.0,0.0,0.0,5.0,11.68,0.0
161.0,259.0,0.0,1.0,0.0,38.0,0.0,19.0,384.3,1.0
161.0,259.0,0.0,1.0,0.0,0.0,0.0,5.0,10.26,0.0
162.0,259.0,0.0,1.0,0.0,0.0,0.0,5.0,4.49,0.0
25.0,265.0,1.0,0.0,0.0,28.0,0.0,13.0,4.13,0.0
26.0,265.0,1.0,0.0,0.0,26.0,0.0,12.0,53.96,0.0
33.0,265.0,1.0,0.0,0.0,16.0,0.0,16.0,840.31,1.0
42.0,265.0,1.0,0.0,0.0,12.0,0.0,13.0,1.42,0.0
59.0,265.0,1.0,0.0,0.0,16.0,0.0,16.0,81.96,0.0
67.0,265.0,1.0,0.0,0.0,13.0,0.0,14.0,83.93,0.0
67.0,265.0,1.0,0.0,0.0,9.0,0.0,10.0,139.65,1.0
68.0,265.0,1.0,0.0,0.0,0.0,0.0,5.0,9.25,0.0
69.0,265.0,1.0,0.0,0.0,0.0,0.0,5.0,21.07,0.0
85.0,265.0,1.0,0.0,0.0,0.0,0.0,5.0,33.11,0.0
86.0,265.0,1.0,0.0,0.0,0.0,0.0,5.0,3.03,0.0
87.0,265.0,1.0,0.0,0.0,6.0,0.0,6.0,123.88,1.0
87.0,265.0,1.0,0.0,0.0,0.0,0.0,5.0,20.32,0.0
88.0,265.0,1.0,0.0,0.0,0.0,0.0,5.0,44.53,0.0
94.0,265.0,1.0,0.0,0.0,9.0,0.0,10.0,68.11,0.0
95.0,265.0,1.0,0.0,0.0,0.0,0.0,5.0,30.75,0.0
95.0,265.0,1.0,0.0,0.0,6.0,0.0,6.0,154.72,1.0
96.0,265.0,1.0,0.0,0.0,0.0,0.0,5.0,19.36,0.0
95.0,265.0,1.0,0.0,0.0,13.0,0.0,14.0,164.74,1.0
97.0,265.0,1.0,0.0,0.0,0.0,0.0,5.0,7.17,0.0
112.0,265.0,1.0,0.0,0.0,0.0,0.0,5.0,22.72,0.0
113.0,265.0,1.0,0.0,0.0,0.0,0.0,5.0,34.62,0.0
113.0,265.0,1.0,0.0,0.0,13.0,0.0,14.0,120.21,1.0
114.0,265.0,1.0,0.0,0.0,0.0,0.0,5.0,5.74,0.0
115.0,265.0,1.0,0.0,0.0,0.0,0.0,5.0,15.76,0.0
116.0,265.0,1.0,0.0,0.0,0.0,0.0,5.0,45.43,0.0
117.0,265.0,1.0,0.0,0.0,0.0,0.0,5.0,38.72,0.0
118.0,265.0,1.0,0.0,0.0,6.0,0.0,6.0,159.28,1.0
118.0,265.0,1.0,0.0,0.0,0.0,0.0,5.0,7.66,0.0
119.0,265.0,1.0,0.0,0.0,0.0,0.0,5.0,2.63,0.0
124.0,265.0,1.0,0.0,0.0,0.0,0.0,5.0,23.54,0.0
125.0,265.0,1.0,0.0,0.0,0.0,0.0,5.0,58.3,0.0
126.0,265.0,1.0,0.0,0.0,2.0,0.0,6.0,344.03,1.0
126.0,265.0,1.0,0.0,0.0,0.0,0.0,5.0,49.6,0.0
127.0,265.0,1.0,0.0,0.0,9.0,0.0,10.0,21.61,1.0
127.0,265.0,1.0,0.0,0.0,0.0,0.0,5.0,45.41,0.0
128.0,265.0,1.0,0.0,0.0,0.0,0.0,5.0,44.04,0.0
140.0,265.0,1.0,0.0,0.0,0.0,0.0,5.0,45.34,0.0
141.0,265.0,1.0,0.0,0.0,0.0,0.0,5.0,51.31,0.0
142.0,265.0,1.0,0.0,0.0,6.0,0.0,6.0,448.36,1.0
142.0,265.0,1.0,0.0,0.0,0.0,0.0,5.0,52.25,0.0
143.0,265.0,1.0,0.0,0.0,0.0,0.0,5.0,25.51,0.0
20.0,268.0,2.0,0.0,0.0,9.0,0.0,10.0,48.67,0.0
22.0,268.0,2.0,0.0,0.0,0.0,0.0,5.0,31.13,0.0
23.0,268.0,2.0,0.0,0.0,20.0,0.0,13.0,85.54,1.0
23.0,268.0,2.0,0.0,0.0,0.0,0.0,5.0,51.13,0.0
24.0,268.0,2.0,0.0,0.0,0.0,0.0,5.0,10.33,0.0
9.0,276.0,0.0,0.0,0.0,9.0,0.0,10.0,25.69,0.0
11.0,276.0,0.0,0.0,0.0,9.0,0.0,10.0,22.24,0.0
11.0,276.0,0.0,0.0,0.0,38.0,0.0,19.0,314.96,1.0
12.0,276.0,0.0,0.0,0.0,0.0,0.0,5.0,12.79,0.0
11.0,276.0,0.0,0.0,0.0,38.0,0.0,19.0,202.93,1.0
13.0,276.0,0.0,0.0,0.0,0.0,0.0,5.0,0.07,0.0
21.0,276.0,0.0,0.0,0.0,0.0,0.0,5.0,79.28,0.0
23.0,276.0,0.0,0.0,0.0,0.0,0.0,5.0,2.36,0.0
24.0,276.0,0.0,0.0,0.0,3.0,0.0,7.0,100.91,1.0
24.0,276.0,0.0,0.0,0.0,0.0,0.0,5.0,42.01,0.0
25.0,276.0,0.0,0.0,0.0,0.0,0.0,5.0,21.97,0.0
26.0,276.0,0.0,0.0,0.0,0.0,0.0,5.0,35.61,0.0
26.0,276.0,0.0,0.0,0.0,10.0,0.0,11.0,458.23,1.0
27.0,276.0,0.0,0.0,0.0,15.0,0.0,13.0,103.77,0.0
27.0,276.0,0.0,0.0,0.0,44.0,0.0,13.0,79.76,0.0
35.0,276.0,0.0,0.0,0.0,9.0,0.0,10.0,117.14,0.0
36.0,276.0,0.0,0.0,0.0,0.0,0.0,5.0,1.1,0.0
38.0,276.0,0.0,0.0,0.0,6.0,0.0,6.0,250.5,1.0
38.0,276.0,0.0,0.0,0.0,0.0,0.0,5.0,2.98,0.0
42.0,276.0,0.0,0.0,0.0,0.0,0.0,5.0,26.6,0.0
47.0,276.0,0.0,0.0,0.0,0.0,0.0,5.0,14.2,0.0
48.0,276.0,0.0,0.0,0.0,0.0,0.0,5.0,31.12,0.0
48.0,276.0,0.0,0.0,0.0,30.0,0.0,16.0,756.07,1.0
50.0,276.0,0.0,0.0,0.0,0.0,0.0,5.0,4.6,0.0
49.0,276.0,0.0,0.0,0.0,6.0,0.0,6.0,339.26,1.0
51.0,276.0,0.0,0.0,0.0,0.0,0.0,5.0,8.78,0.0
59.0,276.0,0.0,0.0,0.0,0.0,0.0,5.0,40.42,0.0
61.0,276.0,0.0,0.0,0.0,13.0,0.0,14.0,26.61,0.0
61.0,276.0,0.0,0.0,0.0,11.0,0.0,12.0,522.99,1.0
62.0,276.0,0.0,0.0,0.0,0.0,0.0,5.0,56.28,0.0
63.0,276.0,0.0,0.0,0.0,0.0,0.0,5.0,34.6,0.0
75.0,276.0,0.0,0.0,0.0,9.0,0.0,10.0,50.65,0.0
77.0,276.0,0.0,0.0,0.0,0.0,0.0,5.0,32.43,0.0
77.0,276.0,0.0,0.0,0.0,6.0,0.0,6.0,444.55,1.0
78.0,276.0,0.0,0.0,0.0,0.0,0.0,5.0,53.69,0.0
79.0,276.0,0.0,0.0,0.0,0.0,0.0,5.0,18.23,0.0
102.0,276.0,0.0,0.0,0.0,1.0,0.0,5.0,28.11,0.0
104.0,276.0,0.0,0.0,0.0,1.0,0.0,5.0,38.15,0.0
105.0,276.0,0.0,0.0,0.0,6.0,0.0,6.0,334.37,1.0
105.0,276.0,0.0,0.0,0.0,1.0,0.0,5.0,10.85,0.0
106.0,276.0,0.0,0.0,0.0,1.0,0.0,5.0,51.86,0.0
138.0,276.0,0.0,0.0,0.0,42.0,0.0,6.0,29.21,0.0
139.0,276.0,0.0,0.0,0.0,1.0,0.0,5.0,23.22,0.0
140.0,276.0,0.0,0.0,0.0,22.0,0.0,12.0,459.48,1.0
140.0,276.0,0.0,0.0,0.0,5.0,0.0,8.0,58.62,0.0
141.0,276.0,0.0,0.0,0.0,1.0,0.0,5.0,26.27,0.0
142.0,276.0,0.0,0.0,0.0,1.0,0.0,5.0,1.84,0.0
143.0,276.0,0.0,0.0,0.0,16.0,0.0,16.0,591.44,1.0
143.0,276.0,0.0,0.0,0.0,1.0,0.0,5.0,84.75,0.0
144.0,276.0,0.0,0.0,0.0,1.0,0.0,5.0,52.4,0.0
92.0,279.0,1.0,1.0,0.0,44.0,0.0,13.0,8.74,0.0
93.0,279.0,1.0,1.0,0.0,0.0,0.0,5.0,48.67,0.0
93.0,279.0,1.0,1.0,0.0,30.0,0.0,16.0,620.64,1.0
94.0,279.0,1.0,1.0,0.0,0.0,0.0,5.0,43.8,0.0
97.0,279.0,1.0,1.0,0.0,0.0,0.0,5.0,6.7,0.0
122.0,279.0,1.0,1.0,0.0,1.0,0.0,5.0,9.88,0.0
123.0,279.0,1.0,1.0,0.0,14.0,0.0,15.0,53.71,0.0
124.0,279.0,1.0,1.0,0.0,35.0,0.0,18.0,2850.7,1.0
124.0,279.0,1.0,1.0,0.0,1.0,0.0,5.0,18.24,0.0
125.0,279.0,1.0,1.0,0.0,1.0,0.0,5.0,23.12,0.0
161.0,279.0,1.0,1.0,0.0,1.0,0.0,5.0,16.54,0.0
162.0,279.0,1.0,1.0,0.0,1.0,0.0,5.0,22.54,0.0
163.0,279.0,1.0,1.0,0.0,20.0,0.0,13.0,568.71,1.0
164.0,279.0,1.0,1.0,0.0,4.0,0.0,6.0,103.43,0.0
165.0,279.0,1.0,1.0,0.0,1.0,0.0,5.0,18.08,0.0
132.0,280.0,0.0,0.0,0.0,1.0,0.0,5.0,9.35,0.0
133.0,280.0,0.0,0.0,0.0,1.0,0.0,5.0,31.2,0.0
133.0,280.0,0.0,0.0,0.0,26.0,0.0,12.0,318.68,1.0
134.0,280.0,0.0,0.0,0.0,1.0,0.0,5.0,2.63,0.0
135.0,280.0,0.0,0.0,0.0,1.0,0.0,5.0,8.33,0.0
0.0,282.0,2.0,0.0,0.0,17.0,0.0,9.0,71.76,0.0
5.0,282.0,2.0,0.0,0.0,25.0,0.0,15.0,136.42,1.0
9.0,282.0,2.0,0.0,0.0,9.0,0.0,10.0,1.4,0.0
5.0,282.0,2.0,0.0,0.0,25.0,0.0,15.0,187.51,1.0
10.0,282.0,2.0,0.0,0.0,0.0,0.0,5.0,20.26,0.0
47.0,282.0,2.0,0.0,0.0,5.0,0.0,8.0,47.28,0.0
48.0,282.0,2.0,0.0,0.0,1.0,0.0,5.0,11.33,0.0
48.0,282.0,2.0,0.0,0.0,30.0,0.0,16.0,340.26,1.0
49.0,282.0,2.0,0.0,0.0,28.0,0.0,13.0,6.52,0.0
50.0,282.0,2.0,0.0,0.0,0.0,0.0,5.0,1.3,0.0
173.0,282.0,2.0,0.0,0.0,1.0,0.0,5.0,23.11,0.0
176.0,282.0,2.0,0.0,0.0,1.0,0.0,5.0,13.42,0.0
177.0,282.0,2.0,0.0,0.0,6.0,0.0,6.0,269.32,1.0
177.0,282.0,2.0,0.0,0.0,1.0,0.0,5.0,21.48,0.0
178.0,282.0,2.0,0.0,0.0,5.0,0.0,8.0,87.78,0.0
127.0,284.0,0.0,1.0,0.0,12.0,0.0,13.0,119.87,0.0
127.0,284.0,0.0,1.0,0.0,20.0,0.0,13.0,56.89,0.0
149.0,284.0,0.0,1.0,0.0,12.0,0.0,13.0,444.18,1.0
151.0,284.0,0.0,1.0,0.0,30.0,0.0,16.0,50.37,0.0
162.0,284.0,0.0,1.0,0.0,0.0,0.0,5.0,34.06,0.0
167.0,284.0,0.0,1.0,0.0,20.0,0.0,13.0,60.23,0.0
167.0,284.0,0.0,1.0,0.0,21.0,0.0,13.0,20.86,0.0
173.0,284.0,0.0,1.0,0.0,22.0,0.0,12.0,521.21,1.0
11.0,288.0,1.0,1.0,0.0,0.0,0.0,5.0,3.59,0.0
13.0,288.0,1.0,1.0,0.0,0.0,0.0,5.0,20.88,0.0
13.0,288.0,1.0,1.0,0.0,16.0,0.0,16.0,814.44,1.0
14.0,288.0,1.0,1.0,0.0,0.0,0.0,5.0,19.28,0.0
15.0,288.0,1.0,1.0,0.0,0.0,0.0,5.0,10.85,0.0
47.0,288.0,1.0,1.0,0.0,0.0,0.0,5.0,48.47,0.0
48.0,288.0,1.0,1.0,0.0,13.0,0.0,14.0,36.36,0.0
49.0,288.0,1.0,1.0,0.0,11.0,0.0,12.0,234.26,1.0
49.0,288.0,1.0,1.0,0.0,0.0,0.0,5.0,17.81,0.0
50.0,288.0,1.0,1.0,0.0,0.0,0.0,5.0,26.01,0.0
108.0,288.0,1.0,1.0,0.0,0.0,0.0,5.0,21.71,0.0
109.0,288.0,1.0,1.0,0.0,0.0,0.0,5.0,48.06,0.0
110.0,288.0,1.0,1.0,0.0,6.0,0.0,6.0,505.98,1.0
110.0,288.0,1.0,1.0,0.0,0.0,0.0,5.0,6.36,0.0
111.0,288.0,1.0,1.0,0.0,0.0,0.0,5.0,37.79,0.0
121.0,288.0,1.0,1.0,0.0,0.0,0.0,5.0,19.99,0.0
122.0,288.0,1.0,1.0,0.0,0.0,0.0,5.0,17.47,0.0
122.0,288.0,1.0,1.0,0.0,3.0,0.0,7.0,614.71,1.0
123.0,288.0,1.0,1.0,0.0,0.0,0.0,5.0,38.35,0.0
124.0,288.0,1.0,1.0,0.0,0.0,0.0,5.0,7.26,0.0
163.0,288.0,1.0,1.0,0.0,0.0,0.0,5.0,18.99,0.0
164.0,288.0,1.0,1.0,0.0,0.0,0.0,5.0,29.92,0.0
164.0,288.0,1.0,1.0,0.0,22.0,0.0,12.0,155.39,1.0
165.0,288.0,1.0,1.0,0.0,0.0,0.0,5.0,58.4,0.0
166.0,288.0,1.0,1.0,0.0,0.0,0.0,5.0,13.8,0.0
52.0,293.0,1.0,0.0,0.0,11.0,0.0,12.0,186.42,0.0
65.0,293.0,1.0,0.0,0.0,6.0,0.0,6.0,153.96,0.0
81.0,293.0,1.0,0.0,0.0,20.0,0.0,13.0,376.08,1.0
100.0,293.0,1.0,0.0,0.0,25.0,0.0,15.0,60.26,0.0
84.0,293.0,1.0,0.0,0.0,35.0,0.0,18.0,4959.51,1.0
141.0,293.0,1.0,0.0,0.0,6.0,0.0,6.0,228.97,0.0
30.0,297.0,1.0,1.0,0.0,0.0,0.0,5.0,24.81,0.0
33.0,297.0,1.0,1.0,0.0,0.0,0.0,5.0,14.15,0.0
34.0,297.0,1.0,1.0,0.0,16.0,0.0,16.0,466.62,1.0
34.0,297.0,1.0,1.0,0.0,0.0,0.0,5.0,8.97,0.0
37.0,297.0,1.0,1.0,0.0,0.0,0.0,5.0,23.12,0.0
133.0,297.0,1.0,1.0,0.0,5.0,0.0,8.0,51.0,0.0
134.0,297.0,1.0,1.0,0.0,1.0,0.0,5.0,45.14,0.0
134.0,297.0,1.0,1.0,0.0,35.0,0.0,18.0,85.35,1.0
135.0,297.0,1.0,1.0,0.0,1.0,0.0,5.0,50.54,0.0
136.0,297.0,1.0,1.0,0.0,1.0,0.0,5.0,4.48,0.0
175.0,297.0,1.0,1.0,0.0,1.0,0.0,5.0,30.51,0.0
176.0,297.0,1.0,1.0,0.0,1.0,0.0,5.0,32.08,0.0
177.0,297.0,1.0,1.0,0.0,6.0,0.0,6.0,55.11,1.0
177.0,297.0,1.0,1.0,0.0,1.0,0.0,5.0,46.97,0.0
178.0,297.0,1.0,1.0,0.0,1.0,0.0,5.0,37.93,0.0
64.0,299.0,4.0,1.0,0.0,0.0,0.0,5.0,29.45,0.0
65.0,299.0,4.0,1.0,0.0,0.0,0.0,5.0,7.66,0.0
66.0,299.0,4.0,1.0,0.0,6.0,0.0,6.0,83.69,1.0
67.0,299.0,4.0,1.0,0.0,0.0,0.0,5.0,19.23,0.0
68.0,299.0,4.0,1.0,0.0,0.0,0.0,5.0,24.8,0.0
103.0,299.0,4.0,1.0,0.0,4.0,0.0,6.0,135.5,0.0
104.0,299.0,4.0,1.0,0.0,1.0,0.0,5.0,36.19,0.0
104.0,299.0,4.0,1.0,0.0,35.0,0.0,18.0,917.45,1.0
105.0,299.0,4.0,1.0,0.0,1.0,0.0,5.0,35.04,0.0
107.0,299.0,4.0,1.0,0.0,1.0,0.0,5.0,47.26,0.0
113.0,299.0,4.0,1.0,0.0,1.0,0.0,5.0,10.08,0.0
114.0,299.0,4.0,1.0,0.0,1.0,0.0,5.0,41.44,0.0
114.0,299.0,4.0,1.0,0.0,22.0,0.0,12.0,51.98,1.0
115.0,299.0,4.0,1.0,0.0,1.0,0.0,5.0,24.62,0.0
116.0,299.0,4.0,1.0,0.0,1.0,0.0,5.0,15.84,0.0
160.0,299.0,4.0,1.0,0.0,1.0,0.0,5.0,24.79,0.0
161.0,299.0,4.0,1.0,0.0,1.0,0.0,5.0,4.65,0.0
162.0,299.0,4.0,1.0,0.0,6.0,0.0,6.0,1286.23,1.0
163.0,299.0,4.0,1.0,0.0,1.0,0.0,5.0,27.17,0.0
164.0,299.0,4.0,1.0,0.0,1.0,0.0,5.0,64.53,0.0
151.0,308.0,1.0,1.0,0.0,1.0,0.0,5.0,33.36,0.0
152.0,308.0,1.0,1.0,0.0,1.0,0.0,5.0,46.88,0.0
152.0,308.0,1.0,1.0,0.0,22.0,0.0,12.0,732.54,1.0
153.0,308.0,1.0,1.0,0.0,1.0,0.0,5.0,34.4,0.0
154.0,308.0,1.0,1.0,0.0,1.0,0.0,5.0,42.55,0.0
2.0,310.0,0.0,0.0,0.0,13.0,0.0,14.0,61.39,0.0
3.0,310.0,0.0,0.0,0.0,0.0,0.0,5.0,5.86,0.0
4.0,310.0,0.0,0.0,0.0,30.0,0.0,16.0,181.55,1.0
5.0,310.0,0.0,0.0,0.0,0.0,0.0,5.0,15.33,0.0
6.0,310.0,0.0,0.0,0.0,0.0,0.0,5.0,20.49,0.0
25.0,310.0,0.0,0.0,0.0,1.0,0.0,5.0,16.27,0.0
26.0,310.0,0.0,0.0,0.0,1.0,0.0,5.0,26.46,0.0
26.0,310.0,0.0,0.0,0.0,26.0,0.0,12.0,714.44,1.0
27.0,310.0,0.0,0.0,0.0,1.0,0.0,5.0,44.25,0.0
28.0,310.0,0.0,0.0,0.0,1.0,0.0,5.0,44.2,0.0
88.0,310.0,0.0,0.0,0.0,0.0,0.0,5.0,24.66,0.0
89.0,310.0,0.0,0.0,0.0,0.0,0.0,5.0,18.28,0.0
89.0,310.0,0.0,0.0,0.0,20.0,0.0,13.0,360.88,1.0
90.0,310.0,0.0,0.0,0.0,35.0,0.0,18.0,719.65,0.0
91.0,310.0,0.0,0.0,0.0,0.0,0.0,5.0,11.27,0.0
151.0,314.0,1.0,1.0,0.0,26.0,0.0,12.0,118.88,0.0
157.0,314.0,1.0,1.0,0.0,12.0,0.0,13.0,12.56,0.0
160.0,314.0,1.0,1.0,0.0,12.0,0.0,13.0,195.22,1.0
169.0,314.0,1.0,1.0,0.0,11.0,0.0,12.0,55.97,0.0
170.0,314.0,1.0,1.0,0.0,41.0,0.0,19.0,329.79,1.0
175.0,314.0,1.0,1.0,0.0,16.0,0.0,16.0,96.97,0.0
55.0,315.0,3.0,1.0,0.0,0.0,0.0,5.0,30.0,0.0
56.0,315.0,3.0,1.0,0.0,0.0,0.0,5.0,20.58,0.0
58.0,315.0,3.0,1.0,0.0,41.0,0.0,19.0,360.05,1.0
58.0,315.0,3.0,1.0,0.0,0.0,0.0,5.0,38.84,0.0
59.0,315.0,3.0,1.0,0.0,0.0,0.0,5.0,25.63,0.0
146.0,315.0,3.0,1.0,0.0,0.0,0.0,5.0,33.14,0.0
147.0,315.0,3.0,1.0,0.0,0.0,0.0,5.0,38.32,0.0
147.0,315.0,3.0,1.0,0.0,20.0,0.0,13.0,0.11,1.0
148.0,315.0,3.0,1.0,0.0,0.0,0.0,5.0,26.58,0.0
149.0,315.0,3.0,1.0,0.0,0.0,0.0,5.0,31.98,0.0
167.0,315.0,3.0,1.0,0.0,1.0,0.0,5.0,15.15,0.0
168.0,315.0,3.0,1.0,0.0,1.0,0.0,5.0,46.7,0.0
169.0,315.0,3.0,1.0,0.0,8.0,0.0,9.0,63.08,1.0
169.0,315.0,3.0,1.0,0.0,1.0,0.0,5.0,40.48,0.0
170.0,315.0,3.0,1.0,0.0,1.0,0.0,5.0,56.09,0.0
108.0,322.0,4.0,1.0,0.0,20.0,0.0,13.0,40.48,0.0
119.0,322.0,4.0,1.0,0.0,25.0,0.0,15.0,147.2,0.0
120.0,322.0,4.0,1.0,0.0,3.0,0.0,7.0,700.41,1.0
136.0,322.0,4.0,1.0,0.0,12.0,0.0,13.0,48.96,0.0
136.0,322.0,4.0,1.0,0.0,20.0,0.0,13.0,26.53,0.0
139.0,322.0,4.0,1.0,0.0,18.0,0.0,9.0,386.24,1.0
139.0,322.0,4.0,1.0,0.0,8.0,0.0,9.0,168.92,0.0
168.0,322.0,4.0,1.0,0.0,7.0,0.0,6.0,55.28,0.0
98.0,325.0,1.0,0.0,0.0,6.0,0.0,6.0,124.2,0.0
98.0,325.0,1.0,0.0,0.0,2.0,0.0,6.0,5.65,0.0
109.0,325.0,1.0,0.0,0.0,22.0,0.0,12.0,333.25,1.0
136.0,325.0,1.0,0.0,0.0,13.0,0.0,14.0,46.02,0.0
137.0,325.0,1.0,0.0,0.0,0.0,0.0,5.0,22.28,0.0
51.0,329.0,2.0,1.0,0.0,0.0,0.0,5.0,51.09,0.0
52.0,329.0,2.0,1.0,0.0,9.0,0.0,10.0,59.47,0.0
54.0,329.0,2.0,1.0,0.0,38.0,0.0,19.0,192.92,1.0
54.0,329.0,2.0,1.0,0.0,0.0,0.0,5.0,23.91,0.0
55.0,329.0,2.0,1.0,0.0,0.0,0.0,5.0,63.93,0.0
167.0,331.0,1.0,0.0,0.0,0.0,0.0,5.0,21.66,0.0
168.0,331.0,1.0,0.0,0.0,0.0,0.0,5.0,5.23,0.0
170.0,331.0,1.0,0.0,0.0,6.0,0.0,6.0,527.66,1.0
170.0,331.0,1.0,0.0,0.0,0.0,0.0,5.0,48.18,0.0
171.0,331.0,1.0,0.0,0.0,0.0,0.0,5.0,10.38,0.0
156.0,336.0,1.0,1.0,0.0,0.0,0.0,5.0,48.89,0.0
157.0,336.0,1.0,1.0,0.0,9.0,0.0,10.0,86.18,0.0
158.0,336.0,1.0,1.0,0.0,18.0,0.0,9.0,173.84,1.0
159.0,336.0,1.0,1.0,0.0,0.0,0.0,5.0,29.97,0.0
160.0,336.0,1.0,1.0,0.0,0.0,0.0,5.0,49.38,0.0
165.0,336.0,1.0,1.0,0.0,0.0,0.0,5.0,21.51,0.0
166.0,336.0,1.0,1.0,0.0,0.0,0.0,5.0,52.47,0.0
167.0,336.0,1.0,1.0,0.0,13.0,0.0,14.0,198.49,1.0
167.0,336.0,1.0,1.0,0.0,0.0,0.0,5.0,50.57,0.0
168.0,336.0,1.0,1.0,0.0,0.0,0.0,5.0,18.89,0.0
43.0,337.0,4.0,1.0,0.0,0.0,0.0,5.0,19.99,0.0
44.0,337.0,4.0,1.0,0.0,0.0,0.0,5.0,41.82,0.0
45.0,337.0,4.0,1.0,0.0,22.0,0.0,12.0,668.12,1.0
45.0,337.0,4.0,1.0,0.0,0.0,0.0,5.0,13.87,0.0
46.0,337.0,4.0,1.0,0.0,0.0,0.0,5.0,3.38,0.0
22.0,338.0,2.0,1.0,0.0,0.0,0.0,5.0,23.92,0.0
23.0,338.0,2.0,1.0,0.0,0.0,0.0,5.0,8.48,0.0
24.0,338.0,2.0,1.0,0.0,30.0,0.0,16.0,894.65,1.0
25.0,338.0,2.0,1.0,0.0,0.0,0.0,5.0,48.46,0.0
26.0,338.0,2.0,1.0,0.0,0.0,0.0,5.0,40.56,0.0
116.0,339.0,3.0,1.0,0.0,12.0,0.0,13.0,96.89,0.0
133.0,339.0,3.0,1.0,0.0,25.0,0.0,15.0,88.09,0.0
174.0,339.0,3.0,1.0,0.0,6.0,0.0,6.0,345.39,1.0
174.0,339.0,3.0,1.0,0.0,12.0,0.0,13.0,131.6,0.0
174.0,339.0,3.0,1.0,0.0,20.0,0.0,13.0,74.7,0.0
82.0,342.0,2.0,0.0,0.0,0.0,0.0,5.0,22.77,0.0
83.0,342.0,2.0,0.0,0.0,0.0,0.0,5.0,11.21,0.0
84.0,342.0,2.0,0.0,0.0,6.0,0.0,6.0,466.29,1.0
84.0,342.0,2.0,0.0,0.0,0.0,0.0,5.0,38.95,0.0
85.0,342.0,2.0,0.0,0.0,0.0,0.0,5.0,24.99,0.0
86.0,342.0,2.0,0.0,0.0,0.0,0.0,5.0,3.77,0.0
86.0,342.0,2.0,0.0,0.0,38.0,0.0,19.0,346.1,1.0
87.0,342.0,2.0,0.0,0.0,0.0,0.0,5.0,26.58,0.0
88.0,342.0,2.0,0.0,0.0,0.0,0.0,5.0,7.09,0.0
147.0,342.0,2.0,0.0,0.0,1.0,0.0,5.0,15.28,0.0
148.0,342.0,2.0,0.0,0.0,1.0,0.0,5.0,51.12,0.0
148.0,342.0,2.0,0.0,0.0,16.0,0.0,16.0,399.86,1.0
149.0,342.0,2.0,0.0,0.0,1.0,0.0,5.0,56.23,0.0
151.0,342.0,2.0,0.0,0.0,1.0,0.0,5.0,40.75,0.0
64.0,344.0,5.0,0.0,0.0,20.0,0.0,13.0,45.89,0.0
66.0,344.0,5.0,0.0,0.0,25.0,0.0,15.0,34.6,0.0
81.0,344.0,5.0,0.0,0.0,22.0,0.0,12.0,241.29,1.0
83.0,344.0,5.0,0.0,0.0,22.0,0.0,12.0,125.72,1.0
92.0,344.0,5.0,0.0,0.0,6.0,0.0,6.0,30.88,0.0
84.0,344.0,5.0,0.0,0.0,17.0,0.0,9.0,194.42,1.0
92.0,344.0,5.0,0.0,0.0,7.0,0.0,6.0,309.97,0.0
135.0,344.0,5.0,0.0,0.0,1.0,0.0,5.0,9.36,0.0
136.0,344.0,5.0,0.0,0.0,1.0,0.0,5.0,60.77,0.0
136.0,344.0,5.0,0.0,0.0,2.0,0.0,6.0,944.1,1.0
137.0,344.0,5.0,0.0,0.0,1.0,0.0,5.0,0.35,0.0
138.0,344.0,5.0,0.0,0.0,1.0,0.0,5.0,23.19,0.0
156.0,346.0,1.0,1.0,0.0,0.0,0.0,5.0,4.73,0.0
157.0,346.0,1.0,1.0,0.0,0.0,0.0,5.0,5.82,0.0
158.0,346.0,1.0,1.0,0.0,22.0,0.0,12.0,169.54,1.0
158.0,346.0,1.0,1.0,0.0,9.0,0.0,10.0,7.9,0.0
159.0,346.0,1.0,1.0,0.0,0.0,0.0,5.0,8.58,0.0
174.0,346.0,1.0,1.0,0.0,0.0,0.0,5.0,25.59,0.0
175.0,346.0,1.0,1.0,0.0,15.0,0.0,13.0,76.79,0.0
176.0,346.0,1.0,1.0,0.0,22.0,0.0,12.0,13.47,1.0
176.0,346.0,1.0,1.0,0.0,0.0,0.0,5.0,7.32,0.0
178.0,346.0,1.0,1.0,0.0,15.0,0.0,13.0,80.41,0.0
37.0,347.0,0.0,0.0,0.0,44.0,0.0,13.0,54.49,0.0
38.0,347.0,0.0,0.0,0.0,0.0,0.0,5.0,7.67,0.0
39.0,347.0,0.0,0.0,0.0,6.0,0.0,6.0,768.7,1.0
39.0,347.0,0.0,0.0,0.0,9.0,0.0,10.0,29.79,0.0
41.0,347.0,0.0,0.0,0.0,0.0,0.0,5.0,48.23,0.0
12.0,353.0,5.0,1.0,0.0,0.0,0.0,5.0,23.87,0.0
13.0,353.0,5.0,1.0,0.0,0.0,0.0,5.0,9.29,0.0
14.0,353.0,5.0,1.0,0.0,6.0,0.0,6.0,204.31,1.0
15.0,353.0,5.0,1.0,0.0,0.0,0.0,5.0,27.5,0.0
15.0,353.0,5.0,1.0,0.0,27.0,0.0,12.0,427.76,1.0
16.0,353.0,5.0,1.0,0.0,0.0,0.0,5.0,10.78,0.0
17.0,353.0,5.0,1.0,0.0,0.0,0.0,5.0,27.53,0.0
18.0,353.0,5.0,1.0,0.0,22.0,0.0,12.0,478.85,1.0
18.0,353.0,5.0,1.0,0.0,0.0,0.0,5.0,24.75,0.0
19.0,353.0,5.0,1.0,0.0,0.0,0.0,5.0,53.84,0.0
23.0,353.0,5.0,1.0,0.0,0.0,0.0,5.0,41.97,0.0
24.0,353.0,5.0,1.0,0.0,0.0,0.0,5.0,27.04,0.0
24.0,353.0,5.0,1.0,0.0,20.0,0.0,13.0,139.52,1.0
25.0,353.0,5.0,1.0,0.0,0.0,0.0,5.0,16.92,0.0
25.0,353.0,5.0,1.0,0.0,13.0,0.0,14.0,99.67,1.0
26.0,353.0,5.0,1.0,0.0,0.0,0.0,5.0,20.73,0.0
49.0,353.0,5.0,1.0,0.0,1.0,0.0,5.0,1.78,0.0
50.0,353.0,5.0,1.0,0.0,1.0,0.0,5.0,2.82,0.0
51.0,353.0,5.0,1.0,0.0,35.0,0.0,18.0,1571.14,1.0
51.0,353.0,5.0,1.0,0.0,1.0,0.0,5.0,8.5,0.0
52.0,353.0,5.0,1.0,0.0,1.0,0.0,5.0,46.04,0.0
5.0,357.0,1.0,1.0,0.0,9.0,0.0,10.0,5.99,0.0
7.0,357.0,1.0,1.0,0.0,30.0,0.0,16.0,7.89,0.0
31.0,357.0,1.0,1.0,0.0,6.0,0.0,6.0,611.91,1.0
37.0,357.0,1.0,1.0,0.0,0.0,0.0,5.0,28.79,0.0
38.0,357.0,1.0,1.0,0.0,0.0,0.0,5.0,11.32,0.0
57.0,357.0,1.0,1.0,0.0,0.0,0.0,5.0,3.67,0.0
58.0,357.0,1.0,1.0,0.0,0.0,0.0,5.0,32.34,0.0
59.0,357.0,1.0,1.0,0.0,17.0,0.0,9.0,616.24,1.0
59.0,357.0,1.0,1.0,0.0,0.0,0.0,5.0,28.71,0.0
60.0,357.0,1.0,1.0,0.0,0.0,0.0,5.0,24.61,0.0
112.0,364.0,2.0,0.0,0.0,0.0,0.0,5.0,66.36,0.0
113.0,364.0,2.0,0.0,0.0,0.0,0.0,5.0,51.28,0.0
114.0,364.0,2.0,0.0,0.0,18.0,0.0,9.0,915.0,1.0
115.0,364.0,2.0,0.0,0.0,0.0,0.0,5.0,34.32,0.0
116.0,364.0,2.0,0.0,0.0,0.0,0.0,5.0,10.11,0.0
162.0,364.0,2.0,0.0,0.0,0.0,0.0,5.0,11.7,0.0
164.0,364.0,2.0,0.0,0.0,0.0,0.0,5.0,22.07,0.0
165.0,364.0,2.0,0.0,0.0,20.0,0.0,13.0,23.54,1.0
166.0,364.0,2.0,0.0,0.0,0.0,0.0,5.0,13.98,0.0
167.0,364.0,2.0,0.0,0.0,0.0,0.0,5.0,36.32,0.0
86.0,365.0,0.0,1.0,0.0,1.0,0.0,5.0,11.99,0.0
88.0,365.0,0.0,1.0,0.0,1.0,0.0,5.0,15.59,0.0
88.0,365.0,0.0,1.0,0.0,22.0,0.0,12.0,40.83,1.0
89.0,365.0,0.0,1.0,0.0,1.0,0.0,5.0,1.68,0.0
90.0,365.0,0.0,1.0,0.0,1.0,0.0,5.0,8.14,0.0
14.0,369.0,0.0,0.0,0.0,0.0,0.0,5.0,13.16,0.0
16.0,369.0,0.0,0.0,0.0,0.0,0.0,5.0,38.13,0.0
17.0,369.0,0.0,0.0,0.0,6.0,0.0,6.0,91.39,1.0
18.0,369.0,0.0,0.0,0.0,0.0,0.0,5.0,31.39,0.0
18.0,369.0,0.0,0.0,0.0,22.0,0.0,12.0,562.03,1.0
19.0,369.0,0.0,0.0,0.0,0.0,0.0,5.0,25.62,0.0
77.0,369.0,0.0,0.0,0.0,0.0,0.0,5.0,2.7,0.0
78.0,369.0,0.0,0.0,0.0,0.0,0.0,5.0,30.87,0.0
78.0,369.0,0.0,0.0,0.0,13.0,0.0,14.0,27.26,1.0
79.0,369.0,0.0,0.0,0.0,0.0,0.0,5.0,27.55,0.0
78.0,369.0,0.0,0.0,0.0,22.0,0.0,12.0,178.3,1.0
80.0,369.0,0.0,0.0,0.0,0.0,0.0,5.0,23.79,0.0
128.0,369.0,0.0,0.0,0.0,1.0,0.0,5.0,32.22,0.0
129.0,369.0,0.0,0.0,0.0,1.0,0.0,5.0,1.65,0.0
130.0,369.0,0.0,0.0,0.0,17.0,0.0,9.0,740.18,1.0
130.0,369.0,0.0,0.0,0.0,1.0,0.0,5.0,26.26,0.0
131.0,369.0,0.0,0.0,0.0,5.0,0.0,8.0,90.55,0.0
154.0,369.0,0.0,0.0,0.0,1.0,0.0,5.0,16.91,0.0
155.0,369.0,0.0,0.0,0.0,1.0,0.0,5.0,33.59,0.0
156.0,369.0,0.0,0.0,0.0,27.0,0.0,12.0,185.71,1.0
156.0,369.0,0.0,0.0,0.0,1.0,0.0,5.0,34.49,0.0
157.0,369.0,0.0,0.0,0.0,1.0,0.0,5.0,10.91,0.0
170.0,369.0,0.0,0.0,0.0,1.0,0.0,5.0,35.05,0.0
171.0,369.0,0.0,0.0,0.0,1.0,0.0,5.0,7.36,0.0
171.0,369.0,0.0,0.0,0.0,20.0,0.0,13.0,244.73,1.0
172.0,369.0,0.0,0.0,0.0,1.0,0.0,5.0,22.73,0.0
173.0,369.0,0.0,0.0,0.0,1.0,0.0,5.0,25.04,0.0
83.0,385.0,3.0,1.0,0.0,0.0,0.0,5.0,16.1,0.0
86.0,385.0,3.0,1.0,0.0,0.0,0.0,5.0,46.03,0.0
87.0,385.0,3.0,1.0,0.0,26.0,0.0,12.0,71.29,1.0
87.0,385.0,3.0,1.0,0.0,0.0,0.0,5.0,15.22,0.0
88.0,385.0,3.0,1.0,0.0,0.0,0.0,5.0,12.77,0.0
131.0,386.0,0.0,1.0,0.0,0.0,0.0,5.0,58.04,0.0
132.0,386.0,0.0,1.0,0.0,0.0,0.0,5.0,6.94,0.0
132.0,386.0,0.0,1.0,0.0,20.0,0.0,13.0,71.76,1.0
133.0,386.0,0.0,1.0,0.0,0.0,0.0,5.0,6.8,0.0
135.0,386.0,0.0,1.0,0.0,0.0,0.0,5.0,3.73,0.0
117.0,392.0,1.0,1.0,0.0,42.0,0.0,6.0,70.86,0.0
118.0,392.0,1.0,1.0,0.0,1.0,0.0,5.0,4.75,0.0
119.0,392.0,1.0,1.0,0.0,6.0,0.0,6.0,37.54,1.0
119.0,392.0,1.0,1.0,0.0,1.0,0.0,5.0,19.77,0.0
120.0,392.0,1.0,1.0,0.0,1.0,0.0,5.0,36.82,0.0
124.0,392.0,1.0,1.0,0.0,1.0,0.0,5.0,31.61,0.0
125.0,392.0,1.0,1.0,0.0,1.0,0.0,5.0,29.35,0.0
126.0,392.0,1.0,1.0,0.0,22.0,0.0,12.0,117.35,1.0
127.0,392.0,1.0,1.0,0.0,1.0,0.0,5.0,14.48,0.0
129.0,392.0,1.0,1.0,0.0,28.0,0.0,13.0,24.93,0.0
167.0,392.0,1.0,1.0,0.0,1.0,0.0,5.0,2.89,0.0
168.0,392.0,1.0,1.0,0.0,1.0,0.0,5.0,5.34,0.0
169.0,392.0,1.0,1.0,0.0,20.0,0.0,13.0,207.35,1.0
169.0,392.0,1.0,1.0,0.0,1.0,0.0,5.0,8.27,0.0
170.0,392.0,1.0,1.0,0.0,1.0,0.0,5.0,59.06,0.0
134.0,396.0,4.0,0.0,0.0,1.0,0.0,5.0,46.84,0.0
135.0,396.0,4.0,0.0,0.0,1.0,0.0,5.0,14.28,0.0
135.0,396.0,4.0,0.0,0.0,6.0,0.0,6.0,1043.81,1.0
136.0,396.0,4.0,0.0,0.0,1.0,0.0,5.0,17.22,0.0
137.0,396.0,4.0,0.0,0.0,1.0,0.0,5.0,5.54,0.0
137.0,396.0,4.0,0.0,0.0,22.0,0.0,12.0,55.15,1.0
138.0,396.0,4.0,0.0,0.0,5.0,0.0,8.0,6.31,0.0
139.0,396.0,4.0,0.0,0.0,1.0,0.0,5.0,32.69,0.0
149.0,396.0,4.0,0.0,0.0,1.0,0.0,5.0,39.43,0.0
150.0,396.0,4.0,0.0,0.0,1.0,0.0,5.0,47.8,0.0
151.0,396.0,4.0,0.0,0.0,3.0,0.0,7.0,262.73,1.0
151.0,396.0,4.0,0.0,0.0,1.0,0.0,5.0,39.14,0.0
152.0,396.0,4.0,0.0,0.0,1.0,0.0,5.0,19.82,0.0
143.0,397.0,2.0,0.0,0.0,1.0,0.0,5.0,22.37,0.0
144.0,397.0,2.0,0.0,0.0,1.0,0.0,5.0,67.82,0.0
145.0,397.0,2.0,0.0,0.0,3.0,0.0,7.0,220.58,1.0
145.0,397.0,2.0,0.0,0.0,1.0,0.0,5.0,10.27,0.0
146.0,397.0,2.0,0.0,0.0,1.0,0.0,5.0,43.37,0.0
88.0,407.0,3.0,0.0,0.0,44.0,0.0,13.0,105.89,0.0
89.0,407.0,3.0,0.0,0.0,0.0,0.0,5.0,19.93,0.0
89.0,407.0,3.0,0.0,0.0,22.0,0.0,12.0,432.46,1.0
90.0,407.0,3.0,0.0,0.0,0.0,0.0,5.0,24.79,0.0
91.0,407.0,3.0,0.0,0.0,0.0,0.0,5.0,1.31,0.0
7.0,408.0,2.0,1.0,0.0,0.0,0.0,5.0,32.93,0.0
8.0,408.0,2.0,1.0,0.0,0.0,0.0,5.0,31.68,0.0
9.0,408.0,2.0,1.0,0.0,6.0,0.0,6.0,532.68,1.0
9.0,408.0,2.0,1.0,0.0,0.0,0.0,5.0,44.38,0.0
10.0,408.0,2.0,1.0,0.0,0.0,0.0,5.0,16.58,0.0
14.0,408.0,2.0,1.0,0.0,0.0,0.0,5.0,4.42,0.0
15.0,408.0,2.0,1.0,0.0,0.0,0.0,5.0,15.67,0.0
15.0,408.0,2.0,1.0,0.0,20.0,0.0,13.0,136.18,1.0
17.0,408.0,2.0,1.0,0.0,0.0,0.0,5.0,49.24,0.0
18.0,408.0,2.0,1.0,0.0,0.0,0.0,5.0,5.02,0.0
128.0,408.0,2.0,1.0,0.0,1.0,0.0,5.0,30.67,0.0
129.0,408.0,2.0,1.0,0.0,1.0,0.0,5.0,70.4,0.0
130.0,408.0,2.0,1.0,0.0,22.0,0.0,12.0,553.33,1.0
130.0,408.0,2.0,1.0,0.0,5.0,0.0,8.0,77.75,0.0
131.0,408.0,2.0,1.0,0.0,1.0,0.0,5.0,41.24,0.0
51.0,413.0,5.0,0.0,0.0,0.0,0.0,5.0,14.29,0.0
52.0,413.0,5.0,0.0,0.0,0.0,0.0,5.0,57.54,0.0
53.0,413.0,5.0,0.0,0.0,16.0,0.0,16.0,488.53,1.0
53.0,413.0,5.0,0.0,0.0,9.0,0.0,10.0,30.06,0.0
54.0,413.0,5.0,0.0,0.0,0.0,0.0,5.0,6.56,0.0
112.0,413.0,5.0,0.0,0.0,22.0,0.0,12.0,45.73,0.0
154.0,413.0,5.0,0.0,0.0,20.0,0.0,13.0,40.88,0.0
159.0,413.0,5.0,0.0,0.0,35.0,0.0,18.0,748.0,1.0
169.0,413.0,5.0,0.0,0.0,12.0,0.0,13.0,136.74,0.0
169.0,413.0,5.0,0.0,0.0,20.0,0.0,13.0,6.14,0.0
177.0,413.0,5.0,0.0,0.0,0.0,0.0,5.0,36.83,0.0
178.0,413.0,5.0,0.0,0.0,0.0,0.0,5.0,16.28,0.0
178.0,413.0,5.0,0.0,0.0,3.0,0.0,7.0,514.84,1.0
179.0,413.0,5.0,0.0,0.0,0.0,0.0,5.0,34.2,0.0
179.0,413.0,5.0,0.0,0.0,6.0,0.0,6.0,933.41,1.0
59.0,414.0,0.0,0.0,0.0,0.0,0.0,5.0,65.27,0.0
60.0,414.0,0.0,0.0,0.0,0.0,0.0,5.0,46.44,0.0
60.0,414.0,0.0,0.0,0.0,6.0,0.0,6.0,773.41,1.0
61.0,414.0,0.0,0.0,0.0,0.0,0.0,5.0,27.83,0.0
62.0,414.0,0.0,0.0,0.0,0.0,0.0,5.0,10.44,0.0
78.0,414.0,0.0,0.0,0.0,0.0,0.0,5.0,53.87,0.0
80.0,414.0,0.0,0.0,0.0,0.0,0.0,5.0,46.28,0.0
81.0,414.0,0.0,0.0,0.0,22.0,0.0,12.0,260.04,1.0
81.0,414.0,0.0,0.0,0.0,0.0,0.0,5.0,15.47,0.0
82.0,414.0,0.0,0.0,0.0,0.0,0.0,5.0,16.6,0.0
122.0,414.0,0.0,0.0,0.0,1.0,0.0,5.0,29.71,0.0
123.0,414.0,0.0,0.0,0.0,1.0,0.0,5.0,12.94,0.0
123.0,414.0,0.0,0.0,0.0,12.0,0.0,13.0,195.49,1.0
124.0,414.0,0.0,0.0,0.0,1.0,0.0,5.0,19.89,0.0
125.0,414.0,0.0,0.0,0.0,1.0,0.0,5.0,26.27,0.0
134.0,414.0,0.0,0.0,0.0,1.0,0.0,5.0,2.54,0.0
135.0,414.0,0.0,0.0,0.0,14.0,0.0,15.0,119.99,0.0
136.0,414.0,0.0,0.0,0.0,22.0,0.0,12.0,68.88,1.0
136.0,414.0,0.0,0.0,0.0,1.0,0.0,5.0,11.95,0.0
137.0,414.0,0.0,0.0,0.0,1.0,0.0,5.0,62.07,0.0
97.0,415.0,1.0,1.0,0.0,39.0,0.0,18.0,706.25,0.0
116.0,415.0,1.0,1.0,0.0,3.0,0.0,7.0,205.75,0.0
139.0,415.0,1.0,1.0,0.0,22.0,0.0,12.0,659.07,1.0
144.0,415.0,1.0,1.0,0.0,15.0,0.0,13.0,67.22,1.0
16.0,428.0,2.0,1.0,0.0,0.0,0.0,5.0,32.13,0.0
17.0,428.0,2.0,1.0,0.0,0.0,0.0,5.0,28.31,0.0
17.0,428.0,2.0,1.0,0.0,27.0,0.0,12.0,233.48,1.0
18.0,428.0,2.0,1.0,0.0,0.0,0.0,5.0,49.05,0.0
19.0,428.0,2.0,1.0,0.0,0.0,0.0,5.0,56.8,0.0
109.0,428.0,2.0,1.0,0.0,0.0,0.0,5.0,13.93,0.0
109.0,428.0,2.0,1.0,0.0,1.0,0.0,5.0,34.84,0.0
109.0,428.0,2.0,1.0,0.0,20.0,0.0,13.0,117.45,1.0
110.0,428.0,2.0,1.0,0.0,1.0,0.0,5.0,6.86,0.0
111.0,428.0,2.0,1.0,0.0,1.0,0.0,5.0,54.72,0.0
32.0,430.0,2.0,0.0,0.0,0.0,0.0,5.0,22.92,0.0
33.0,430.0,2.0,0.0,0.0,0.0,0.0,5.0,69.59,0.0
33.0,430.0,2.0,0.0,0.0,38.0,0.0,19.0,212.26,1.0
35.0,430.0,2.0,0.0,0.0,0.0,0.0,5.0,1.56,0.0
36.0,430.0,2.0,0.0,0.0,0.0,0.0,5.0,8.19,0.0
47.0,430.0,2.0,0.0,0.0,15.0,0.0,13.0,45.69,0.0
48.0,430.0,2.0,0.0,0.0,20.0,0.0,13.0,105.16,0.0
54.0,430.0,2.0,0.0,0.0,6.0,0.0,6.0,547.77,1.0
60.0,430.0,2.0,0.0,0.0,9.0,0.0,10.0,82.11,0.0
61.0,430.0,2.0,0.0,0.0,0.0,0.0,5.0,19.15,0.0
146.0,430.0,2.0,0.0,0.0,1.0,0.0,5.0,51.19,0.0
147.0,430.0,2.0,0.0,0.0,1.0,0.0,5.0,8.3,0.0
148.0,430.0,2.0,0.0,0.0,19.0,0.0,9.0,87.55,1.0
148.0,430.0,2.0,0.0,0.0,1.0,0.0,5.0,6.79,0.0
149.0,430.0,2.0,0.0,0.0,1.0,0.0,5.0,15.55,0.0
35.0,431.0,2.0,1.0,0.0,0.0,0.0,5.0,42.63,0.0
36.0,431.0,2.0,1.0,0.0,0.0,0.0,5.0,22.46,0.0
36.0,431.0,2.0,1.0,0.0,17.0,0.0,9.0,66.55,1.0
37.0,431.0,2.0,1.0,0.0,0.0,0.0,5.0,6.16,0.0
38.0,431.0,2.0,1.0,0.0,0.0,0.0,5.0,12.07,0.0
43.0,433.0,2.0,1.0,0.0,0.0,0.0,5.0,14.01,0.0
44.0,433.0,2.0,1.0,0.0,0.0,0.0,5.0,59.83,0.0
45.0,433.0,2.0,1.0,0.0,6.0,0.0,6.0,524.19,1.0
45.0,433.0,2.0,1.0,0.0,0.0,0.0,5.0,15.07,0.0
46.0,433.0,2.0,1.0,0.0,0.0,0.0,5.0,33.76,0.0
48.0,433.0,2.0,1.0,0.0,22.0,0.0,12.0,133.82,1.0
48.0,433.0,2.0,1.0,0.0,9.0,0.0,10.0,29.08,0.0
49.0,433.0,2.0,1.0,0.0,0.0,0.0,5.0,44.86,0.0
56.0,433.0,2.0,1.0,0.0,0.0,0.0,5.0,13.73,0.0
57.0,433.0,2.0,1.0,0.0,0.0,0.0,5.0,46.04,0.0
57.0,433.0,2.0,1.0,0.0,22.0,0.0,12.0,932.71,1.0
58.0,433.0,2.0,1.0,0.0,0.0,0.0,5.0,44.92,0.0
60.0,433.0,2.0,1.0,0.0,0.0,0.0,5.0,23.13,0.0
74.0,433.0,2.0,1.0,0.0,1.0,0.0,5.0,14.08,0.0
75.0,433.0,2.0,1.0,0.0,1.0,0.0,5.0,5.42,0.0
75.0,433.0,2.0,1.0,0.0,22.0,0.0,12.0,92.61,1.0
76.0,433.0,2.0,1.0,0.0,5.0,0.0,8.0,3.86,0.0
76.0,433.0,2.0,1.0,0.0,22.0,0.0,12.0,547.7,1.0
77.0,433.0,2.0,1.0,0.0,5.0,0.0,8.0,38.58,0.0
0.0,434.0,2.0,0.0,0.0,19.0,0.0,9.0,176.32,1.0
5.0,434.0,2.0,0.0,0.0,7.0,0.0,6.0,10.42,0.0
20.0,434.0,2.0,0.0,0.0,19.0,0.0,9.0,374.58,1.0
48.0,434.0,2.0,0.0,0.0,7.0,0.0,6.0,84.9,0.0
60.0,434.0,2.0,0.0,0.0,6.0,0.0,6.0,420.37,1.0
62.0,434.0,2.0,0.0,0.0,9.0,0.0,10.0,77.53,0.0
63.0,434.0,2.0,0.0,0.0,0.0,0.0,5.0,15.25,0.0
68.0,434.0,2.0,0.0,0.0,1.0,0.0,5.0,13.0,0.0
69.0,434.0,2.0,0.0,0.0,1.0,0.0,5.0,28.95,0.0
70.0,434.0,2.0,0.0,0.0,22.0,0.0,12.0,415.79,1.0
70.0,434.0,2.0,0.0,0.0,1.0,0.0,5.0,19.49,0.0
71.0,434.0,2.0,0.0,0.0,5.0,0.0,8.0,55.95,0.0
0.0,435.0,2.0,0.0,0.0,19.0,0.0,9.0,337.41,1.0
27.0,435.0,2.0,0.0,0.0,7.0,0.0,6.0,123.61,0.0
6.0,435.0,2.0,0.0,0.0,30.0,0.0,16.0,264.18,1.0
48.0,435.0,2.0,0.0,0.0,20.0,0.0,13.0,74.84,0.0
83.0,435.0,2.0,0.0,0.0,0.0,0.0,5.0,72.67,0.0
84.0,435.0,2.0,0.0,0.0,0.0,0.0,5.0,7.68,0.0
84.0,435.0,2.0,0.0,0.0,6.0,0.0,6.0,186.97,1.0
85.0,435.0,2.0,0.0,0.0,0.0,0.0,5.0,35.71,0.0
86.0,435.0,2.0,0.0,0.0,0.0,0.0,5.0,28.59,0.0
160.0,435.0,2.0,0.0,0.0,0.0,0.0,5.0,19.62,0.0
161.0,435.0,2.0,0.0,0.0,0.0,0.0,5.0,31.83,0.0
161.0,435.0,2.0,0.0,0.0,6.0,0.0,6.0,27.24,1.0
162.0,435.0,2.0,0.0,0.0,13.0,0.0,14.0,6.73,0.0
163.0,435.0,2.0,0.0,0.0,0.0,0.0,5.0,26.36,0.0
33.0,436.0,5.0,1.0,0.0,0.0,0.0,5.0,15.28,0.0
34.0,436.0,5.0,1.0,0.0,0.0,0.0,5.0,59.78,0.0
34.0,436.0,5.0,1.0,0.0,22.0,0.0,12.0,16.6,1.0
35.0,436.0,5.0,1.0,0.0,0.0,0.0,5.0,16.25,0.0
36.0,436.0,5.0,1.0,0.0,0.0,0.0,5.0,45.73,0.0
38.0,436.0,5.0,1.0,0.0,35.0,0.0,18.0,4969.59,1.0
38.0,436.0,5.0,1.0,0.0,0.0,0.0,5.0,10.41,0.0
39.0,436.0,5.0,1.0,0.0,0.0,0.0,5.0,8.54,0.0
51.0,436.0,5.0,1.0,0.0,0.0,0.0,5.0,57.75,0.0
52.0,436.0,5.0,1.0,0.0,0.0,0.0,5.0,22.65,0.0
53.0,436.0,5.0,1.0,0.0,35.0,0.0,18.0,588.31,1.0
53.0,436.0,5.0,1.0,0.0,0.0,0.0,5.0,51.1,0.0
54.0,436.0,5.0,1.0,0.0,0.0,0.0,5.0,44.98,0.0
166.0,436.0,5.0,1.0,0.0,0.0,0.0,5.0,29.24,0.0
167.0,436.0,5.0,1.0,0.0,0.0,0.0,5.0,8.23,0.0
168.0,436.0,5.0,1.0,0.0,22.0,0.0,12.0,368.76,1.0
169.0,436.0,5.0,1.0,0.0,0.0,0.0,5.0,57.16,0.0
170.0,436.0,5.0,1.0,0.0,0.0,0.0,5.0,5.56,0.0
69.0,441.0,0.0,1.0,0.0,1.0,0.0,5.0,52.88,0.0
70.0,441.0,0.0,1.0,0.0,1.0,0.0,5.0,56.11,0.0
70.0,441.0,0.0,1.0,0.0,38.0,0.0,19.0,356.42,1.0
71.0,441.0,0.0,1.0,0.0,1.0,0.0,5.0,19.13,0.0
72.0,441.0,0.0,1.0,0.0,1.0,0.0,5.0,37.19,0.0
57.0,452.0,4.0,0.0,0.0,8.0,0.0,9.0,195.63,0.0
67.0,452.0,4.0,0.0,0.0,7.0,0.0,6.0,60.52,0.0
74.0,452.0,4.0,0.0,0.0,11.0,0.0,12.0,19.92,1.0
99.0,452.0,4.0,0.0,0.0,22.0,0.0,12.0,51.41,0.0
99.0,452.0,4.0,0.0,0.0,48.0,0.0,12.0,43.68,0.0
115.0,452.0,4.0,0.0,0.0,22.0,0.0,12.0,397.4,1.0
116.0,452.0,4.0,0.0,0.0,25.0,0.0,15.0,84.85,0.0
123.0,452.0,4.0,0.0,0.0,22.0,0.0,12.0,702.97,1.0
127.0,452.0,4.0,0.0,0.0,25.0,0.0,15.0,34.4,0.0
138.0,452.0,4.0,0.0,0.0,6.0,0.0,6.0,120.36,0.0
138.0,452.0,4.0,0.0,0.0,2.0,0.0,6.0,108.43,0.0
139.0,452.0,4.0,0.0,0.0,25.0,0.0,15.0,92.76,0.0
144.0,452.0,4.0,0.0,0.0,25.0,0.0,15.0,504.41,1.0
150.0,452.0,4.0,0.0,0.0,41.0,0.0,19.0,296.93,1.0
55.0,453.0,3.0,0.0,0.0,0.0,0.0,5.0,17.31,0.0
56.0,453.0,3.0,0.0,0.0,0.0,0.0,5.0,57.1,0.0
57.0,453.0,3.0,0.0,0.0,11.0,0.0,12.0,192.53,1.0
57.0,453.0,3.0,0.0,0.0,0.0,0.0,5.0,9.03,0.0
58.0,453.0,3.0,0.0,0.0,15.0,0.0,13.0,6.64,0.0
68.0,453.0,3.0,0.0,0.0,0.0,0.0,5.0,10.72,0.0
69.0,453.0,3.0,0.0,0.0,0.0,0.0,5.0,21.06,0.0
69.0,453.0,3.0,0.0,0.0,6.0,0.0,6.0,121.29,1.0
70.0,453.0,3.0,0.0,0.0,0.0,0.0,5.0,9.42,0.0
71.0,453.0,3.0,0.0,0.0,0.0,0.0,5.0,33.59,0.0
38.0,460.0,0.0,1.0,0.0,1.0,0.0,5.0,24.62,0.0
39.0,460.0,0.0,1.0,0.0,1.0,0.0,5.0,5.69,0.0
40.0,460.0,0.0,1.0,0.0,6.0,0.0,6.0,424.99,1.0
40.0,460.0,0.0,1.0,0.0,1.0,0.0,5.0,15.12,0.0
41.0,460.0,0.0,1.0,0.0,1.0,0.0,5.0,30.81,0.0
171.0,460.0,0.0,1.0,0.0,5.0,0.0,8.0,42.39,0.0
172.0,460.0,0.0,1.0,0.0,1.0,0.0,5.0,12.2,0.0
172.0,460.0,0.0,1.0,0.0,6.0,0.0,6.0,144.14,1.0
173.0,460.0,0.0,1.0,0.0,1.0,0.0,5.0,14.75,0.0
172.0,460.0,0.0,1.0,0.0,6.0,0.0,6.0,709.55,1.0
174.0,460.0,0.0,1.0,0.0,1.0,0.0,5.0,15.66,0.0
13.0,466.0,1.0,1.0,0.0,22.0,0.0,12.0,64.8,0.0
13.0,466.0,1.0,1.0,0.0,48.0,0.0,12.0,102.03,0.0
30.0,466.0,1.0,1.0,0.0,6.0,0.0,6.0,313.8,1.0
51.0,466.0,1.0,1.0,0.0,13.0,0.0,14.0,289.73,1.0
53.0,466.0,1.0,1.0,0.0,6.0,0.0,6.0,39.06,1.0
57.0,466.0,1.0,1.0,0.0,22.0,0.0,12.0,125.01,1.0
58.0,466.0,1.0,1.0,0.0,18.0,0.0,9.0,1195.59,1.0
60.0,466.0,1.0,1.0,0.0,6.0,0.0,6.0,183.3,1.0
66.0,466.0,1.0,1.0,0.0,6.0,0.0,6.0,814.73,1.0
67.0,466.0,1.0,1.0,0.0,11.0,0.0,12.0,558.51,1.0
67.0,466.0,1.0,1.0,0.0,6.0,0.0,6.0,256.45,1.0
67.0,466.0,1.0,1.0,0.0,22.0,0.0,12.0,388.14,1.0
69.0,466.0,1.0,1.0,0.0,38.0,0.0,19.0,343.96,1.0
69.0,466.0,1.0,1.0,0.0,15.0,0.0,13.0,197.55,1.0
71.0,466.0,1.0,1.0,0.0,31.0,0.0,9.0,415.38,1.0
73.0,466.0,1.0,1.0,0.0,41.0,0.0,19.0,238.97,1.0
73.0,466.0,1.0,1.0,0.0,41.0,0.0,19.0,209.7,1.0
73.0,466.0,1.0,1.0,0.0,38.0,0.0,19.0,385.02,1.0
74.0,466.0,1.0,1.0,0.0,11.0,0.0,12.0,709.73,1.0
75.0,466.0,1.0,1.0,0.0,6.0,0.0,6.0,515.53,1.0
75.0,466.0,1.0,1.0,0.0,35.0,0.0,18.0,3397.53,1.0
75.0,466.0,1.0,1.0,0.0,6.0,0.0,6.0,79.19,1.0
75.0,466.0,1.0,1.0,0.0,30.0,0.0,16.0,269.34,1.0
76.0,466.0,1.0,1.0,0.0,22.0,0.0,12.0,31.01,1.0
77.0,466.0,1.0,1.0,0.0,35.0,0.0,18.0,7272.41,1.0
77.0,466.0,1.0,1.0,0.0,20.0,0.0,13.0,74.4,1.0
80.0,466.0,1.0,1.0,0.0,22.0,0.0,12.0,248.37,1.0
81.0,466.0,1.0,1.0,0.0,3.0,0.0,7.0,619.71,1.0
82.0,466.0,1.0,1.0,0.0,17.0,0.0,9.0,479.0,1.0
83.0,466.0,1.0,1.0,0.0,6.0,0.0,6.0,159.83,1.0
84.0,466.0,1.0,1.0,0.0,22.0,0.0,12.0,22.72,1.0
85.0,466.0,1.0,1.0,0.0,12.0,0.0,13.0,73.47,1.0
85.0,466.0,1.0,1.0,0.0,11.0,0.0,12.0,193.29,1.0
90.0,466.0,1.0,1.0,0.0,13.0,0.0,14.0,303.07,1.0
91.0,466.0,1.0,1.0,0.0,6.0,0.0,6.0,586.93,1.0
92.0,466.0,1.0,1.0,0.0,6.0,0.0,6.0,12.15,1.0
92.0,466.0,1.0,1.0,0.0,6.0,0.0,6.0,597.92,1.0
92.0,466.0,1.0,1.0,0.0,30.0,0.0,16.0,336.78,1.0
93.0,466.0,1.0,1.0,0.0,22.0,0.0,12.0,240.88,1.0
94.0,466.0,1.0,1.0,0.0,7.0,0.0,6.0,141.78,0.0
93.0,466.0,1.0,1.0,0.0,6.0,0.0,6.0,84.85,1.0
94.0,466.0,1.0,1.0,0.0,31.0,0.0,9.0,104.91,1.0
98.0,466.0,1.0,1.0,0.0,22.0,0.0,12.0,261.84,1.0
98.0,466.0,1.0,1.0,0.0,20.0,0.0,13.0,171.65,1.0
102.0,466.0,1.0,1.0,0.0,16.0,0.0,16.0,421.41,1.0
103.0,466.0,1.0,1.0,0.0,22.0,0.0,12.0,95.25,0.0
102.0,466.0,1.0,1.0,0.0,41.0,0.0,19.0,368.75,1.0
103.0,466.0,1.0,1.0,0.0,48.0,0.0,12.0,125.08,0.0
103.0,466.0,1.0,1.0,0.0,11.0,0.0,12.0,181.61,1.0
105.0,466.0,1.0,1.0,0.0,20.0,0.0,13.0,114.35,0.0
106.0,466.0,1.0,1.0,0.0,6.0,0.0,6.0,687.67,1.0
107.0,466.0,1.0,1.0,0.0,25.0,0.0,15.0,118.03,1.0
108.0,466.0,1.0,1.0,0.0,6.0,0.0,6.0,200.69,1.0
108.0,466.0,1.0,1.0,0.0,12.0,0.0,13.0,274.41,1.0
108.0,466.0,1.0,1.0,0.0,22.0,0.0,12.0,218.54,1.0
109.0,466.0,1.0,1.0,0.0,15.0,0.0,13.0,71.51,1.0
110.0,466.0,1.0,1.0,0.0,16.0,0.0,16.0,210.15,1.0
111.0,466.0,1.0,1.0,0.0,41.0,0.0,19.0,372.67,1.0
111.0,466.0,1.0,1.0,0.0,17.0,0.0,9.0,62.25,1.0
111.0,466.0,1.0,1.0,0.0,6.0,0.0,6.0,18.83,0.0
111.0,466.0,1.0,1.0,0.0,22.0,0.0,12.0,59.59,1.0
113.0,466.0,1.0,1.0,0.0,6.0,0.0,6.0,104.15,1.0
113.0,466.0,1.0,1.0,0.0,12.0,0.0,13.0,440.71,1.0
114.0,466.0,1.0,1.0,0.0,6.0,0.0,6.0,386.14,1.0
115.0,466.0,1.0,1.0,0.0,6.0,0.0,6.0,1053.36,1.0
116.0,466.0,1.0,1.0,0.0,22.0,0.0,12.0,545.73,1.0
116.0,466.0,1.0,1.0,0.0,22.0,0.0,12.0,58.79,1.0
117.0,466.0,1.0,1.0,0.0,6.0,0.0,6.0,435.12,1.0
123.0,466.0,1.0,1.0,0.0,22.0,0.0,12.0,675.54,1.0
128.0,466.0,1.0,1.0,0.0,22.0,0.0,12.0,552.73,1.0
128.0,466.0,1.0,1.0,0.0,22.0,0.0,12.0,264.47,1.0
132.0,466.0,1.0,1.0,0.0,12.0,0.0,13.0,38.31,0.0
129.0,466.0,1.0,1.0,0.0,6.0,0.0,6.0,431.7,1.0
133.0,466.0,1.0,1.0,0.0,6.0,0.0,6.0,462.99,1.0
136.0,466.0,1.0,1.0,0.0,26.0,0.0,12.0,175.46,1.0
137.0,466.0,1.0,1.0,0.0,20.0,0.0,13.0,144.15,1.0
143.0,466.0,1.0,1.0,0.0,6.0,0.0,6.0,148.35,1.0
144.0,466.0,1.0,1.0,0.0,17.0,0.0,9.0,833.01,1.0
146.0,466.0,1.0,1.0,0.0,22.0,0.0,12.0,419.88,1.0
148.0,466.0,1.0,1.0,0.0,10.0,0.0,11.0,867.27,1.0
150.0,466.0,1.0,1.0,0.0,41.0,0.0,19.0,168.46,1.0
150.0,466.0,1.0,1.0,0.0,10.0,0.0,11.0,295.43,1.0
151.0,466.0,1.0,1.0,0.0,13.0,0.0,14.0,124.61,1.0
152.0,466.0,1.0,1.0,0.0,6.0,0.0,6.0,611.8,1.0
154.0,466.0,1.0,1.0,0.0,11.0,0.0,12.0,506.92,1.0
156.0,466.0,1.0,1.0,0.0,9.0,0.0,10.0,72.34,1.0
161.0,466.0,1.0,1.0,0.0,9.0,0.0,10.0,7.35,1.0
162.0,466.0,1.0,1.0,0.0,22.0,0.0,12.0,618.46,1.0
163.0,466.0,1.0,1.0,0.0,12.0,0.0,13.0,54.31,0.0
162.0,466.0,1.0,1.0,0.0,22.0,0.0,12.0,337.46,1.0
163.0,466.0,1.0,1.0,0.0,20.0,0.0,13.0,90.78,0.0
164.0,466.0,1.0,1.0,0.0,13.0,0.0,14.0,0.8,0.0
165.0,466.0,1.0,1.0,0.0,0.0,0.0,5.0,22.04,0.0
166.0,466.0,1.0,1.0,0.0,35.0,0.0,18.0,3084.54,1.0
166.0,466.0,1.0,1.0,0.0,0.0,0.0,5.0,34.27,0.0
167.0,466.0,1.0,1.0,0.0,0.0,0.0,5.0,20.89,0.0
167.0,466.0,1.0,1.0,0.0,18.0,0.0,9.0,79.31,1.0
168.0,466.0,1.0,1.0,0.0,0.0,0.0,5.0,20.47,0.0
168.0,466.0,1.0,1.0,0.0,22.0,0.0,12.0,533.9,1.0
169.0,466.0,1.0,1.0,0.0,0.0,0.0,5.0,13.03,0.0
170.0,466.0,1.0,1.0,0.0,0.0,0.0,5.0,35.82,0.0
170.0,466.0,1.0,1.0,0.0,35.0,0.0,18.0,3202.11,1.0
171.0,466.0,1.0,1.0,0.0,0.0,0.0,5.0,18.39,0.0
171.0,466.0,1.0,1.0,0.0,6.0,0.0,6.0,365.44,1.0
172.0,466.0,1.0,1.0,0.0,0.0,0.0,5.0,36.57,0.0
174.0,466.0,1.0,1.0,0.0,0.0,0.0,5.0,27.99,0.0
174.0,466.0,1.0,1.0,0.0,45.0,0.0,18.0,564.59,1.0
177.0,466.0,1.0,1.0,0.0,0.0,0.0,5.0,75.36,0.0
178.0,466.0,1.0,1.0,0.0,0.0,0.0,5.0,48.46,0.0
95.0,467.0,6.0,2.0,0.0,0.0,0.0,5.0,9.61,0.0
99.0,467.0,6.0,2.0,0.0,0.0,0.0,5.0,15.15,0.0
100.0,467.0,6.0,2.0,0.0,16.0,0.0,16.0,1215.63,1.0
102.0,467.0,6.0,2.0,0.0,0.0,0.0,5.0,11.79,0.0
103.0,467.0,6.0,2.0,0.0,0.0,0.0,5.0,73.22,0.0
162.0,480.0,1.0,1.0,0.0,0.0,0.0,5.0,14.66,0.0
163.0,480.0,1.0,1.0,0.0,0.0,0.0,5.0,51.77,0.0
164.0,480.0,1.0,1.0,0.0,35.0,0.0,18.0,3763.11,1.0
164.0,480.0,1.0,1.0,0.0,0.0,0.0,5.0,2.04,0.0
166.0,480.0,1.0,1.0,0.0,0.0,0.0,5.0,84.95,0.0
39.0,484.0,0.0,1.0,0.0,6.0,0.0,6.0,93.24,0.0
39.0,484.0,0.0,1.0,0.0,7.0,0.0,6.0,192.32,0.0
42.0,484.0,0.0,1.0,0.0,6.0,0.0,6.0,645.17,1.0
51.0,484.0,0.0,1.0,0.0,7.0,0.0,6.0,47.86,0.0
51.0,484.0,0.0,1.0,0.0,2.0,0.0,6.0,67.4,0.0
96.0,484.0,0.0,1.0,0.0,9.0,0.0,10.0,63.56,0.0
97.0,484.0,0.0,1.0,0.0,12.0,0.0,13.0,656.62,1.0
97.0,484.0,0.0,1.0,0.0,0.0,0.0,5.0,3.89,0.0
99.0,484.0,0.0,1.0,0.0,0.0,0.0,5.0,35.9,0.0
100.0,484.0,0.0,1.0,0.0,0.0,0.0,5.0,46.89,0.0
101.0,484.0,0.0,1.0,0.0,35.0,0.0,18.0,5205.67,1.0
101.0,484.0,0.0,1.0,0.0,0.0,0.0,5.0,17.9,0.0
102.0,484.0,0.0,1.0,0.0,0.0,0.0,5.0,40.05,0.0
123.0,484.0,0.0,1.0,0.0,0.0,0.0,5.0,8.63,0.0
124.0,484.0,0.0,1.0,0.0,0.0,0.0,5.0,6.74,0.0
126.0,484.0,0.0,1.0,0.0,2.0,0.0,6.0,662.31,1.0
126.0,484.0,0.0,1.0,0.0,0.0,0.0,5.0,24.98,0.0
127.0,484.0,0.0,1.0,0.0,0.0,0.0,5.0,10.32,0.0
156.0,484.0,0.0,1.0,0.0,1.0,0.0,5.0,15.05,0.0
157.0,484.0,0.0,1.0,0.0,1.0,0.0,5.0,42.55,0.0
158.0,484.0,0.0,1.0,0.0,18.0,0.0,9.0,856.02,1.0
158.0,484.0,0.0,1.0,0.0,1.0,0.0,5.0,20.78,0.0
159.0,484.0,0.0,1.0,0.0,1.0,0.0,5.0,59.35,0.0
175.0,488.0,1.0,0.0,0.0,5.0,0.0,8.0,4.12,0.0
176.0,488.0,1.0,0.0,0.0,1.0,0.0,5.0,22.37,0.0
176.0,488.0,1.0,0.0,0.0,35.0,0.0,18.0,5592.11,1.0
177.0,488.0,1.0,0.0,0.0,1.0,0.0,5.0,41.63,0.0
178.0,488.0,1.0,0.0,0.0,1.0,0.0,5.0,27.86,0.0
153.0,491.0,2.0,1.0,0.0,0.0,0.0,5.0,7.5,0.0
154.0,491.0,2.0,1.0,0.0,9.0,0.0,10.0,9.99,0.0
154.0,491.0,2.0,1.0,0.0,6.0,0.0,6.0,347.41,1.0
156.0,491.0,2.0,1.0,0.0,9.0,0.0,10.0,8.68,0.0
157.0,491.0,2.0,1.0,0.0,0.0,0.0,5.0,50.38,0.0
59.0,499.0,2.0,1.0,0.0,0.0,0.0,5.0,17.19,0.0
60.0,499.0,2.0,1.0,0.0,0.0,0.0,5.0,44.11,0.0
61.0,499.0,2.0,1.0,0.0,35.0,0.0,18.0,1606.29,1.0
61.0,499.0,2.0,1.0,0.0,0.0,0.0,5.0,24.56,0.0
62.0,499.0,2.0,1.0,0.0,0.0,0.0,5.0,24.58,0.0
63.0,499.0,2.0,1.0,0.0,0.0,0.0,5.0,11.73,0.0
64.0,499.0,2.0,1.0,0.0,0.0,0.0,5.0,34.66,0.0
65.0,499.0,2.0,1.0,0.0,22.0,0.0,12.0,50.47,1.0
65.0,499.0,2.0,1.0,0.0,0.0,0.0,5.0,19.69,0.0
66.0,499.0,2.0,1.0,0.0,0.0,0.0,5.0,21.73,0.0
122.0,508.0,1.0,0.0,0.0,0.0,0.0,5.0,48.69,0.0
123.0,508.0,1.0,0.0,0.0,0.0,0.0,5.0,15.04,0.0
124.0,508.0,1.0,0.0,0.0,35.0,0.0,18.0,1433.83,1.0
124.0,508.0,1.0,0.0,0.0,0.0,0.0,5.0,40.34,0.0
125.0,508.0,1.0,0.0,0.0,0.0,0.0,5.0,10.9,0.0
144.0,508.0,1.0,0.0,0.0,0.0,0.0,5.0,8.6,0.0
146.0,508.0,1.0,0.0,0.0,0.0,0.0,5.0,10.23,0.0
146.0,508.0,1.0,0.0,0.0,22.0,0.0,12.0,163.79,1.0
147.0,508.0,1.0,0.0,0.0,0.0,0.0,5.0,6.54,0.0
148.0,508.0,1.0,0.0,0.0,0.0,0.0,5.0,22.76,0.0
116.0,510.0,0.0,1.0,0.0,0.0,0.0,5.0,28.2,0.0
117.0,510.0,0.0,1.0,0.0,0.0,0.0,5.0,17.45,0.0
118.0,510.0,0.0,1.0,0.0,22.0,0.0,12.0,383.0,1.0
118.0,510.0,0.0,1.0,0.0,0.0,0.0,5.0,4.15,0.0
119.0,510.0,0.0,1.0,0.0,0.0,0.0,5.0,55.35,0.0
11.0,516.0,2.0,1.0,0.0,1.0,0.0,5.0,10.37,0.0
12.0,516.0,2.0,1.0,0.0,10.0,0.0,11.0,191.11,0.0
12.0,516.0,2.0,1.0,0.0,10.0,0.0,11.0,85.58,1.0
13.0,516.0,2.0,1.0,0.0,1.0,0.0,5.0,16.99,0.0
14.0,516.0,2.0,1.0,0.0,1.0,0.0,5.0,3.95,0.0
33.0,516.0,2.0,1.0,0.0,1.0,0.0,5.0,18.21,0.0
34.0,516.0,2.0,1.0,0.0,1.0,0.0,5.0,13.02,0.0
34.0,516.0,2.0,1.0,0.0,6.0,0.0,6.0,465.86,1.0
35.0,516.0,2.0,1.0,0.0,28.0,0.0,13.0,63.25,0.0
36.0,516.0,2.0,1.0,0.0,0.0,0.0,5.0,10.4,0.0
38.0,522.0,1.0,0.0,0.0,0.0,0.0,5.0,28.63,0.0
39.0,522.0,1.0,0.0,0.0,0.0,0.0,5.0,3.46,0.0
40.0,522.0,1.0,0.0,0.0,6.0,0.0,6.0,118.25,1.0
41.0,522.0,1.0,0.0,0.0,15.0,0.0,13.0,37.63,0.0
41.0,522.0,1.0,0.0,0.0,44.0,0.0,13.0,72.27,0.0
53.0,522.0,1.0,0.0,0.0,1.0,0.0,5.0,18.07,0.0
55.0,522.0,1.0,0.0,0.0,1.0,0.0,5.0,4.84,0.0
55.0,522.0,1.0,0.0,0.0,6.0,0.0,6.0,268.4,1.0
56.0,522.0,1.0,0.0,0.0,1.0,0.0,5.0,48.78,0.0
57.0,522.0,1.0,0.0,0.0,1.0,0.0,5.0,14.08,0.0
60.0,522.0,1.0,0.0,0.0,1.0,0.0,5.0,5.44,0.0
61.0,522.0,1.0,0.0,0.0,1.0,0.0,5.0,28.52,0.0
61.0,522.0,1.0,0.0,0.0,35.0,0.0,18.0,5734.06,1.0
62.0,522.0,1.0,0.0,0.0,1.0,0.0,5.0,8.02,0.0
63.0,522.0,1.0,0.0,0.0,1.0,0.0,5.0,15.12,0.0
125.0,525.0,1.0,1.0,0.0,5.0,0.0,8.0,19.49,0.0
126.0,525.0,1.0,1.0,0.0,1.0,0.0,5.0,26.29,0.0
126.0,525.0,1.0,1.0,0.0,22.0,0.0,12.0,253.42,1.0
127.0,525.0,1.0,1.0,0.0,1.0,0.0,5.0,8.65,0.0
129.0,525.0,1.0,1.0,0.0,1.0,0.0,5.0,37.49,0.0
161.0,525.0,1.0,1.0,0.0,1.0,0.0,5.0,4.82,0.0
162.0,525.0,1.0,1.0,0.0,1.0,0.0,5.0,33.28,0.0
162.0,525.0,1.0,1.0,0.0,19.0,0.0,9.0,443.77,1.0
163.0,525.0,1.0,1.0,0.0,1.0,0.0,5.0,42.81,0.0
164.0,525.0,1.0,1.0,0.0,5.0,0.0,8.0,19.98,0.0
87.0,531.0,3.0,1.0,0.0,0.0,0.0,5.0,17.55,0.0
88.0,531.0,3.0,1.0,0.0,36.0,0.0,15.0,35.65,0.0
90.0,531.0,3.0,1.0,0.0,31.0,0.0,9.0,153.28,1.0
91.0,531.0,3.0,1.0,0.0,0.0,0.0,5.0,39.81,0.0
91.0,531.0,3.0,1.0,0.0,1.0,0.0,5.0,29.33,0.0
154.0,531.0,3.0,1.0,0.0,5.0,0.0,8.0,43.26,0.0
155.0,531.0,3.0,1.0,0.0,5.0,0.0,8.0,2.93,0.0
156.0,531.0,3.0,1.0,0.0,6.0,0.0,6.0,740.27,1.0
156.0,531.0,3.0,1.0,0.0,1.0,0.0,5.0,19.0,0.0
157.0,531.0,3.0,1.0,0.0,1.0,0.0,5.0,53.76,0.0
99.0,536.0,0.0,0.0,0.0,13.0,0.0,14.0,93.94,0.0
100.0,536.0,0.0,0.0,0.0,0.0,0.0,5.0,77.12,0.0
101.0,536.0,0.0,0.0,0.0,12.0,0.0,13.0,6.31,1.0
101.0,536.0,0.0,0.0,0.0,0.0,0.0,5.0,28.69,0.0
102.0,536.0,0.0,0.0,0.0,0.0,0.0,5.0,34.28,0.0
110.0,536.0,0.0,0.0,0.0,0.0,0.0,5.0,21.53,0.0
110.0,536.0,0.0,0.0,0.0,1.0,0.0,5.0,27.0,0.0
111.0,536.0,0.0,0.0,0.0,10.0,0.0,11.0,458.24,1.0
111.0,536.0,0.0,0.0,0.0,4.0,0.0,6.0,104.51,0.0
112.0,536.0,0.0,0.0,0.0,1.0,0.0,5.0,7.92,0.0
177.0,538.0,0.0,0.0,0.0,1.0,0.0,5.0,25.27,0.0
178.0,538.0,0.0,0.0,0.0,1.0,0.0,5.0,29.87,0.0
179.0,538.0,0.0,0.0,0.0,9.0,0.0,10.0,113.4,1.0
179.0,538.0,0.0,0.0,0.0,1.0,0.0,5.0,33.86,0.0
99.0,541.0,0.0,0.0,0.0,1.0,0.0,5.0,27.43,0.0
100.0,541.0,0.0,0.0,0.0,1.0,0.0,5.0,20.48,0.0
101.0,541.0,0.0,0.0,0.0,11.0,0.0,12.0,309.35,1.0
101.0,541.0,0.0,0.0,0.0,1.0,0.0,5.0,8.45,0.0
102.0,541.0,0.0,0.0,0.0,1.0,0.0,5.0,14.55,0.0
158.0,545.0,1.0,1.0,0.0,0.0,0.0,5.0,36.18,0.0
159.0,545.0,1.0,1.0,0.0,0.0,0.0,5.0,2.0,0.0
160.0,545.0,1.0,1.0,0.0,12.0,0.0,13.0,205.21,1.0
160.0,545.0,1.0,1.0,0.0,0.0,0.0,5.0,37.4,0.0
161.0,545.0,1.0,1.0,0.0,0.0,0.0,5.0,9.85,0.0
171.0,548.0,0.0,1.0,0.0,1.0,0.0,5.0,4.62,0.0
172.0,548.0,0.0,1.0,0.0,1.0,0.0,5.0,21.75,0.0
172.0,548.0,0.0,1.0,0.0,20.0,0.0,13.0,385.41,1.0
173.0,548.0,0.0,1.0,0.0,1.0,0.0,5.0,1.13,0.0
174.0,548.0,0.0,1.0,0.0,1.0,0.0,5.0,16.0,0.0
140.0,552.0,2.0,1.0,0.0,6.0,0.0,6.0,37.45,0.0
157.0,552.0,2.0,1.0,0.0,16.0,0.0,16.0,178.55,0.0
165.0,552.0,2.0,1.0,0.0,16.0,0.0,16.0,101.66,1.0
0.0,553.0,0.0,1.0,0.0,20.0,0.0,13.0,220.11,1.0
1.0,553.0,0.0,1.0,0.0,22.0,0.0,12.0,255.14,1.0
1.0,553.0,0.0,1.0,0.0,22.0,0.0,12.0,118.69,0.0
1.0,553.0,0.0,1.0,0.0,22.0,0.0,12.0,21.93,1.0
2.0,553.0,0.0,1.0,0.0,41.0,0.0,19.0,272.16,1.0
20.0,553.0,0.0,1.0,0.0,22.0,0.0,12.0,660.8,1.0
28.0,553.0,0.0,1.0,0.0,6.0,0.0,6.0,248.93,1.0
35.0,553.0,0.0,1.0,0.0,20.0,0.0,13.0,33.27,0.0
35.0,553.0,0.0,1.0,0.0,22.0,0.0,12.0,481.91,1.0
42.0,553.0,0.0,1.0,0.0,9.0,0.0,10.0,8.71,0.0
54.0,553.0,0.0,1.0,0.0,13.0,0.0,14.0,57.82,0.0
55.0,553.0,0.0,1.0,0.0,0.0,0.0,5.0,33.83,0.0
56.0,553.0,0.0,1.0,0.0,6.0,0.0,6.0,647.11,1.0
56.0,553.0,0.0,1.0,0.0,0.0,0.0,5.0,50.96,0.0
57.0,553.0,0.0,1.0,0.0,0.0,0.0,5.0,18.46,0.0
59.0,553.0,0.0,1.0,0.0,0.0,0.0,5.0,38.93,0.0
60.0,553.0,0.0,1.0,0.0,0.0,0.0,5.0,35.31,0.0
60.0,553.0,0.0,1.0,0.0,22.0,0.0,12.0,527.31,1.0
61.0,553.0,0.0,1.0,0.0,0.0,0.0,5.0,2.84,0.0
62.0,553.0,0.0,1.0,0.0,0.0,0.0,5.0,9.81,0.0
63.0,553.0,0.0,1.0,0.0,26.0,0.0,12.0,354.96,1.0
63.0,553.0,0.0,1.0,0.0,0.0,0.0,5.0,45.39,0.0
64.0,553.0,0.0,1.0,0.0,0.0,0.0,5.0,18.68,0.0
64.0,553.0,0.0,1.0,0.0,22.0,0.0,12.0,553.46,1.0
65.0,553.0,0.0,1.0,0.0,0.0,0.0,5.0,19.59,0.0
66.0,553.0,0.0,1.0,0.0,0.0,0.0,5.0,33.22,0.0
71.0,553.0,0.0,1.0,0.0,0.0,0.0,5.0,34.21,0.0
72.0,553.0,0.0,1.0,0.0,0.0,0.0,5.0,59.88,0.0
72.0,553.0,0.0,1.0,0.0,6.0,0.0,6.0,642.27,1.0
73.0,553.0,0.0,1.0,0.0,0.0,0.0,5.0,41.39,0.0
74.0,553.0,0.0,1.0,0.0,0.0,0.0,5.0,56.66,0.0
86.0,553.0,0.0,1.0,0.0,1.0,0.0,5.0,54.46,0.0
87.0,553.0,0.0,1.0,0.0,1.0,0.0,5.0,47.63,0.0
88.0,553.0,0.0,1.0,0.0,6.0,0.0,6.0,128.91,1.0
88.0,553.0,0.0,1.0,0.0,1.0,0.0,5.0,27.02,0.0
89.0,553.0,0.0,1.0,0.0,1.0,0.0,5.0,42.91,0.0
100.0,553.0,0.0,1.0,0.0,1.0,0.0,5.0,30.64,0.0
101.0,553.0,0.0,1.0,0.0,1.0,0.0,5.0,22.14,0.0
101.0,553.0,0.0,1.0,0.0,6.0,0.0,6.0,235.82,1.0
102.0,553.0,0.0,1.0,0.0,1.0,0.0,5.0,14.93,0.0
103.0,553.0,0.0,1.0,0.0,3.0,0.0,7.0,452.53,1.0
103.0,553.0,0.0,1.0,0.0,1.0,0.0,5.0,34.21,0.0
104.0,553.0,0.0,1.0,0.0,1.0,0.0,5.0,20.76,0.0
129.0,553.0,0.0,1.0,0.0,14.0,0.0,15.0,134.47,0.0
130.0,553.0,0.0,1.0,0.0,1.0,0.0,5.0,1.04,0.0
131.0,553.0,0.0,1.0,0.0,10.0,0.0,11.0,16.32,1.0
132.0,553.0,0.0,1.0,0.0,1.0,0.0,5.0,27.12,0.0
133.0,553.0,0.0,1.0,0.0,1.0,0.0,5.0,29.73,0.0
159.0,553.0,0.0,1.0,0.0,0.0,0.0,5.0,29.14,0.0
159.0,553.0,0.0,1.0,0.0,1.0,0.0,5.0,53.51,0.0
160.0,553.0,0.0,1.0,0.0,13.0,0.0,14.0,158.0,1.0
160.0,553.0,0.0,1.0,0.0,1.0,0.0,5.0,15.24,0.0
161.0,553.0,0.0,1.0,0.0,1.0,0.0,5.0,27.58,0.0
173.0,553.0,0.0,1.0,0.0,1.0,0.0,5.0,51.93,0.0
174.0,553.0,0.0,1.0,0.0,1.0,0.0,5.0,63.08,0.0
175.0,553.0,0.0,1.0,0.0,21.0,0.0,13.0,420.77,1.0
175.0,553.0,0.0,1.0,0.0,1.0,0.0,5.0,63.33,0.0
176.0,553.0,0.0,1.0,0.0,1.0,0.0,5.0,5.84,0.0
0.0,554.0,1.0,1.0,0.0,20.0,0.0,13.0,4.32,1.0
0.0,554.0,1.0,1.0,0.0,7.0,0.0,6.0,27.84,0.0
3.0,554.0,1.0,1.0,0.0,7.0,0.0,6.0,120.19,0.0
3.0,554.0,1.0,1.0,0.0,2.0,0.0,6.0,20.7,0.0
5.0,554.0,1.0,1.0,0.0,22.0,0.0,12.0,123.87,1.0
20.0,554.0,1.0,1.0,0.0,6.0,0.0,6.0,68.28,0.0
35.0,554.0,1.0,1.0,0.0,12.0,0.0,13.0,13.68,0.0
57.0,554.0,1.0,1.0,0.0,21.0,0.0,13.0,144.54,0.0
114.0,554.0,1.0,1.0,0.0,6.0,0.0,6.0,91.54,0.0
116.0,554.0,1.0,1.0,0.0,27.0,0.0,12.0,632.85,1.0
119.0,554.0,1.0,1.0,0.0,6.0,0.0,6.0,35.16,0.0
119.0,554.0,1.0,1.0,0.0,2.0,0.0,6.0,36.21,0.0
122.0,554.0,1.0,1.0,0.0,25.0,0.0,15.0,8.54,0.0
124.0,554.0,1.0,1.0,0.0,15.0,0.0,13.0,607.79,1.0
124.0,554.0,1.0,1.0,0.0,25.0,0.0,15.0,76.2,0.0
142.0,554.0,1.0,1.0,0.0,6.0,0.0,6.0,576.76,1.0
154.0,554.0,1.0,1.0,0.0,11.0,0.0,12.0,167.8,0.0
153.0,554.0,1.0,1.0,0.0,6.0,0.0,6.0,442.35,1.0
157.0,554.0,1.0,1.0,0.0,10.0,0.0,11.0,260.33,1.0
160.0,554.0,1.0,1.0,0.0,6.0,0.0,6.0,74.7,0.0
160.0,554.0,1.0,1.0,0.0,2.0,0.0,6.0,85.32,0.0
117.0,556.0,3.0,0.0,0.0,1.0,0.0,5.0,24.04,0.0
118.0,556.0,3.0,0.0,0.0,1.0,0.0,5.0,20.96,0.0
119.0,556.0,3.0,0.0,0.0,26.0,0.0,12.0,746.8,1.0
119.0,556.0,3.0,0.0,0.0,1.0,0.0,5.0,38.11,0.0
120.0,556.0,3.0,0.0,0.0,1.0,0.0,5.0,3.83,0.0
133.0,556.0,3.0,0.0,0.0,1.0,0.0,5.0,2.11,0.0
134.0,556.0,3.0,0.0,0.0,1.0,0.0,5.0,38.36,0.0
134.0,556.0,3.0,0.0,0.0,15.0,0.0,13.0,290.36,1.0
135.0,556.0,3.0,0.0,0.0,1.0,0.0,5.0,28.48,0.0
136.0,556.0,3.0,0.0,0.0,1.0,0.0,5.0,0.26,0.0
175.0,558.0,3.0,1.0,0.0,5.0,0.0,8.0,50.35,0.0
176.0,558.0,3.0,1.0,0.0,1.0,0.0,5.0,48.35,0.0
176.0,558.0,3.0,1.0,0.0,27.0,0.0,12.0,122.67,1.0
177.0,558.0,3.0,1.0,0.0,1.0,0.0,5.0,7.06,0.0
178.0,558.0,3.0,1.0,0.0,1.0,0.0,5.0,9.95,0.0
143.0,561.0,2.0,1.0,0.0,30.0,0.0,16.0,22.25,0.0
151.0,561.0,2.0,1.0,0.0,20.0,0.0,13.0,115.29,0.0
152.0,561.0,2.0,1.0,0.0,16.0,0.0,16.0,220.84,1.0
172.0,561.0,2.0,1.0,0.0,10.0,0.0,11.0,122.9,0.0
168.0,561.0,2.0,1.0,0.0,20.0,0.0,13.0,326.42,1.0
173.0,561.0,2.0,1.0,0.0,1.0,0.0,5.0,7.18,0.0
38.0,563.0,7.0,1.0,0.0,35.0,0.0,18.0,990.17,0.0
39.0,563.0,7.0,1.0,0.0,0.0,0.0,5.0,51.16,0.0
40.0,563.0,7.0,1.0,0.0,25.0,0.0,15.0,340.2,1.0
40.0,563.0,7.0,1.0,0.0,0.0,0.0,5.0,17.66,0.0
41.0,563.0,7.0,1.0,0.0,0.0,0.0,5.0,49.21,0.0
115.0,567.0,0.0,1.0,0.0,1.0,0.0,5.0,23.9,0.0
116.0,567.0,0.0,1.0,0.0,1.0,0.0,5.0,11.41,0.0
117.0,567.0,0.0,1.0,0.0,22.0,0.0,12.0,680.93,1.0
117.0,567.0,0.0,1.0,0.0,1.0,0.0,5.0,26.88,0.0
118.0,567.0,0.0,1.0,0.0,1.0,0.0,5.0,48.21,0.0
55.0,580.0,1.0,1.0,0.0,28.0,0.0,13.0,27.28,0.0
56.0,580.0,1.0,1.0,0.0,26.0,0.0,12.0,103.55,0.0
58.0,580.0,1.0,1.0,0.0,22.0,0.0,12.0,350.48,1.0
66.0,580.0,1.0,1.0,0.0,12.0,0.0,13.0,50.89,0.0
66.0,580.0,1.0,1.0,0.0,6.0,0.0,6.0,472.11,1.0
78.0,580.0,1.0,1.0,0.0,3.0,0.0,7.0,214.59,1.0
78.0,580.0,1.0,1.0,0.0,10.0,0.0,11.0,215.41,0.0
79.0,580.0,1.0,1.0,0.0,1.0,0.0,5.0,33.98,0.0
104.0,580.0,1.0,1.0,0.0,1.0,0.0,5.0,6.65,0.0
106.0,580.0,1.0,1.0,0.0,1.0,0.0,5.0,57.84,0.0
106.0,580.0,1.0,1.0,0.0,18.0,0.0,9.0,552.89,1.0
107.0,580.0,1.0,1.0,0.0,1.0,0.0,5.0,9.73,0.0
108.0,580.0,1.0,1.0,0.0,1.0,0.0,5.0,25.61,0.0
176.0,580.0,1.0,1.0,0.0,1.0,0.0,5.0,1.52,0.0
177.0,580.0,1.0,1.0,0.0,1.0,0.0,5.0,22.98,0.0
179.0,580.0,1.0,1.0,0.0,22.0,0.0,12.0,224.2,1.0
179.0,580.0,1.0,1.0,0.0,1.0,0.0,5.0,58.08,0.0
63.0,585.0,1.0,1.0,0.0,0.0,0.0,5.0,41.75,0.0
65.0,585.0,1.0,1.0,0.0,0.0,0.0,5.0,0.75,0.0
65.0,585.0,1.0,1.0,0.0,22.0,0.0,12.0,400.32,1.0
66.0,585.0,1.0,1.0,0.0,0.0,0.0,5.0,11.57,0.0
68.0,585.0,1.0,1.0,0.0,36.0,0.0,15.0,80.29,0.0
101.0,587.0,1.0,1.0,0.0,1.0,0.0,5.0,13.85,0.0
102.0,587.0,1.0,1.0,0.0,1.0,0.0,5.0,8.58,0.0
102.0,587.0,1.0,1.0,0.0,41.0,0.0,19.0,272.65,1.0
103.0,587.0,1.0,1.0,0.0,1.0,0.0,5.0,43.12,0.0
104.0,587.0,1.0,1.0,0.0,1.0,0.0,5.0,42.83,0.0
106.0,592.0,1.0,0.0,0.0,11.0,0.0,12.0,58.41,0.0
117.0,592.0,1.0,0.0,0.0,25.0,0.0,15.0,89.79,0.0
118.0,592.0,1.0,0.0,0.0,22.0,0.0,12.0,83.65,1.0
145.0,592.0,1.0,0.0,0.0,6.0,0.0,6.0,647.83,1.0
167.0,592.0,1.0,0.0,0.0,20.0,0.0,13.0,238.41,1.0
164.0,595.0,3.0,0.0,0.0,1.0,0.0,5.0,25.97,0.0
165.0,595.0,3.0,0.0,0.0,1.0,0.0,5.0,1.22,0.0
166.0,595.0,3.0,0.0,0.0,25.0,0.0,15.0,69.81,1.0
167.0,595.0,3.0,0.0,0.0,1.0,0.0,5.0,0.05,0.0
168.0,595.0,3.0,0.0,0.0,1.0,0.0,5.0,33.48,0.0
132.0,596.0,1.0,1.0,0.0,2.0,0.0,6.0,243.05,0.0
143.0,596.0,1.0,1.0,0.0,22.0,0.0,12.0,156.92,0.0
160.0,596.0,1.0,1.0,0.0,16.0,0.0,16.0,136.17,1.0
170.0,596.0,1.0,1.0,0.0,7.0,0.0,6.0,55.47,0.0
158.0,599.0,2.0,0.0,0.0,8.0,0.0,9.0,19.74,0.0
162.0,599.0,2.0,0.0,0.0,20.0,0.0,13.0,14.48,0.0
176.0,599.0,2.0,0.0,0.0,6.0,0.0,6.0,289.33,1.0
94.0,603.0,0.0,1.0,0.0,1.0,0.0,5.0,7.69,0.0
95.0,603.0,0.0,1.0,0.0,28.0,0.0,13.0,5.1,0.0
96.0,603.0,0.0,1.0,0.0,38.0,0.0,19.0,299.79,1.0
97.0,603.0,0.0,1.0,0.0,0.0,0.0,5.0,35.91,0.0
97.0,603.0,0.0,1.0,0.0,1.0,0.0,5.0,18.3,0.0
143.0,603.0,0.0,1.0,0.0,1.0,0.0,5.0,14.16,0.0
144.0,603.0,0.0,1.0,0.0,5.0,0.0,8.0,32.1,0.0
145.0,603.0,0.0,1.0,0.0,22.0,0.0,12.0,139.11,1.0
145.0,603.0,0.0,1.0,0.0,1.0,0.0,5.0,40.42,0.0
146.0,603.0,0.0,1.0,0.0,1.0,0.0,5.0,37.26,0.0
0.0,604.0,1.0,1.0,0.0,22.0,0.0,12.0,278.02,1.0
0.0,604.0,1.0,1.0,0.0,22.0,0.0,12.0,764.0,1.0
0.0,604.0,1.0,1.0,0.0,6.0,0.0,6.0,289.21,1.0
0.0,604.0,1.0,1.0,0.0,22.0,0.0,12.0,383.14,1.0
1.0,604.0,1.0,1.0,0.0,25.0,0.0,15.0,141.83,1.0
2.0,604.0,1.0,1.0,0.0,26.0,0.0,12.0,253.25,1.0
2.0,604.0,1.0,1.0,0.0,35.0,0.0,18.0,653.5,1.0
3.0,604.0,1.0,1.0,0.0,2.0,0.0,6.0,1025.56,1.0
4.0,604.0,1.0,1.0,0.0,22.0,0.0,12.0,66.32,1.0
4.0,604.0,1.0,1.0,0.0,38.0,0.0,19.0,275.18,1.0
8.0,604.0,1.0,1.0,0.0,11.0,0.0,12.0,648.71,1.0
12.0,604.0,1.0,1.0,0.0,6.0,0.0,6.0,238.36,1.0
15.0,604.0,1.0,1.0,0.0,20.0,0.0,13.0,34.9,1.0
16.0,604.0,1.0,1.0,0.0,35.0,0.0,18.0,1393.18,1.0
16.0,604.0,1.0,1.0,0.0,35.0,0.0,18.0,3007.98,1.0
27.0,604.0,1.0,1.0,0.0,41.0,0.0,19.0,241.06,1.0
29.0,604.0,1.0,1.0,0.0,35.0,0.0,18.0,6369.83,1.0
36.0,604.0,1.0,1.0,0.0,22.0,0.0,12.0,678.3,1.0
38.0,604.0,1.0,1.0,0.0,15.0,0.0,13.0,240.22,1.0
42.0,604.0,1.0,1.0,0.0,35.0,0.0,18.0,4043.62,1.0
45.0,604.0,1.0,1.0,0.0,17.0,0.0,9.0,390.93,1.0
46.0,604.0,1.0,1.0,0.0,9.0,0.0,10.0,308.41,1.0
48.0,604.0,1.0,1.0,0.0,25.0,0.0,15.0,61.93,1.0
50.0,604.0,1.0,1.0,0.0,7.0,0.0,6.0,70.81,0.0
48.0,604.0,1.0,1.0,0.0,35.0,0.0,18.0,4471.7,1.0
52.0,604.0,1.0,1.0,0.0,20.0,0.0,13.0,117.59,1.0
59.0,604.0,1.0,1.0,0.0,22.0,0.0,12.0,216.61,0.0
52.0,604.0,1.0,1.0,0.0,22.0,0.0,12.0,244.46,1.0
63.0,604.0,1.0,1.0,0.0,26.0,0.0,12.0,559.18,1.0
71.0,604.0,1.0,1.0,0.0,22.0,0.0,12.0,120.14,0.0
68.0,604.0,1.0,1.0,0.0,20.0,0.0,13.0,253.66,1.0
71.0,604.0,1.0,1.0,0.0,48.0,0.0,12.0,56.01,0.0
72.0,604.0,1.0,1.0,0.0,25.0,0.0,15.0,13.66,0.0
72.0,604.0,1.0,1.0,0.0,22.0,0.0,12.0,38.23,1.0
74.0,604.0,1.0,1.0,0.0,22.0,0.0,12.0,308.43,1.0
76.0,604.0,1.0,1.0,0.0,13.0,0.0,14.0,303.88,1.0
78.0,604.0,1.0,1.0,0.0,22.0,0.0,12.0,159.82,1.0
81.0,604.0,1.0,1.0,0.0,6.0,0.0,6.0,57.7,1.0
81.0,604.0,1.0,1.0,0.0,6.0,0.0,6.0,712.89,1.0
81.0,604.0,1.0,1.0,0.0,6.0,0.0,6.0,614.19,1.0
83.0,604.0,1.0,1.0,0.0,6.0,0.0,6.0,301.7,1.0
85.0,604.0,1.0,1.0,0.0,38.0,0.0,19.0,171.1,1.0
88.0,604.0,1.0,1.0,0.0,2.0,0.0,6.0,810.92,1.0
96.0,604.0,1.0,1.0,0.0,41.0,0.0,19.0,71.18,0.0
95.0,604.0,1.0,1.0,0.0,22.0,0.0,12.0,355.41,1.0
100.0,604.0,1.0,1.0,0.0,25.0,0.0,15.0,36.57,0.0
101.0,604.0,1.0,1.0,0.0,22.0,0.0,12.0,22.28,1.0
102.0,604.0,1.0,1.0,0.0,25.0,0.0,15.0,98.19,0.0
110.0,604.0,1.0,1.0,0.0,35.0,0.0,18.0,679.97,1.0
110.0,604.0,1.0,1.0,0.0,20.0,0.0,13.0,395.92,1.0
113.0,604.0,1.0,1.0,0.0,22.0,0.0,12.0,505.36,1.0
113.0,604.0,1.0,1.0,0.0,6.0,0.0,6.0,67.62,1.0
114.0,604.0,1.0,1.0,0.0,13.0,0.0,14.0,1.13,1.0
116.0,604.0,1.0,1.0,0.0,22.0,0.0,12.0,329.53,1.0
122.0,604.0,1.0,1.0,0.0,6.0,0.0,6.0,615.85,1.0
127.0,604.0,1.0,1.0,0.0,22.0,0.0,12.0,548.03,1.0
127.0,604.0,1.0,1.0,0.0,22.0,0.0,12.0,464.74,1.0
145.0,604.0,1.0,1.0,0.0,11.0,0.0,12.0,7.95,0.0
127.0,604.0,1.0,1.0,0.0,6.0,0.0,6.0,115.72,1.0
147.0,604.0,1.0,1.0,0.0,17.0,0.0,9.0,280.24,1.0
148.0,604.0,1.0,1.0,0.0,12.0,0.0,13.0,107.85,0.0
154.0,604.0,1.0,1.0,0.0,17.0,0.0,9.0,823.73,1.0
155.0,604.0,1.0,1.0,0.0,13.0,0.0,14.0,19.69,0.0
155.0,604.0,1.0,1.0,0.0,41.0,0.0,19.0,314.26,1.0
156.0,604.0,1.0,1.0,0.0,5.0,0.0,8.0,11.58,0.0
172.0,604.0,1.0,1.0,0.0,1.0,0.0,5.0,20.93,0.0
173.0,604.0,1.0,1.0,0.0,1.0,0.0,5.0,58.4,0.0
173.0,604.0,1.0,1.0,0.0,6.0,0.0,6.0,210.0,1.0
174.0,604.0,1.0,1.0,0.0,1.0,0.0,5.0,29.35,0.0
175.0,604.0,1.0,1.0,0.0,1.0,0.0,5.0,71.64,0.0
0.0,605.0,3.0,1.0,0.0,22.0,0.0,12.0,69.53,1.0
0.0,605.0,3.0,1.0,0.0,22.0,0.0,12.0,305.11,1.0
0.0,605.0,3.0,1.0,0.0,6.0,0.0,6.0,560.9,1.0
1.0,605.0,3.0,1.0,0.0,19.0,0.0,9.0,661.53,1.0
1.0,605.0,3.0,1.0,0.0,6.0,0.0,6.0,265.33,1.0
1.0,605.0,3.0,1.0,0.0,16.0,0.0,16.0,526.09,1.0
1.0,605.0,3.0,1.0,0.0,6.0,0.0,6.0,41.98,1.0
2.0,605.0,3.0,1.0,0.0,20.0,0.0,13.0,110.9,1.0
2.0,605.0,3.0,1.0,0.0,22.0,0.0,12.0,1022.06,1.0
2.0,605.0,3.0,1.0,0.0,6.0,0.0,6.0,264.99,1.0
2.0,605.0,3.0,1.0,0.0,35.0,0.0,18.0,891.0,1.0
2.0,605.0,3.0,1.0,0.0,35.0,0.0,18.0,1304.93,1.0
3.0,605.0,3.0,1.0,0.0,6.0,0.0,6.0,115.08,1.0
3.0,605.0,3.0,1.0,0.0,3.0,0.0,7.0,226.78,1.0
3.0,605.0,3.0,1.0,0.0,11.0,0.0,12.0,428.54,1.0
4.0,605.0,3.0,1.0,0.0,41.0,0.0,19.0,372.92,1.0
4.0,605.0,3.0,1.0,0.0,41.0,0.0,19.0,336.82,1.0
4.0,605.0,3.0,1.0,0.0,22.0,0.0,12.0,34.65,1.0
5.0,605.0,3.0,1.0,0.0,6.0,0.0,6.0,157.03,1.0
6.0,605.0,3.0,1.0,0.0,38.0,0.0,19.0,395.67,1.0
7.0,605.0,3.0,1.0,0.0,22.0,0.0,12.0,969.68,1.0
7.0,605.0,3.0,1.0,0.0,7.0,0.0,6.0,112.55,1.0
7.0,605.0,3.0,1.0,0.0,26.0,0.0,12.0,845.44,1.0
7.0,605.0,3.0,1.0,0.0,35.0,0.0,18.0,4217.86,1.0
8.0,605.0,3.0,1.0,0.0,22.0,0.0,12.0,305.38,1.0
8.0,605.0,3.0,1.0,0.0,22.0,0.0,12.0,377.53,1.0
9.0,605.0,3.0,1.0,0.0,27.0,0.0,12.0,262.63,1.0
10.0,605.0,3.0,1.0,0.0,35.0,0.0,18.0,2846.67,1.0
10.0,605.0,3.0,1.0,0.0,41.0,0.0,19.0,403.01,1.0
11.0,605.0,3.0,1.0,0.0,22.0,0.0,12.0,635.86,1.0
14.0,605.0,3.0,1.0,0.0,6.0,0.0,6.0,190.73,1.0
16.0,605.0,3.0,1.0,0.0,13.0,0.0,14.0,78.33,1.0
16.0,605.0,3.0,1.0,0.0,13.0,0.0,14.0,57.44,1.0
17.0,605.0,3.0,1.0,0.0,22.0,0.0,12.0,304.26,1.0
18.0,605.0,3.0,1.0,0.0,22.0,0.0,12.0,464.45,1.0
18.0,605.0,3.0,1.0,0.0,12.0,0.0,13.0,103.99,1.0
18.0,605.0,3.0,1.0,0.0,38.0,0.0,19.0,322.94,1.0
19.0,605.0,3.0,1.0,0.0,22.0,0.0,12.0,272.33,1.0
20.0,605.0,3.0,1.0,0.0,35.0,0.0,18.0,2087.38,1.0
20.0,605.0,3.0,1.0,0.0,6.0,0.0,6.0,149.15,1.0
21.0,605.0,3.0,1.0,0.0,38.0,0.0,19.0,370.77,1.0
21.0,605.0,3.0,1.0,0.0,20.0,0.0,13.0,301.87,1.0
22.0,605.0,3.0,1.0,0.0,22.0,0.0,12.0,63.61,1.0
22.0,605.0,3.0,1.0,0.0,22.0,0.0,12.0,53.69,1.0
22.0,605.0,3.0,1.0,0.0,15.0,0.0,13.0,17.95,1.0
23.0,605.0,3.0,1.0,0.0,22.0,0.0,12.0,388.56,1.0
23.0,605.0,3.0,1.0,0.0,22.0,0.0,12.0,308.12,1.0
25.0,605.0,3.0,1.0,0.0,30.0,0.0,16.0,106.67,0.0
23.0,605.0,3.0,1.0,0.0,38.0,0.0,19.0,271.1,1.0
26.0,605.0,3.0,1.0,0.0,15.0,0.0,13.0,370.79,1.0
26.0,605.0,3.0,1.0,0.0,22.0,0.0,12.0,471.5,1.0
29.0,605.0,3.0,1.0,0.0,38.0,0.0,19.0,381.95,1.0
29.0,605.0,3.0,1.0,0.0,6.0,0.0,6.0,534.57,1.0
29.0,605.0,3.0,1.0,0.0,6.0,0.0,6.0,183.32,1.0
29.0,605.0,3.0,1.0,0.0,45.0,0.0,18.0,1520.17,1.0
29.0,605.0,3.0,1.0,0.0,6.0,0.0,6.0,518.27,1.0
30.0,605.0,3.0,1.0,0.0,22.0,0.0,12.0,467.04,1.0
30.0,605.0,3.0,1.0,0.0,27.0,0.0,12.0,581.74,1.0
31.0,605.0,3.0,1.0,0.0,13.0,0.0,14.0,61.51,1.0
32.0,605.0,3.0,1.0,0.0,0.0,0.0,5.0,61.38,0.0
32.0,605.0,3.0,1.0,0.0,9.0,0.0,10.0,49.74,1.0
33.0,605.0,3.0,1.0,0.0,22.0,0.0,12.0,837.46,1.0
33.0,605.0,3.0,1.0,0.0,0.0,0.0,5.0,47.78,0.0
34.0,605.0,3.0,1.0,0.0,22.0,0.0,12.0,47.56,1.0
34.0,605.0,3.0,1.0,0.0,0.0,0.0,5.0,33.14,0.0
35.0,605.0,3.0,1.0,0.0,0.0,0.0,5.0,0.59,0.0
35.0,605.0,3.0,1.0,0.0,25.0,0.0,15.0,705.42,1.0
36.0,605.0,3.0,1.0,0.0,23.0,0.0,9.0,124.85,0.0
36.0,605.0,3.0,1.0,0.0,6.0,0.0,6.0,238.65,1.0
37.0,605.0,3.0,1.0,0.0,0.0,0.0,5.0,79.15,0.0
37.0,605.0,3.0,1.0,0.0,22.0,0.0,12.0,200.85,1.0
38.0,605.0,3.0,1.0,0.0,0.0,0.0,5.0,31.21,0.0
38.0,605.0,3.0,1.0,0.0,22.0,0.0,12.0,458.43,1.0
39.0,605.0,3.0,1.0,0.0,0.0,0.0,5.0,2.51,0.0
39.0,605.0,3.0,1.0,0.0,20.0,0.0,13.0,160.74,1.0
39.0,605.0,3.0,1.0,0.0,3.0,0.0,7.0,136.7,1.0
40.0,605.0,3.0,1.0,0.0,6.0,0.0,6.0,903.76,1.0
40.0,605.0,3.0,1.0,0.0,25.0,0.0,15.0,226.5,1.0
40.0,605.0,3.0,1.0,0.0,0.0,0.0,5.0,34.14,0.0
40.0,605.0,3.0,1.0,0.0,22.0,0.0,12.0,276.93,1.0
40.0,605.0,3.0,1.0,0.0,22.0,0.0,12.0,126.16,1.0
41.0,605.0,3.0,1.0,0.0,0.0,0.0,5.0,33.74,0.0
42.0,605.0,3.0,1.0,0.0,0.0,0.0,5.0,27.11,0.0
42.0,605.0,3.0,1.0,0.0,22.0,0.0,12.0,532.89,1.0
43.0,605.0,3.0,1.0,0.0,0.0,0.0,5.0,24.19,0.0
43.0,605.0,3.0,1.0,0.0,10.0,0.0,11.0,380.26,1.0
44.0,605.0,3.0,1.0,0.0,0.0,0.0,5.0,27.97,0.0
45.0,605.0,3.0,1.0,0.0,0.0,0.0,5.0,4.46,0.0
45.0,605.0,3.0,1.0,0.0,11.0,0.0,12.0,276.28,1.0
46.0,605.0,3.0,1.0,0.0,0.0,0.0,5.0,48.37,0.0
46.0,605.0,3.0,1.0,0.0,26.0,0.0,12.0,67.15,1.0
48.0,605.0,3.0,1.0,0.0,0.0,0.0,5.0,70.4,0.0
49.0,605.0,3.0,1.0,0.0,0.0,0.0,5.0,9.11,0.0
50.0,605.0,3.0,1.0,0.0,22.0,0.0,12.0,83.79,1.0
50.0,605.0,3.0,1.0,0.0,22.0,0.0,12.0,546.04,1.0
51.0,605.0,3.0,1.0,0.0,0.0,0.0,5.0,33.5,0.0
51.0,605.0,3.0,1.0,0.0,12.0,0.0,13.0,0.65,1.0
52.0,605.0,3.0,1.0,0.0,0.0,0.0,5.0,18.21,0.0
53.0,605.0,3.0,1.0,0.0,6.0,0.0,6.0,471.98,1.0
53.0,605.0,3.0,1.0,0.0,0.0,0.0,5.0,11.64,0.0
54.0,605.0,3.0,1.0,0.0,0.0,0.0,5.0,27.77,0.0
56.0,605.0,3.0,1.0,0.0,0.0,0.0,5.0,38.51,0.0
57.0,605.0,3.0,1.0,0.0,0.0,0.0,5.0,12.95,0.0
57.0,605.0,3.0,1.0,0.0,26.0,0.0,12.0,618.61,1.0
58.0,605.0,3.0,1.0,0.0,0.0,0.0,5.0,64.54,0.0
60.0,605.0,3.0,1.0,0.0,22.0,0.0,12.0,161.58,1.0
61.0,605.0,3.0,1.0,0.0,0.0,0.0,5.0,20.91,0.0
61.0,605.0,3.0,1.0,0.0,22.0,0.0,12.0,25.19,1.0
62.0,605.0,3.0,1.0,0.0,0.0,0.0,5.0,17.0,0.0
64.0,605.0,3.0,1.0,0.0,0.0,0.0,5.0,49.79,0.0
64.0,605.0,3.0,1.0,0.0,6.0,0.0,6.0,935.51,1.0
65.0,605.0,3.0,1.0,0.0,0.0,0.0,5.0,52.58,0.0
66.0,605.0,3.0,1.0,0.0,6.0,0.0,6.0,299.16,1.0
66.0,605.0,3.0,1.0,0.0,0.0,0.0,5.0,24.97,0.0
67.0,605.0,3.0,1.0,0.0,0.0,0.0,5.0,16.36,0.0
68.0,605.0,3.0,1.0,0.0,22.0,0.0,12.0,408.34,1.0
68.0,605.0,3.0,1.0,0.0,0.0,0.0,5.0,29.16,0.0
69.0,605.0,3.0,1.0,0.0,6.0,0.0,6.0,389.66,1.0
69.0,605.0,3.0,1.0,0.0,0.0,0.0,5.0,29.0,0.0
70.0,605.0,3.0,1.0,0.0,13.0,0.0,14.0,19.63,0.0
71.0,605.0,3.0,1.0,0.0,0.0,0.0,5.0,42.92,0.0
72.0,605.0,3.0,1.0,0.0,0.0,0.0,5.0,35.98,0.0
72.0,605.0,3.0,1.0,0.0,10.0,0.0,11.0,99.99,1.0
73.0,605.0,3.0,1.0,0.0,22.0,0.0,12.0,141.91,1.0
74.0,605.0,3.0,1.0,0.0,0.0,0.0,5.0,12.35,0.0
73.0,605.0,3.0,1.0,0.0,20.0,0.0,13.0,48.28,1.0
75.0,605.0,3.0,1.0,0.0,13.0,0.0,14.0,0.98,0.0
76.0,605.0,3.0,1.0,0.0,0.0,0.0,5.0,50.6,0.0
77.0,605.0,3.0,1.0,0.0,0.0,0.0,5.0,29.07,0.0
78.0,605.0,3.0,1.0,0.0,10.0,0.0,11.0,310.75,1.0
78.0,605.0,3.0,1.0,0.0,0.0,0.0,5.0,15.17,0.0
79.0,605.0,3.0,1.0,0.0,0.0,0.0,5.0,0.18,0.0
82.0,605.0,3.0,1.0,0.0,0.0,0.0,5.0,41.79,0.0
83.0,605.0,3.0,1.0,0.0,9.0,0.0,10.0,9.77,0.0
83.0,605.0,3.0,1.0,0.0,22.0,0.0,12.0,424.47,1.0
84.0,605.0,3.0,1.0,0.0,0.0,0.0,5.0,16.75,0.0
85.0,605.0,3.0,1.0,0.0,0.0,0.0,5.0,10.22,0.0
87.0,605.0,3.0,1.0,0.0,0.0,0.0,5.0,6.93,0.0
88.0,605.0,3.0,1.0,0.0,0.0,0.0,5.0,3.37,0.0
88.0,605.0,3.0,1.0,0.0,2.0,0.0,6.0,239.37,1.0
89.0,605.0,3.0,1.0,0.0,0.0,0.0,5.0,7.7,0.0
90.0,605.0,3.0,1.0,0.0,6.0,0.0,6.0,134.56,1.0
90.0,605.0,3.0,1.0,0.0,0.0,0.0,5.0,33.6,0.0
91.0,605.0,3.0,1.0,0.0,0.0,0.0,5.0,42.99,0.0
92.0,605.0,3.0,1.0,0.0,0.0,0.0,5.0,17.38,0.0
93.0,605.0,3.0,1.0,0.0,22.0,0.0,12.0,80.01,1.0
93.0,605.0,3.0,1.0,0.0,0.0,0.0,5.0,26.35,0.0
94.0,605.0,3.0,1.0,0.0,0.0,0.0,5.0,25.45,0.0
94.0,605.0,3.0,1.0,0.0,17.0,0.0,9.0,405.42,1.0
95.0,605.0,3.0,1.0,0.0,0.0,0.0,5.0,51.69,0.0
95.0,605.0,3.0,1.0,0.0,20.0,0.0,13.0,203.08,1.0
96.0,605.0,3.0,1.0,0.0,0.0,0.0,5.0,23.24,0.0
96.0,605.0,3.0,1.0,0.0,11.0,0.0,12.0,543.24,1.0
97.0,605.0,3.0,1.0,0.0,0.0,0.0,5.0,0.06,0.0
98.0,605.0,3.0,1.0,0.0,0.0,0.0,5.0,9.7,0.0
99.0,605.0,3.0,1.0,0.0,0.0,0.0,5.0,48.46,0.0
99.0,605.0,3.0,1.0,0.0,19.0,0.0,9.0,592.04,1.0
100.0,605.0,3.0,1.0,0.0,35.0,0.0,18.0,1824.34,1.0
100.0,605.0,3.0,1.0,0.0,0.0,0.0,5.0,34.52,0.0
100.0,605.0,3.0,1.0,0.0,6.0,0.0,6.0,426.13,1.0
101.0,605.0,3.0,1.0,0.0,27.0,0.0,12.0,153.08,0.0
102.0,605.0,3.0,1.0,0.0,13.0,0.0,14.0,34.16,0.0
103.0,605.0,3.0,1.0,0.0,0.0,0.0,5.0,49.59,0.0
105.0,605.0,3.0,1.0,0.0,35.0,0.0,18.0,426.77,1.0
105.0,605.0,3.0,1.0,0.0,0.0,0.0,5.0,7.7,0.0
105.0,605.0,3.0,1.0,0.0,22.0,0.0,12.0,30.18,1.0
106.0,605.0,3.0,1.0,0.0,0.0,0.0,5.0,27.47,0.0
107.0,605.0,3.0,1.0,0.0,0.0,0.0,5.0,29.37,0.0
108.0,605.0,3.0,1.0,0.0,0.0,0.0,5.0,18.54,0.0
108.0,605.0,3.0,1.0,0.0,22.0,0.0,12.0,38.54,1.0
109.0,605.0,3.0,1.0,0.0,0.0,0.0,5.0,54.16,0.0
110.0,605.0,3.0,1.0,0.0,0.0,0.0,5.0,9.68,0.0
111.0,605.0,3.0,1.0,0.0,0.0,0.0,5.0,35.31,0.0
111.0,605.0,3.0,1.0,0.0,22.0,0.0,12.0,79.6,1.0
112.0,605.0,3.0,1.0,0.0,0.0,0.0,5.0,17.02,0.0
113.0,605.0,3.0,1.0,0.0,0.0,0.0,5.0,4.05,0.0
115.0,605.0,3.0,1.0,0.0,0.0,0.0,5.0,18.73,0.0
116.0,605.0,3.0,1.0,0.0,0.0,0.0,5.0,11.6,0.0
117.0,605.0,3.0,1.0,0.0,22.0,0.0,12.0,561.13,1.0
117.0,605.0,3.0,1.0,0.0,0.0,0.0,5.0,46.61,0.0
117.0,605.0,3.0,1.0,0.0,38.0,0.0,19.0,322.01,1.0
118.0,605.0,3.0,1.0,0.0,0.0,0.0,5.0,70.58,0.0
119.0,605.0,3.0,1.0,0.0,0.0,0.0,5.0,9.89,0.0
124.0,605.0,3.0,1.0,0.0,0.0,0.0,5.0,9.09,0.0
125.0,605.0,3.0,1.0,0.0,0.0,0.0,5.0,38.3,0.0
126.0,605.0,3.0,1.0,0.0,18.0,0.0,9.0,725.14,1.0
127.0,605.0,3.0,1.0,0.0,0.0,0.0,5.0,26.88,0.0
127.0,605.0,3.0,1.0,0.0,31.0,0.0,9.0,357.14,1.0
128.0,605.0,3.0,1.0,0.0,0.0,0.0,5.0,3.31,0.0
134.0,605.0,3.0,1.0,0.0,0.0,0.0,5.0,33.71,0.0
135.0,605.0,3.0,1.0,0.0,9.0,0.0,10.0,50.33,0.0
135.0,605.0,3.0,1.0,0.0,22.0,0.0,12.0,116.01,1.0
136.0,605.0,3.0,1.0,0.0,0.0,0.0,5.0,2.13,0.0
135.0,605.0,3.0,1.0,0.0,22.0,0.0,12.0,708.31,1.0
137.0,605.0,3.0,1.0,0.0,0.0,0.0,5.0,40.83,0.0
146.0,605.0,3.0,1.0,0.0,0.0,0.0,5.0,29.44,0.0
147.0,605.0,3.0,1.0,0.0,0.0,0.0,5.0,3.93,0.0
148.0,605.0,3.0,1.0,0.0,12.0,0.0,13.0,94.84,1.0
148.0,605.0,3.0,1.0,0.0,0.0,0.0,5.0,3.28,0.0
149.0,605.0,3.0,1.0,0.0,0.0,0.0,5.0,9.89,0.0
159.0,605.0,3.0,1.0,0.0,0.0,0.0,5.0,9.99,0.0
160.0,605.0,3.0,1.0,0.0,0.0,0.0,5.0,15.02,0.0
161.0,605.0,3.0,1.0,0.0,10.0,0.0,11.0,448.44,1.0
161.0,605.0,3.0,1.0,0.0,0.0,0.0,5.0,13.41,0.0
162.0,605.0,3.0,1.0,0.0,0.0,0.0,5.0,10.35,0.0
173.0,605.0,3.0,1.0,0.0,0.0,0.0,5.0,0.49,0.0
174.0,605.0,3.0,1.0,0.0,0.0,0.0,5.0,41.82,0.0
175.0,605.0,3.0,1.0,0.0,38.0,0.0,19.0,282.86,1.0
175.0,605.0,3.0,1.0,0.0,0.0,0.0,5.0,11.67,0.0
176.0,605.0,3.0,1.0,0.0,0.0,0.0,5.0,22.9,0.0
176.0,605.0,3.0,1.0,0.0,19.0,0.0,9.0,32.65,1.0
177.0,605.0,3.0,1.0,0.0,0.0,0.0,5.0,22.68,0.0
178.0,605.0,3.0,1.0,0.0,0.0,0.0,5.0,7.25,0.0
36.0,606.0,1.0,0.0,0.0,16.0,0.0,16.0,70.11,0.0
41.0,606.0,1.0,0.0,0.0,12.0,0.0,13.0,20.38,0.0
53.0,606.0,1.0,0.0,0.0,10.0,0.0,11.0,412.86,1.0
89.0,606.0,1.0,0.0,0.0,13.0,0.0,14.0,8.79,0.0
90.0,606.0,1.0,0.0,0.0,0.0,0.0,5.0,17.8,0.0
134.0,606.0,1.0,0.0,0.0,0.0,0.0,5.0,4.91,0.0
135.0,606.0,1.0,0.0,0.0,0.0,0.0,5.0,28.2,0.0
135.0,606.0,1.0,0.0,0.0,38.0,0.0,19.0,287.11,1.0
137.0,606.0,1.0,0.0,0.0,0.0,0.0,5.0,27.13,0.0
138.0,606.0,1.0,0.0,0.0,0.0,0.0,5.0,44.28,0.0
150.0,606.0,1.0,0.0,0.0,0.0,0.0,5.0,19.41,0.0
151.0,606.0,1.0,0.0,0.0,0.0,0.0,5.0,17.66,0.0
151.0,606.0,1.0,0.0,0.0,12.0,0.0,13.0,237.01,1.0
153.0,606.0,1.0,0.0,0.0,0.0,0.0,5.0,40.82,0.0
154.0,606.0,1.0,0.0,0.0,0.0,0.0,5.0,23.31,0.0
39.0,607.0,5.0,0.0,0.0,13.0,0.0,14.0,13.25,0.0
41.0,607.0,5.0,0.0,0.0,2.0,0.0,6.0,120.93,0.0
41.0,607.0,5.0,0.0,0.0,13.0,0.0,14.0,266.49,1.0
45.0,607.0,5.0,0.0,0.0,13.0,0.0,14.0,91.62,0.0
46.0,607.0,5.0,0.0,0.0,0.0,0.0,5.0,26.17,0.0
26.0,609.0,0.0,1.0,0.0,13.0,0.0,14.0,50.41,0.0
27.0,609.0,0.0,1.0,0.0,3.0,0.0,7.0,143.44,0.0
39.0,609.0,0.0,1.0,0.0,6.0,0.0,6.0,75.25,1.0
67.0,609.0,0.0,1.0,0.0,14.0,0.0,15.0,142.88,0.0
63.0,609.0,0.0,1.0,0.0,22.0,0.0,12.0,116.44,1.0
68.0,609.0,0.0,1.0,0.0,5.0,0.0,8.0,95.05,0.0
152.0,609.0,0.0,1.0,0.0,1.0,0.0,5.0,96.37,0.0
153.0,609.0,0.0,1.0,0.0,1.0,0.0,5.0,18.37,0.0
154.0,609.0,0.0,1.0,0.0,10.0,0.0,11.0,346.34,1.0
154.0,609.0,0.0,1.0,0.0,1.0,0.0,5.0,19.9,0.0
155.0,609.0,0.0,1.0,0.0,1.0,0.0,5.0,24.79,0.0
98.0,613.0,2.0,1.0,0.0,1.0,0.0,5.0,39.09,0.0
99.0,613.0,2.0,1.0,0.0,1.0,0.0,5.0,18.29,0.0
99.0,613.0,2.0,1.0,0.0,22.0,0.0,12.0,736.06,1.0
100.0,613.0,2.0,1.0,0.0,1.0,0.0,5.0,17.26,0.0
101.0,613.0,2.0,1.0,0.0,1.0,0.0,5.0,40.59,0.0
23.0,615.0,4.0,1.0,0.0,0.0,0.0,5.0,16.56,0.0
24.0,615.0,4.0,1.0,0.0,13.0,0.0,14.0,58.13,0.0
24.0,615.0,4.0,1.0,0.0,10.0,0.0,11.0,307.41,1.0
26.0,615.0,4.0,1.0,0.0,0.0,0.0,5.0,0.13,0.0
27.0,615.0,4.0,1.0,0.0,0.0,0.0,5.0,26.47,0.0
54.0,615.0,4.0,1.0,0.0,1.0,0.0,5.0,23.41,0.0
55.0,615.0,4.0,1.0,0.0,1.0,0.0,5.0,50.68,0.0
55.0,615.0,4.0,1.0,0.0,20.0,0.0,13.0,155.92,1.0
56.0,615.0,4.0,1.0,0.0,1.0,0.0,5.0,31.62,0.0
57.0,615.0,4.0,1.0,0.0,1.0,0.0,5.0,54.69,0.0
75.0,615.0,4.0,1.0,0.0,5.0,0.0,8.0,0.27,0.0
76.0,615.0,4.0,1.0,0.0,1.0,0.0,5.0,22.32,0.0
77.0,615.0,4.0,1.0,0.0,20.0,0.0,13.0,215.22,1.0
77.0,615.0,4.0,1.0,0.0,1.0,0.0,5.0,27.39,0.0
78.0,615.0,4.0,1.0,0.0,1.0,0.0,5.0,23.42,0.0
43.0,617.0,2.0,0.0,0.0,2.0,0.0,6.0,43.18,0.0
50.0,617.0,2.0,0.0,0.0,25.0,0.0,15.0,103.2,0.0
50.0,617.0,2.0,0.0,0.0,3.0,0.0,7.0,331.04,1.0
64.0,617.0,2.0,0.0,0.0,6.0,0.0,6.0,94.31,0.0
67.0,617.0,2.0,0.0,0.0,3.0,0.0,7.0,47.52,0.0
134.0,617.0,2.0,0.0,0.0,1.0,0.0,5.0,4.19,0.0
135.0,617.0,2.0,0.0,0.0,1.0,0.0,5.0,6.52,0.0
135.0,617.0,2.0,0.0,0.0,12.0,0.0,13.0,393.71,1.0
136.0,617.0,2.0,0.0,0.0,1.0,0.0,5.0,2.52,0.0
137.0,617.0,2.0,0.0,0.0,1.0,0.0,5.0,34.82,0.0
63.0,621.0,0.0,0.0,0.0,0.0,0.0,5.0,12.14,0.0
64.0,621.0,0.0,0.0,0.0,0.0,0.0,5.0,43.74,0.0
65.0,621.0,0.0,0.0,0.0,22.0,0.0,12.0,175.74,1.0
66.0,621.0,0.0,0.0,0.0,0.0,0.0,5.0,34.7,0.0
67.0,621.0,0.0,0.0,0.0,0.0,0.0,5.0,31.87,0.0
67.0,621.0,0.0,0.0,0.0,22.0,0.0,12.0,297.93,1.0
68.0,621.0,0.0,0.0,0.0,0.0,0.0,5.0,34.51,0.0
69.0,621.0,0.0,0.0,0.0,0.0,0.0,5.0,43.79,0.0
80.0,621.0,0.0,0.0,0.0,0.0,0.0,5.0,57.64,0.0
81.0,621.0,0.0,0.0,0.0,0.0,0.0,5.0,40.18,0.0
82.0,621.0,0.0,0.0,0.0,22.0,0.0,12.0,33.11,1.0
82.0,621.0,0.0,0.0,0.0,0.0,0.0,5.0,24.34,0.0
83.0,621.0,0.0,0.0,0.0,22.0,0.0,12.0,174.14,1.0
83.0,621.0,0.0,0.0,0.0,0.0,0.0,5.0,36.35,0.0
84.0,621.0,0.0,0.0,0.0,0.0,0.0,5.0,14.06,0.0
118.0,621.0,0.0,0.0,0.0,0.0,0.0,5.0,28.11,0.0
120.0,621.0,0.0,0.0,0.0,0.0,0.0,5.0,46.16,0.0
121.0,621.0,0.0,0.0,0.0,3.0,0.0,7.0,315.92,1.0
121.0,621.0,0.0,0.0,0.0,0.0,0.0,5.0,18.57,0.0
122.0,621.0,0.0,0.0,0.0,0.0,0.0,5.0,9.87,0.0
147.0,621.0,0.0,0.0,0.0,0.0,0.0,5.0,12.83,0.0
148.0,621.0,0.0,0.0,0.0,0.0,0.0,5.0,23.5,0.0
148.0,621.0,0.0,0.0,0.0,13.0,0.0,14.0,168.0,1.0
149.0,621.0,0.0,0.0,0.0,0.0,0.0,5.0,39.72,0.0
150.0,621.0,0.0,0.0,0.0,0.0,0.0,5.0,53.38,0.0
151.0,621.0,0.0,0.0,0.0,0.0,0.0,5.0,66.69,0.0
152.0,621.0,0.0,0.0,0.0,0.0,0.0,5.0,8.24,0.0
153.0,621.0,0.0,0.0,0.0,26.0,0.0,12.0,725.33,1.0
153.0,621.0,0.0,0.0,0.0,0.0,0.0,5.0,15.39,0.0
154.0,621.0,0.0,0.0,0.0,0.0,0.0,5.0,31.55,0.0
113.0,626.0,0.0,0.0,0.0,1.0,0.0,5.0,58.04,0.0
114.0,626.0,0.0,0.0,0.0,1.0,0.0,5.0,42.23,0.0
114.0,626.0,0.0,0.0,0.0,38.0,0.0,19.0,158.86,1.0
115.0,626.0,0.0,0.0,0.0,1.0,0.0,5.0,18.95,0.0
116.0,626.0,0.0,0.0,0.0,1.0,0.0,5.0,19.3,0.0
88.0,627.0,2.0,1.0,0.0,0.0,0.0,5.0,0.48,0.0
89.0,627.0,2.0,1.0,0.0,0.0,0.0,5.0,4.04,0.0
90.0,627.0,2.0,1.0,0.0,9.0,0.0,10.0,92.39,1.0
90.0,627.0,2.0,1.0,0.0,0.0,0.0,5.0,7.2,0.0
92.0,627.0,2.0,1.0,0.0,0.0,0.0,5.0,25.99,0.0
133.0,628.0,1.0,0.0,0.0,2.0,0.0,6.0,116.81,0.0
145.0,628.0,1.0,0.0,0.0,6.0,0.0,6.0,235.3,0.0
155.0,628.0,1.0,0.0,0.0,3.0,0.0,7.0,171.68,1.0
155.0,628.0,1.0,0.0,0.0,6.0,0.0,6.0,1035.47,1.0
164.0,628.0,1.0,0.0,0.0,6.0,0.0,6.0,280.94,1.0
177.0,628.0,1.0,0.0,0.0,6.0,0.0,6.0,148.33,0.0
166.0,628.0,1.0,0.0,0.0,6.0,0.0,6.0,769.14,1.0
177.0,628.0,1.0,0.0,0.0,2.0,0.0,6.0,3.21,0.0
178.0,628.0,1.0,0.0,0.0,38.0,0.0,19.0,266.22,1.0
63.0,629.0,4.0,0.0,0.0,9.0,0.0,10.0,61.65,0.0
65.0,629.0,4.0,0.0,0.0,0.0,0.0,5.0,25.68,0.0
66.0,629.0,4.0,0.0,0.0,6.0,0.0,6.0,356.07,1.0
67.0,629.0,4.0,0.0,0.0,0.0,0.0,5.0,50.37,0.0
69.0,629.0,4.0,0.0,0.0,0.0,0.0,5.0,34.58,0.0
110.0,629.0,4.0,0.0,0.0,9.0,0.0,10.0,35.19,0.0
112.0,629.0,4.0,0.0,0.0,0.0,0.0,5.0,7.21,0.0
113.0,629.0,4.0,0.0,0.0,12.0,0.0,13.0,83.0,1.0
113.0,629.0,4.0,0.0,0.0,0.0,0.0,5.0,9.24,0.0
115.0,629.0,4.0,0.0,0.0,0.0,0.0,5.0,21.68,0.0
148.0,629.0,4.0,0.0,0.0,0.0,0.0,5.0,25.3,0.0
149.0,629.0,4.0,0.0,0.0,0.0,0.0,5.0,2.28,0.0
150.0,629.0,4.0,0.0,0.0,13.0,0.0,14.0,144.43,1.0
150.0,629.0,4.0,0.0,0.0,9.0,0.0,10.0,74.6,0.0
151.0,629.0,4.0,0.0,0.0,0.0,0.0,5.0,1.38,0.0
99.0,645.0,2.0,1.0,0.0,1.0,0.0,5.0,25.8,0.0
100.0,645.0,2.0,1.0,0.0,1.0,0.0,5.0,5.95,0.0
101.0,645.0,2.0,1.0,0.0,39.0,0.0,18.0,4073.88,1.0
101.0,645.0,2.0,1.0,0.0,1.0,0.0,5.0,13.81,0.0
102.0,645.0,2.0,1.0,0.0,1.0,0.0,5.0,14.52,0.0
171.0,645.0,2.0,1.0,0.0,5.0,0.0,8.0,26.89,0.0
172.0,645.0,2.0,1.0,0.0,1.0,0.0,5.0,38.11,0.0
173.0,645.0,2.0,1.0,0.0,3.0,0.0,7.0,288.07,1.0
173.0,645.0,2.0,1.0,0.0,1.0,0.0,5.0,52.75,0.0
174.0,645.0,2.0,1.0,0.0,1.0,0.0,5.0,38.92,0.0
37.0,646.0,2.0,0.0,0.0,11.0,0.0,12.0,25.72,0.0
57.0,646.0,2.0,0.0,0.0,6.0,0.0,6.0,14.36,0.0
69.0,646.0,2.0,0.0,0.0,22.0,0.0,12.0,289.91,1.0
80.0,646.0,2.0,0.0,0.0,6.0,0.0,6.0,140.33,1.0
84.0,646.0,2.0,0.0,0.0,12.0,0.0,13.0,52.3,0.0
82.0,646.0,2.0,0.0,0.0,3.0,0.0,7.0,382.44,1.0
99.0,646.0,2.0,0.0,0.0,13.0,0.0,14.0,74.64,0.0
109.0,647.0,1.0,0.0,0.0,4.0,0.0,6.0,80.72,0.0
110.0,647.0,1.0,0.0,0.0,26.0,0.0,12.0,112.7,0.0
119.0,647.0,1.0,0.0,0.0,22.0,0.0,12.0,156.06,1.0
125.0,647.0,1.0,0.0,0.0,2.0,0.0,6.0,9.19,0.0
146.0,647.0,1.0,0.0,0.0,25.0,0.0,15.0,21.15,0.0
0.0,651.0,2.0,0.0,0.0,26.0,0.0,12.0,10.64,0.0
1.0,651.0,2.0,0.0,0.0,26.0,0.0,12.0,836.04,1.0
6.0,651.0,2.0,0.0,0.0,10.0,0.0,11.0,67.95,0.0
7.0,651.0,2.0,0.0,0.0,1.0,0.0,5.0,47.66,0.0
17.0,651.0,2.0,0.0,0.0,1.0,0.0,5.0,25.11,0.0
18.0,651.0,2.0,0.0,0.0,1.0,0.0,5.0,59.09,0.0
18.0,651.0,2.0,0.0,0.0,22.0,0.0,12.0,571.05,1.0
19.0,651.0,2.0,0.0,0.0,14.0,0.0,15.0,147.16,0.0
19.0,651.0,2.0,0.0,0.0,3.0,0.0,7.0,794.53,1.0
20.0,651.0,2.0,0.0,0.0,1.0,0.0,5.0,24.65,0.0
36.0,651.0,2.0,0.0,0.0,1.0,0.0,5.0,81.35,0.0
38.0,651.0,2.0,0.0,0.0,1.0,0.0,5.0,6.95,0.0
38.0,651.0,2.0,0.0,0.0,13.0,0.0,14.0,229.14,1.0
39.0,651.0,2.0,0.0,0.0,1.0,0.0,5.0,39.95,0.0
40.0,651.0,2.0,0.0,0.0,1.0,0.0,5.0,31.3,0.0
87.0,651.0,2.0,0.0,0.0,1.0,0.0,5.0,47.09,0.0
88.0,651.0,2.0,0.0,0.0,1.0,0.0,5.0,20.16,0.0
88.0,651.0,2.0,0.0,0.0,6.0,0.0,6.0,464.91,1.0
89.0,651.0,2.0,0.0,0.0,1.0,0.0,5.0,56.85,0.0
90.0,651.0,2.0,0.0,0.0,1.0,0.0,5.0,41.92,0.0
134.0,651.0,2.0,0.0,0.0,0.0,0.0,5.0,22.09,0.0
135.0,651.0,2.0,0.0,0.0,13.0,0.0,14.0,3.19,0.0
135.0,651.0,2.0,0.0,0.0,38.0,0.0,19.0,331.56,1.0
136.0,651.0,2.0,0.0,0.0,0.0,0.0,5.0,19.39,0.0
137.0,651.0,2.0,0.0,0.0,0.0,0.0,5.0,26.72,0.0
157.0,657.0,1.0,1.0,0.0,1.0,0.0,5.0,18.8,0.0
159.0,657.0,1.0,1.0,0.0,1.0,0.0,5.0,32.21,0.0
160.0,657.0,1.0,1.0,0.0,22.0,0.0,12.0,18.29,1.0
160.0,657.0,1.0,1.0,0.0,1.0,0.0,5.0,31.56,0.0
161.0,657.0,1.0,1.0,0.0,1.0,0.0,5.0,10.87,0.0
178.0,660.0,4.0,1.0,0.0,1.0,0.0,5.0,29.36,0.0
179.0,660.0,4.0,1.0,0.0,1.0,0.0,5.0,21.85,0.0
179.0,660.0,4.0,1.0,0.0,35.0,0.0,18.0,1356.71,1.0
152.0,661.0,0.0,1.0,0.0,6.0,0.0,6.0,140.06,0.0
159.0,661.0,0.0,1.0,0.0,25.0,0.0,15.0,86.35,0.0
169.0,661.0,0.0,1.0,0.0,6.0,0.0,6.0,76.12,1.0
174.0,661.0,0.0,1.0,0.0,25.0,0.0,15.0,39.28,0.0
36.0,662.0,2.0,0.0,0.0,1.0,0.0,5.0,79.14,0.0
37.0,662.0,2.0,0.0,0.0,1.0,0.0,5.0,20.11,0.0
38.0,662.0,2.0,0.0,0.0,22.0,0.0,12.0,263.47,1.0
38.0,662.0,2.0,0.0,0.0,1.0,0.0,5.0,26.51,0.0
39.0,662.0,2.0,0.0,0.0,1.0,0.0,5.0,31.16,0.0
50.0,662.0,2.0,0.0,0.0,1.0,0.0,5.0,19.28,0.0
51.0,662.0,2.0,0.0,0.0,1.0,0.0,5.0,42.87,0.0
52.0,662.0,2.0,0.0,0.0,6.0,0.0,6.0,369.23,1.0
52.0,662.0,2.0,0.0,0.0,1.0,0.0,5.0,19.46,0.0
53.0,662.0,2.0,0.0,0.0,1.0,0.0,5.0,20.23,0.0
66.0,670.0,1.0,1.0,0.0,0.0,0.0,5.0,24.72,0.0
67.0,670.0,1.0,1.0,0.0,0.0,0.0,5.0,4.62,0.0
67.0,670.0,1.0,1.0,0.0,22.0,0.0,12.0,193.68,1.0
68.0,670.0,1.0,1.0,0.0,0.0,0.0,5.0,21.32,0.0
69.0,670.0,1.0,1.0,0.0,0.0,0.0,5.0,25.98,0.0
77.0,670.0,1.0,1.0,0.0,0.0,0.0,5.0,53.6,0.0
78.0,670.0,1.0,1.0,0.0,0.0,0.0,5.0,4.39,0.0
79.0,670.0,1.0,1.0,0.0,11.0,0.0,12.0,165.52,1.0
79.0,670.0,1.0,1.0,0.0,0.0,0.0,5.0,22.66,0.0
80.0,670.0,1.0,1.0,0.0,0.0,0.0,5.0,49.51,0.0
169.0,670.0,1.0,1.0,0.0,5.0,0.0,8.0,2.42,0.0
170.0,670.0,1.0,1.0,0.0,1.0,0.0,5.0,53.7,0.0
171.0,670.0,1.0,1.0,0.0,6.0,0.0,6.0,490.09,1.0
171.0,670.0,1.0,1.0,0.0,1.0,0.0,5.0,36.06,0.0
172.0,670.0,1.0,1.0,0.0,1.0,0.0,5.0,26.49,0.0
129.0,677.0,1.0,0.0,0.0,0.0,0.0,5.0,23.13,0.0
130.0,677.0,1.0,0.0,0.0,0.0,0.0,5.0,23.45,0.0
131.0,677.0,1.0,0.0,0.0,20.0,0.0,13.0,187.91,1.0
131.0,677.0,1.0,0.0,0.0,0.0,0.0,5.0,46.23,0.0
132.0,677.0,1.0,0.0,0.0,0.0,0.0,5.0,1.55,0.0
0.0,681.0,3.0,1.0,0.0,22.0,0.0,12.0,21.56,0.0
44.0,681.0,3.0,1.0,0.0,22.0,0.0,12.0,324.16,1.0
47.0,681.0,3.0,1.0,0.0,7.0,0.0,6.0,173.77,0.0
59.0,681.0,3.0,1.0,0.0,22.0,0.0,12.0,79.71,0.0
59.0,681.0,3.0,1.0,0.0,48.0,0.0,12.0,50.61,0.0
67.0,681.0,3.0,1.0,0.0,11.0,0.0,12.0,262.41,1.0
69.0,681.0,3.0,1.0,0.0,22.0,0.0,12.0,226.69,1.0
89.0,681.0,3.0,1.0,0.0,22.0,0.0,12.0,951.25,1.0
130.0,681.0,3.0,1.0,0.0,6.0,0.0,6.0,630.7,1.0
140.0,681.0,3.0,1.0,0.0,20.0,0.0,13.0,48.31,0.0
138.0,681.0,3.0,1.0,0.0,26.0,0.0,12.0,672.91,1.0
143.0,681.0,3.0,1.0,0.0,9.0,0.0,10.0,15.64,0.0
167.0,684.0,1.0,1.0,0.0,1.0,0.0,5.0,51.35,0.0
168.0,684.0,1.0,1.0,0.0,1.0,0.0,5.0,5.63,0.0
168.0,684.0,1.0,1.0,0.0,20.0,0.0,13.0,45.39,1.0
169.0,684.0,1.0,1.0,0.0,28.0,0.0,13.0,65.12,0.0
170.0,684.0,1.0,1.0,0.0,0.0,0.0,5.0,16.28,0.0
172.0,685.0,2.0,0.0,0.0,14.0,0.0,15.0,37.36,0.0
173.0,685.0,2.0,0.0,0.0,1.0,0.0,5.0,14.24,0.0
174.0,685.0,2.0,0.0,0.0,20.0,0.0,13.0,4.95,1.0
174.0,685.0,2.0,0.0,0.0,5.0,0.0,8.0,30.17,0.0
175.0,685.0,2.0,0.0,0.0,1.0,0.0,5.0,67.92,0.0
29.0,690.0,4.0,0.0,0.0,19.0,0.0,9.0,153.57,0.0
41.0,690.0,4.0,0.0,0.0,20.0,0.0,13.0,91.87,0.0
44.0,690.0,4.0,0.0,0.0,11.0,0.0,12.0,244.19,1.0
46.0,690.0,4.0,0.0,0.0,9.0,0.0,10.0,6.37,0.0
47.0,690.0,4.0,0.0,0.0,0.0,0.0,5.0,53.32,0.0
13.0,692.0,4.0,1.0,0.0,0.0,0.0,5.0,25.12,0.0
14.0,692.0,4.0,1.0,0.0,0.0,0.0,5.0,53.35,0.0
15.0,692.0,4.0,1.0,0.0,25.0,0.0,15.0,4.35,1.0
16.0,692.0,4.0,1.0,0.0,0.0,0.0,5.0,25.49,0.0
18.0,692.0,4.0,1.0,0.0,36.0,0.0,15.0,14.77,0.0
35.0,692.0,4.0,1.0,0.0,0.0,0.0,5.0,41.08,0.0
35.0,692.0,4.0,1.0,0.0,1.0,0.0,5.0,16.96,0.0
36.0,692.0,4.0,1.0,0.0,6.0,0.0,6.0,246.18,1.0
36.0,692.0,4.0,1.0,0.0,14.0,0.0,15.0,21.81,0.0
38.0,692.0,4.0,1.0,0.0,1.0,0.0,5.0,45.71,0.0
79.0,692.0,4.0,1.0,0.0,4.0,0.0,6.0,124.3,0.0
80.0,692.0,4.0,1.0,0.0,3.0,0.0,7.0,125.21,0.0
85.0,692.0,4.0,1.0,0.0,35.0,0.0,18.0,1782.46,1.0
89.0,692.0,4.0,1.0,0.0,3.0,0.0,7.0,113.17,0.0
91.0,692.0,4.0,1.0,0.0,12.0,0.0,13.0,77.32,0.0
120.0,692.0,4.0,1.0,0.0,9.0,0.0,10.0,134.63,1.0
141.0,692.0,4.0,1.0,0.0,25.0,0.0,15.0,85.09,0.0
143.0,692.0,4.0,1.0,0.0,6.0,0.0,6.0,358.08,1.0
154.0,692.0,4.0,1.0,0.0,25.0,0.0,15.0,1.2,0.0
157.0,692.0,4.0,1.0,0.0,20.0,0.0,13.0,465.11,1.0
162.0,692.0,4.0,1.0,0.0,12.0,0.0,13.0,52.07,0.0
162.0,692.0,4.0,1.0,0.0,20.0,0.0,13.0,7.93,0.0
26.0,694.0,1.0,1.0,0.0,0.0,0.0,5.0,24.33,0.0
27.0,694.0,1.0,1.0,0.0,13.0,0.0,14.0,44.84,0.0
28.0,694.0,1.0,1.0,0.0,6.0,0.0,6.0,494.2,1.0
28.0,694.0,1.0,1.0,0.0,0.0,0.0,5.0,6.75,0.0
29.0,694.0,1.0,1.0,0.0,9.0,0.0,10.0,18.38,0.0
33.0,694.0,1.0,1.0,0.0,0.0,0.0,5.0,38.72,0.0
34.0,694.0,1.0,1.0,0.0,0.0,0.0,5.0,22.09,0.0
35.0,694.0,1.0,1.0,0.0,38.0,0.0,19.0,366.57,1.0
36.0,694.0,1.0,1.0,0.0,0.0,0.0,5.0,18.97,0.0
37.0,694.0,1.0,1.0,0.0,0.0,0.0,5.0,58.93,0.0
38.0,694.0,1.0,1.0,0.0,0.0,0.0,5.0,30.65,0.0
39.0,694.0,1.0,1.0,0.0,12.0,0.0,13.0,168.88,1.0
39.0,694.0,1.0,1.0,0.0,0.0,0.0,5.0,2.79,0.0
40.0,694.0,1.0,1.0,0.0,0.0,0.0,5.0,12.5,0.0
41.0,694.0,1.0,1.0,0.0,22.0,0.0,12.0,98.65,1.0
41.0,694.0,1.0,1.0,0.0,0.0,0.0,5.0,20.61,0.0
42.0,694.0,1.0,1.0,0.0,13.0,0.0,14.0,42.48,0.0
43.0,694.0,1.0,1.0,0.0,6.0,0.0,6.0,179.03,1.0
44.0,694.0,1.0,1.0,0.0,0.0,0.0,5.0,32.26,0.0
44.0,694.0,1.0,1.0,0.0,13.0,0.0,14.0,35.45,1.0
45.0,694.0,1.0,1.0,0.0,0.0,0.0,5.0,39.46,0.0
46.0,694.0,1.0,1.0,0.0,0.0,0.0,5.0,13.55,0.0
46.0,694.0,1.0,1.0,0.0,15.0,0.0,13.0,303.4,1.0
48.0,694.0,1.0,1.0,0.0,0.0,0.0,5.0,28.4,0.0
46.0,694.0,1.0,1.0,0.0,6.0,0.0,6.0,242.3,1.0
49.0,694.0,1.0,1.0,0.0,9.0,0.0,10.0,0.51,0.0
50.0,694.0,1.0,1.0,0.0,6.0,0.0,6.0,225.67,1.0
50.0,694.0,1.0,1.0,0.0,0.0,0.0,5.0,58.77,0.0
51.0,694.0,1.0,1.0,0.0,0.0,0.0,5.0,44.35,0.0
52.0,694.0,1.0,1.0,0.0,0.0,0.0,5.0,53.12,0.0
53.0,694.0,1.0,1.0,0.0,6.0,0.0,6.0,270.72,1.0
53.0,694.0,1.0,1.0,0.0,0.0,0.0,5.0,7.41,0.0
55.0,694.0,1.0,1.0,0.0,0.0,0.0,5.0,19.74,0.0
78.0,694.0,1.0,1.0,0.0,5.0,0.0,8.0,80.67,0.0
79.0,694.0,1.0,1.0,0.0,13.0,0.0,14.0,17.42,0.0
80.0,694.0,1.0,1.0,0.0,12.0,0.0,13.0,500.92,1.0
80.0,694.0,1.0,1.0,0.0,0.0,0.0,5.0,24.96,0.0
81.0,694.0,1.0,1.0,0.0,0.0,0.0,5.0,41.79,0.0
130.0,694.0,1.0,1.0,0.0,0.0,0.0,5.0,12.43,0.0
133.0,694.0,1.0,1.0,0.0,0.0,0.0,5.0,37.35,0.0
134.0,694.0,1.0,1.0,0.0,22.0,0.0,12.0,3.37,1.0
134.0,694.0,1.0,1.0,0.0,9.0,0.0,10.0,46.59,0.0
136.0,694.0,1.0,1.0,0.0,0.0,0.0,5.0,3.48,0.0
137.0,694.0,1.0,1.0,0.0,0.0,0.0,5.0,27.76,0.0
138.0,694.0,1.0,1.0,0.0,0.0,0.0,5.0,0.41,0.0
139.0,694.0,1.0,1.0,0.0,13.0,0.0,14.0,130.78,1.0
139.0,694.0,1.0,1.0,0.0,0.0,0.0,5.0,41.16,0.0
140.0,694.0,1.0,1.0,0.0,0.0,0.0,5.0,16.41,0.0
138.0,695.0,1.0,0.0,0.0,7.0,0.0,6.0,47.2,0.0
138.0,695.0,1.0,0.0,0.0,2.0,0.0,6.0,37.55,0.0
142.0,695.0,1.0,0.0,0.0,6.0,0.0,6.0,542.7,1.0
152.0,697.0,0.0,1.0,0.0,1.0,0.0,5.0,7.59,0.0
153.0,697.0,0.0,1.0,0.0,1.0,0.0,5.0,49.91,0.0
153.0,697.0,0.0,1.0,0.0,22.0,0.0,12.0,664.02,1.0
154.0,697.0,0.0,1.0,0.0,1.0,0.0,5.0,11.45,0.0
155.0,697.0,0.0,1.0,0.0,1.0,0.0,5.0,34.67,0.0
12.0,702.0,4.0,1.0,0.0,0.0,0.0,5.0,10.34,0.0
13.0,702.0,4.0,1.0,0.0,0.0,0.0,5.0,21.55,0.0
13.0,702.0,4.0,1.0,0.0,3.0,0.0,7.0,313.64,1.0
15.0,702.0,4.0,1.0,0.0,0.0,0.0,5.0,16.6,0.0
16.0,702.0,4.0,1.0,0.0,0.0,0.0,5.0,53.54,0.0
16.0,702.0,4.0,1.0,0.0,6.0,0.0,6.0,157.97,1.0
17.0,702.0,4.0,1.0,0.0,9.0,0.0,10.0,4.76,0.0
18.0,702.0,4.0,1.0,0.0,0.0,0.0,5.0,2.82,0.0
19.0,702.0,4.0,1.0,0.0,0.0,0.0,5.0,8.84,0.0
19.0,702.0,4.0,1.0,0.0,30.0,0.0,16.0,792.73,1.0
20.0,702.0,4.0,1.0,0.0,0.0,0.0,5.0,20.03,0.0
20.0,702.0,4.0,1.0,0.0,41.0,0.0,19.0,298.5,1.0
21.0,702.0,4.0,1.0,0.0,0.0,0.0,5.0,42.19,0.0
22.0,702.0,4.0,1.0,0.0,12.0,0.0,13.0,168.04,1.0
22.0,702.0,4.0,1.0,0.0,0.0,0.0,5.0,29.31,0.0
23.0,702.0,4.0,1.0,0.0,9.0,0.0,10.0,55.23,0.0
29.0,702.0,4.0,1.0,0.0,9.0,0.0,10.0,72.22,0.0
30.0,702.0,4.0,1.0,0.0,0.0,0.0,5.0,26.35,0.0
30.0,702.0,4.0,1.0,0.0,20.0,0.0,13.0,20.72,1.0
31.0,702.0,4.0,1.0,0.0,36.0,0.0,15.0,97.47,0.0
32.0,702.0,4.0,1.0,0.0,20.0,0.0,13.0,138.63,1.0
33.0,702.0,4.0,1.0,0.0,0.0,0.0,5.0,18.61,0.0
33.0,702.0,4.0,1.0,0.0,1.0,0.0,5.0,20.42,0.0
43.0,702.0,4.0,1.0,0.0,1.0,0.0,5.0,41.64,0.0
44.0,702.0,4.0,1.0,0.0,1.0,0.0,5.0,12.23,0.0
44.0,702.0,4.0,1.0,0.0,30.0,0.0,16.0,666.65,1.0
45.0,702.0,4.0,1.0,0.0,1.0,0.0,5.0,19.61,0.0
46.0,702.0,4.0,1.0,0.0,1.0,0.0,5.0,36.86,0.0
51.0,702.0,4.0,1.0,0.0,1.0,0.0,5.0,16.16,0.0
52.0,702.0,4.0,1.0,0.0,1.0,0.0,5.0,0.89,0.0
52.0,702.0,4.0,1.0,0.0,20.0,0.0,13.0,166.3,1.0
54.0,702.0,4.0,1.0,0.0,1.0,0.0,5.0,18.02,0.0
54.0,702.0,4.0,1.0,0.0,11.0,0.0,12.0,417.31,1.0
55.0,702.0,4.0,1.0,0.0,1.0,0.0,5.0,28.08,0.0
69.0,702.0,4.0,1.0,0.0,1.0,0.0,5.0,18.97,0.0
70.0,702.0,4.0,1.0,0.0,1.0,0.0,5.0,26.59,0.0
70.0,702.0,4.0,1.0,0.0,19.0,0.0,9.0,582.11,1.0
71.0,702.0,4.0,1.0,0.0,1.0,0.0,5.0,14.84,0.0
72.0,702.0,4.0,1.0,0.0,1.0,0.0,5.0,15.66,0.0
107.0,702.0,4.0,1.0,0.0,1.0,0.0,5.0,12.5,0.0
110.0,702.0,4.0,1.0,0.0,1.0,0.0,5.0,20.63,0.0
111.0,702.0,4.0,1.0,0.0,22.0,0.0,12.0,341.73,1.0
111.0,702.0,4.0,1.0,0.0,1.0,0.0,5.0,46.97,0.0
112.0,702.0,4.0,1.0,0.0,1.0,0.0,5.0,27.2,0.0
134.0,702.0,4.0,1.0,0.0,1.0,0.0,5.0,9.32,0.0
135.0,702.0,4.0,1.0,0.0,5.0,0.0,8.0,45.59,0.0
137.0,702.0,4.0,1.0,0.0,38.0,0.0,19.0,267.86,1.0
138.0,702.0,4.0,1.0,0.0,1.0,0.0,5.0,25.7,0.0
139.0,702.0,4.0,1.0,0.0,1.0,0.0,5.0,43.14,0.0
34.0,704.0,0.0,1.0,0.0,15.0,0.0,13.0,31.26,0.0
35.0,704.0,0.0,1.0,0.0,20.0,0.0,13.0,103.79,0.0
51.0,704.0,0.0,1.0,0.0,30.0,0.0,16.0,228.86,1.0
60.0,704.0,0.0,1.0,0.0,11.0,0.0,12.0,423.9,1.0
83.0,704.0,0.0,1.0,0.0,6.0,0.0,6.0,55.78,0.0
75.0,704.0,0.0,1.0,0.0,38.0,0.0,19.0,334.24,1.0
83.0,704.0,0.0,1.0,0.0,7.0,0.0,6.0,34.67,0.0
85.0,704.0,0.0,1.0,0.0,7.0,0.0,6.0,260.43,0.0
85.0,704.0,0.0,1.0,0.0,2.0,0.0,6.0,72.83,0.0
117.0,704.0,0.0,1.0,0.0,22.0,0.0,12.0,180.63,1.0
129.0,704.0,0.0,1.0,0.0,12.0,0.0,13.0,86.26,0.0
129.0,704.0,0.0,1.0,0.0,20.0,0.0,13.0,6.25,0.0
18.0,719.0,0.0,1.0,0.0,3.0,0.0,7.0,86.82,0.0
19.0,719.0,0.0,1.0,0.0,6.0,0.0,6.0,51.86,0.0
49.0,719.0,0.0,1.0,0.0,10.0,0.0,11.0,304.91,1.0
55.0,719.0,0.0,1.0,0.0,12.0,0.0,13.0,49.96,0.0
62.0,719.0,0.0,1.0,0.0,12.0,0.0,13.0,48.72,0.0
115.0,719.0,0.0,1.0,0.0,0.0,0.0,5.0,19.92,0.0
116.0,719.0,0.0,1.0,0.0,0.0,0.0,5.0,11.04,0.0
116.0,719.0,0.0,1.0,0.0,6.0,0.0,6.0,583.99,1.0
117.0,719.0,0.0,1.0,0.0,0.0,0.0,5.0,7.89,0.0
119.0,719.0,0.0,1.0,0.0,0.0,0.0,5.0,8.64,0.0
147.0,719.0,0.0,1.0,0.0,0.0,0.0,5.0,25.25,0.0
148.0,719.0,0.0,1.0,0.0,0.0,0.0,5.0,8.74,0.0
149.0,719.0,0.0,1.0,0.0,6.0,0.0,6.0,110.16,1.0
149.0,719.0,0.0,1.0,0.0,0.0,0.0,5.0,18.9,0.0
150.0,719.0,0.0,1.0,0.0,13.0,0.0,14.0,16.35,0.0
15.0,726.0,2.0,0.0,0.0,0.0,0.0,5.0,71.3,0.0
16.0,726.0,2.0,0.0,0.0,0.0,0.0,5.0,34.37,0.0
16.0,726.0,2.0,0.0,0.0,22.0,0.0,12.0,299.42,1.0
18.0,726.0,2.0,0.0,0.0,0.0,0.0,5.0,1.81,0.0
19.0,726.0,2.0,0.0,0.0,0.0,0.0,5.0,5.6,0.0
20.0,726.0,2.0,0.0,0.0,0.0,0.0,5.0,13.11,0.0
21.0,726.0,2.0,0.0,0.0,16.0,0.0,16.0,744.97,1.0
21.0,726.0,2.0,0.0,0.0,0.0,0.0,5.0,10.45,0.0
22.0,726.0,2.0,0.0,0.0,0.0,0.0,5.0,41.24,0.0
30.0,726.0,2.0,0.0,0.0,0.0,0.0,5.0,9.49,0.0
31.0,726.0,2.0,0.0,0.0,0.0,0.0,5.0,45.7,0.0
31.0,726.0,2.0,0.0,0.0,11.0,0.0,12.0,387.52,1.0
33.0,726.0,2.0,0.0,0.0,0.0,0.0,5.0,58.68,0.0
35.0,726.0,2.0,0.0,0.0,0.0,0.0,5.0,65.35,0.0
50.0,726.0,2.0,0.0,0.0,5.0,0.0,8.0,19.1,0.0
51.0,726.0,2.0,0.0,0.0,1.0,0.0,5.0,13.28,0.0
52.0,726.0,2.0,0.0,0.0,3.0,0.0,7.0,359.0,1.0
52.0,726.0,2.0,0.0,0.0,1.0,0.0,5.0,24.87,0.0
53.0,726.0,2.0,0.0,0.0,1.0,0.0,5.0,30.35,0.0
54.0,726.0,2.0,0.0,0.0,13.0,0.0,14.0,146.83,1.0
54.0,726.0,2.0,0.0,0.0,1.0,0.0,5.0,63.95,0.0
55.0,726.0,2.0,0.0,0.0,1.0,0.0,5.0,21.47,0.0
57.0,726.0,2.0,0.0,0.0,1.0,0.0,5.0,36.32,0.0
58.0,726.0,2.0,0.0,0.0,1.0,0.0,5.0,39.42,0.0
59.0,726.0,2.0,0.0,0.0,30.0,0.0,16.0,280.65,1.0
59.0,726.0,2.0,0.0,0.0,1.0,0.0,5.0,39.94,0.0
60.0,726.0,2.0,0.0,0.0,5.0,0.0,8.0,22.59,0.0
65.0,726.0,2.0,0.0,0.0,2.0,0.0,6.0,154.6,0.0
68.0,726.0,2.0,0.0,0.0,6.0,0.0,6.0,81.67,0.0
85.0,726.0,2.0,0.0,0.0,6.0,0.0,6.0,644.2,1.0
127.0,726.0,2.0,0.0,0.0,12.0,0.0,13.0,104.08,0.0
135.0,726.0,2.0,0.0,0.0,16.0,0.0,16.0,131.68,0.0
157.0,726.0,2.0,0.0,0.0,0.0,0.0,5.0,24.89,0.0
158.0,726.0,2.0,0.0,0.0,0.0,0.0,5.0,26.05,0.0
160.0,726.0,2.0,0.0,0.0,3.0,0.0,7.0,333.92,1.0
160.0,726.0,2.0,0.0,0.0,0.0,0.0,5.0,4.56,0.0
161.0,726.0,2.0,0.0,0.0,15.0,0.0,13.0,27.11,0.0
158.0,729.0,0.0,1.0,0.0,0.0,0.0,5.0,10.52,0.0
160.0,729.0,0.0,1.0,0.0,15.0,0.0,13.0,33.65,0.0
160.0,729.0,0.0,1.0,0.0,35.0,0.0,18.0,495.23,1.0
161.0,729.0,0.0,1.0,0.0,0.0,0.0,5.0,7.22,0.0
162.0,729.0,0.0,1.0,0.0,0.0,0.0,5.0,3.18,0.0
42.0,736.0,0.0,1.0,0.0,0.0,0.0,5.0,29.9,0.0
43.0,736.0,0.0,1.0,0.0,0.0,0.0,5.0,45.42,0.0
43.0,736.0,0.0,1.0,0.0,20.0,0.0,13.0,496.86,1.0
44.0,736.0,0.0,1.0,0.0,0.0,0.0,5.0,52.83,0.0
46.0,736.0,0.0,1.0,0.0,0.0,0.0,5.0,51.99,0.0
51.0,736.0,0.0,1.0,0.0,0.0,0.0,5.0,48.25,0.0
52.0,736.0,0.0,1.0,0.0,0.0,0.0,5.0,31.22,0.0
53.0,736.0,0.0,1.0,0.0,35.0,0.0,18.0,3597.32,1.0
53.0,736.0,0.0,1.0,0.0,0.0,0.0,5.0,10.15,0.0
54.0,736.0,0.0,1.0,0.0,0.0,0.0,5.0,53.24,0.0
132.0,736.0,0.0,1.0,0.0,0.0,0.0,5.0,16.31,0.0
133.0,736.0,0.0,1.0,0.0,9.0,0.0,10.0,36.02,0.0
133.0,736.0,0.0,1.0,0.0,27.0,0.0,12.0,559.65,1.0
134.0,736.0,0.0,1.0,0.0,0.0,0.0,5.0,14.55,0.0
135.0,736.0,0.0,1.0,0.0,0.0,0.0,5.0,36.36,0.0
174.0,736.0,0.0,1.0,0.0,1.0,0.0,5.0,1.02,0.0
175.0,736.0,0.0,1.0,0.0,1.0,0.0,5.0,41.96,0.0
175.0,736.0,0.0,1.0,0.0,22.0,0.0,12.0,155.53,1.0
176.0,736.0,0.0,1.0,0.0,1.0,0.0,5.0,41.67,0.0
177.0,736.0,0.0,1.0,0.0,28.0,0.0,13.0,103.89,0.0
178.0,736.0,0.0,1.0,0.0,6.0,0.0,6.0,535.16,1.0
178.0,736.0,0.0,1.0,0.0,0.0,0.0,5.0,20.02,0.0
178.0,736.0,0.0,1.0,0.0,1.0,0.0,5.0,16.88,0.0
179.0,736.0,0.0,1.0,0.0,1.0,0.0,5.0,23.79,0.0
179.0,736.0,0.0,1.0,0.0,6.0,0.0,6.0,814.03,1.0
156.0,738.0,1.0,1.0,0.0,1.0,0.0,5.0,3.35,0.0
157.0,738.0,1.0,1.0,0.0,1.0,0.0,5.0,53.75,0.0
158.0,738.0,1.0,1.0,0.0,6.0,0.0,6.0,99.21,1.0
158.0,738.0,1.0,1.0,0.0,1.0,0.0,5.0,9.22,0.0
159.0,738.0,1.0,1.0,0.0,1.0,0.0,5.0,12.45,0.0
130.0,741.0,0.0,0.0,0.0,22.0,0.0,12.0,53.39,0.0
130.0,741.0,0.0,0.0,0.0,48.0,0.0,12.0,15.09,0.0
130.0,741.0,0.0,0.0,0.0,6.0,0.0,6.0,445.85,1.0
133.0,741.0,0.0,0.0,0.0,22.0,0.0,12.0,26.34,0.0
133.0,741.0,0.0,0.0,0.0,48.0,0.0,12.0,45.29,0.0
155.0,741.0,0.0,0.0,0.0,25.0,0.0,15.0,43.46,0.0
169.0,741.0,0.0,0.0,0.0,26.0,0.0,12.0,408.87,1.0
172.0,741.0,0.0,0.0,0.0,12.0,0.0,13.0,307.6,1.0
177.0,741.0,0.0,0.0,0.0,25.0,0.0,15.0,137.23,1.0
40.0,742.0,3.0,1.0,0.0,0.0,0.0,5.0,30.11,0.0
41.0,742.0,3.0,1.0,0.0,0.0,0.0,5.0,32.93,0.0
42.0,742.0,3.0,1.0,0.0,18.0,0.0,9.0,300.97,1.0
42.0,742.0,3.0,1.0,0.0,0.0,0.0,5.0,12.38,0.0
43.0,742.0,3.0,1.0,0.0,0.0,0.0,5.0,14.14,0.0
170.0,742.0,3.0,1.0,0.0,1.0,0.0,5.0,2.76,0.0
171.0,742.0,3.0,1.0,0.0,1.0,0.0,5.0,20.86,0.0
172.0,742.0,3.0,1.0,0.0,6.0,0.0,6.0,659.41,1.0
172.0,742.0,3.0,1.0,0.0,1.0,0.0,5.0,40.18,0.0
173.0,742.0,3.0,1.0,0.0,1.0,0.0,5.0,44.7,0.0
0.0,755.0,0.0,1.0,0.0,20.0,0.0,13.0,104.03,0.0
2.0,755.0,0.0,1.0,0.0,30.0,0.0,16.0,21.07,0.0
15.0,755.0,0.0,1.0,0.0,13.0,0.0,14.0,276.69,1.0
16.0,755.0,0.0,1.0,0.0,20.0,0.0,13.0,107.18,1.0
23.0,755.0,0.0,1.0,0.0,22.0,0.0,12.0,18.06,1.0
44.0,755.0,0.0,1.0,0.0,7.0,0.0,6.0,175.98,0.0
27.0,755.0,0.0,1.0,0.0,6.0,0.0,6.0,895.47,1.0
50.0,755.0,0.0,1.0,0.0,26.0,0.0,12.0,263.66,1.0
51.0,755.0,0.0,1.0,0.0,44.0,0.0,13.0,353.37,1.0
70.0,755.0,0.0,1.0,0.0,9.0,0.0,10.0,49.16,0.0
55.0,755.0,0.0,1.0,0.0,35.0,0.0,18.0,895.82,1.0
71.0,755.0,0.0,1.0,0.0,0.0,0.0,5.0,5.07,0.0
74.0,755.0,0.0,1.0,0.0,0.0,0.0,5.0,48.01,0.0
75.0,755.0,0.0,1.0,0.0,0.0,0.0,5.0,2.64,0.0
76.0,755.0,0.0,1.0,0.0,13.0,0.0,14.0,131.73,1.0
77.0,755.0,0.0,1.0,0.0,15.0,0.0,13.0,16.35,0.0
78.0,755.0,0.0,1.0,0.0,0.0,0.0,5.0,58.46,0.0
98.0,765.0,4.0,0.0,0.0,0.0,0.0,5.0,4.68,0.0
99.0,765.0,4.0,0.0,0.0,0.0,0.0,5.0,41.88,0.0
100.0,765.0,4.0,0.0,0.0,6.0,0.0,6.0,160.26,1.0
100.0,765.0,4.0,0.0,0.0,9.0,0.0,10.0,41.76,0.0
102.0,765.0,4.0,0.0,0.0,0.0,0.0,5.0,12.42,0.0
106.0,765.0,4.0,0.0,0.0,0.0,0.0,5.0,39.93,0.0
107.0,765.0,4.0,0.0,0.0,0.0,0.0,5.0,20.52,0.0
107.0,765.0,4.0,0.0,0.0,22.0,0.0,12.0,624.26,1.0
108.0,765.0,4.0,0.0,0.0,0.0,0.0,5.0,24.12,0.0
110.0,765.0,4.0,0.0,0.0,0.0,0.0,5.0,23.73,0.0
155.0,765.0,4.0,0.0,0.0,1.0,0.0,5.0,39.77,0.0
156.0,765.0,4.0,0.0,0.0,1.0,0.0,5.0,39.58,0.0
157.0,765.0,4.0,0.0,0.0,35.0,0.0,18.0,3137.5,1.0
157.0,765.0,4.0,0.0,0.0,1.0,0.0,5.0,52.0,0.0
158.0,765.0,4.0,0.0,0.0,5.0,0.0,8.0,20.54,0.0
28.0,772.0,1.0,0.0,0.0,0.0,0.0,5.0,34.44,0.0
29.0,772.0,1.0,0.0,0.0,0.0,0.0,5.0,54.12,0.0
31.0,772.0,1.0,0.0,0.0,20.0,0.0,13.0,372.05,1.0
31.0,772.0,1.0,0.0,0.0,0.0,0.0,5.0,11.63,0.0
32.0,772.0,1.0,0.0,0.0,0.0,0.0,5.0,13.5,0.0
48.0,772.0,1.0,0.0,0.0,0.0,0.0,5.0,18.87,0.0
49.0,772.0,1.0,0.0,0.0,0.0,0.0,5.0,1.33,0.0
49.0,772.0,1.0,0.0,0.0,6.0,0.0,6.0,390.61,1.0
50.0,772.0,1.0,0.0,0.0,0.0,0.0,5.0,52.19,0.0
51.0,772.0,1.0,0.0,0.0,0.0,0.0,5.0,19.18,0.0
52.0,772.0,1.0,0.0,0.0,0.0,0.0,5.0,40.57,0.0
53.0,772.0,1.0,0.0,0.0,0.0,0.0,5.0,48.0,0.0
54.0,772.0,1.0,0.0,0.0,22.0,0.0,12.0,371.12,1.0
54.0,772.0,1.0,0.0,0.0,32.0,0.0,11.0,90.91,0.0
55.0,772.0,1.0,0.0,0.0,4.0,0.0,6.0,185.53,0.0
92.0,778.0,4.0,1.0,0.0,0.0,0.0,5.0,16.44,0.0
92.0,778.0,4.0,1.0,0.0,1.0,0.0,5.0,8.96,0.0
93.0,778.0,4.0,1.0,0.0,6.0,0.0,6.0,44.33,1.0
93.0,778.0,4.0,1.0,0.0,10.0,0.0,11.0,27.07,0.0
93.0,778.0,4.0,1.0,0.0,47.0,0.0,11.0,84.18,0.0
65.0,782.0,0.0,1.0,0.0,1.0,0.0,5.0,33.92,0.0
66.0,782.0,0.0,1.0,0.0,10.0,0.0,11.0,105.11,0.0
66.0,782.0,0.0,1.0,0.0,10.0,0.0,11.0,783.96,1.0
67.0,782.0,0.0,1.0,0.0,1.0,0.0,5.0,15.64,0.0
68.0,782.0,0.0,1.0,0.0,1.0,0.0,5.0,35.02,0.0
41.0,783.0,2.0,1.0,0.0,0.0,0.0,5.0,28.59,0.0
42.0,783.0,2.0,1.0,0.0,0.0,0.0,5.0,1.03,0.0
42.0,783.0,2.0,1.0,0.0,6.0,0.0,6.0,520.43,1.0
44.0,783.0,2.0,1.0,0.0,0.0,0.0,5.0,45.47,0.0
45.0,783.0,2.0,1.0,0.0,0.0,0.0,5.0,12.94,0.0
55.0,783.0,2.0,1.0,0.0,0.0,0.0,5.0,9.73,0.0
56.0,783.0,2.0,1.0,0.0,0.0,0.0,5.0,38.68,0.0
56.0,783.0,2.0,1.0,0.0,6.0,0.0,6.0,576.55,1.0
57.0,783.0,2.0,1.0,0.0,0.0,0.0,5.0,8.99,0.0
58.0,783.0,2.0,1.0,0.0,0.0,0.0,5.0,21.73,0.0
61.0,792.0,1.0,1.0,0.0,0.0,0.0,5.0,26.67,0.0
62.0,792.0,1.0,1.0,0.0,0.0,0.0,5.0,33.06,0.0
62.0,792.0,1.0,1.0,0.0,6.0,0.0,6.0,31.92,1.0
63.0,792.0,1.0,1.0,0.0,0.0,0.0,5.0,10.7,0.0
65.0,792.0,1.0,1.0,0.0,0.0,0.0,5.0,17.35,0.0
99.0,792.0,1.0,1.0,0.0,0.0,0.0,5.0,25.56,0.0
100.0,792.0,1.0,1.0,0.0,0.0,0.0,5.0,11.25,0.0
101.0,792.0,1.0,1.0,0.0,26.0,0.0,12.0,9.61,1.0
101.0,792.0,1.0,1.0,0.0,0.0,0.0,5.0,28.18,0.0
102.0,792.0,1.0,1.0,0.0,0.0,0.0,5.0,33.74,0.0
124.0,792.0,1.0,1.0,0.0,20.0,0.0,13.0,21.04,0.0
137.0,792.0,1.0,1.0,0.0,12.0,0.0,13.0,139.79,0.0
146.0,792.0,1.0,1.0,0.0,41.0,0.0,19.0,173.43,1.0
142.0,794.0,1.0,1.0,0.0,5.0,0.0,8.0,25.64,0.0
143.0,794.0,1.0,1.0,0.0,1.0,0.0,5.0,62.63,0.0
144.0,794.0,1.0,1.0,0.0,16.0,0.0,16.0,44.04,1.0
144.0,794.0,1.0,1.0,0.0,1.0,0.0,5.0,20.84,0.0
145.0,794.0,1.0,1.0,0.0,1.0,0.0,5.0,57.68,0.0
161.0,794.0,1.0,1.0,0.0,0.0,0.0,5.0,20.36,0.0
161.0,794.0,1.0,1.0,0.0,1.0,0.0,5.0,11.34,0.0
161.0,794.0,1.0,1.0,0.0,6.0,0.0,6.0,440.36,1.0
163.0,794.0,1.0,1.0,0.0,1.0,0.0,5.0,15.02,0.0
164.0,794.0,1.0,1.0,0.0,4.0,0.0,6.0,1.64,0.0
115.0,795.0,0.0,1.0,0.0,0.0,0.0,5.0,3.61,0.0
117.0,795.0,0.0,1.0,0.0,0.0,0.0,5.0,34.81,0.0
117.0,795.0,0.0,1.0,0.0,20.0,0.0,13.0,169.17,1.0
119.0,795.0,0.0,1.0,0.0,9.0,0.0,10.0,64.64,0.0
120.0,795.0,0.0,1.0,0.0,0.0,0.0,5.0,15.8,0.0
105.0,799.0,5.0,0.0,0.0,1.0,0.0,5.0,5.97,0.0
106.0,799.0,5.0,0.0,0.0,1.0,0.0,5.0,22.59,0.0
107.0,799.0,5.0,0.0,0.0,20.0,0.0,13.0,125.53,1.0
107.0,799.0,5.0,0.0,0.0,1.0,0.0,5.0,3.95,0.0
108.0,799.0,5.0,0.0,0.0,1.0,0.0,5.0,54.87,0.0
0.0,801.0,0.0,1.0,0.0,11.0,0.0,12.0,70.15,1.0
2.0,801.0,0.0,1.0,0.0,8.0,0.0,9.0,81.32,0.0
5.0,801.0,0.0,1.0,0.0,20.0,0.0,13.0,56.66,0.0
9.0,801.0,0.0,1.0,0.0,6.0,0.0,6.0,313.5,1.0
11.0,801.0,0.0,1.0,0.0,9.0,0.0,10.0,67.16,0.0
12.0,801.0,0.0,1.0,0.0,0.0,0.0,5.0,22.95,0.0
13.0,801.0,0.0,1.0,0.0,0.0,0.0,5.0,33.54,0.0
14.0,801.0,0.0,1.0,0.0,13.0,0.0,14.0,133.69,1.0
14.0,801.0,0.0,1.0,0.0,0.0,0.0,5.0,31.01,0.0
15.0,801.0,0.0,1.0,0.0,0.0,0.0,5.0,10.47,0.0
103.0,801.0,0.0,1.0,0.0,1.0,0.0,5.0,41.36,0.0
104.0,801.0,0.0,1.0,0.0,1.0,0.0,5.0,29.96,0.0
105.0,801.0,0.0,1.0,0.0,6.0,0.0,6.0,36.65,1.0
106.0,801.0,0.0,1.0,0.0,1.0,0.0,5.0,20.22,0.0
107.0,801.0,0.0,1.0,0.0,1.0,0.0,5.0,30.33,0.0
126.0,801.0,0.0,1.0,0.0,4.0,0.0,6.0,115.81,0.0
126.0,801.0,0.0,1.0,0.0,42.0,0.0,6.0,39.13,0.0
126.0,801.0,0.0,1.0,0.0,2.0,0.0,6.0,603.59,1.0
127.0,801.0,0.0,1.0,0.0,1.0,0.0,5.0,3.75,0.0
128.0,801.0,0.0,1.0,0.0,10.0,0.0,11.0,129.16,0.0
0.0,802.0,2.0,1.0,0.0,11.0,0.0,12.0,238.82,1.0
10.0,802.0,2.0,1.0,0.0,22.0,0.0,12.0,62.4,1.0
21.0,802.0,2.0,1.0,0.0,18.0,0.0,9.0,528.12,1.0
30.0,802.0,2.0,1.0,0.0,11.0,0.0,12.0,148.4,1.0
35.0,802.0,2.0,1.0,0.0,6.0,0.0,6.0,274.54,1.0
38.0,802.0,2.0,1.0,0.0,7.0,0.0,6.0,2.17,0.0
38.0,802.0,2.0,1.0,0.0,22.0,0.0,12.0,156.0,1.0
62.0,802.0,2.0,1.0,0.0,20.0,0.0,13.0,71.05,0.0
64.0,802.0,2.0,1.0,0.0,22.0,0.0,12.0,203.13,1.0
64.0,802.0,2.0,1.0,0.0,6.0,0.0,6.0,50.21,0.0
69.0,802.0,2.0,1.0,0.0,12.0,0.0,13.0,2.08,1.0
70.0,802.0,2.0,1.0,0.0,25.0,0.0,15.0,74.7,0.0
90.0,802.0,2.0,1.0,0.0,6.0,0.0,6.0,81.45,0.0
90.0,802.0,2.0,1.0,0.0,7.0,0.0,6.0,138.56,0.0
90.0,802.0,2.0,1.0,0.0,2.0,0.0,6.0,247.62,0.0
111.0,802.0,2.0,1.0,0.0,6.0,0.0,6.0,183.75,1.0
119.0,802.0,2.0,1.0,0.0,25.0,0.0,15.0,16.38,0.0
131.0,802.0,2.0,1.0,0.0,22.0,0.0,12.0,29.78,1.0
178.0,802.0,2.0,1.0,0.0,25.0,0.0,15.0,33.35,0.0
168.0,802.0,2.0,1.0,0.0,38.0,0.0,19.0,321.56,1.0
63.0,814.0,0.0,1.0,0.0,2.0,0.0,6.0,24.37,0.0
64.0,814.0,0.0,1.0,0.0,22.0,0.0,12.0,121.89,0.0
67.0,814.0,0.0,1.0,0.0,30.0,0.0,16.0,1100.46,1.0
155.0,814.0,0.0,1.0,0.0,7.0,0.0,6.0,146.07,0.0
145.0,814.0,0.0,1.0,0.0,48.0,0.0,12.0,246.48,1.0
156.0,814.0,0.0,1.0,0.0,9.0,0.0,10.0,30.81,0.0
156.0,814.0,0.0,1.0,0.0,6.0,0.0,6.0,169.78,1.0
157.0,814.0,0.0,1.0,0.0,0.0,0.0,5.0,1.84,0.0
157.0,814.0,0.0,1.0,0.0,6.0,0.0,6.0,276.36,1.0
158.0,814.0,0.0,1.0,0.0,22.0,0.0,12.0,262.02,1.0
158.0,814.0,0.0,1.0,0.0,0.0,0.0,5.0,22.48,0.0
159.0,814.0,0.0,1.0,0.0,0.0,0.0,5.0,15.84,0.0
168.0,814.0,0.0,1.0,0.0,0.0,0.0,5.0,11.95,0.0
169.0,814.0,0.0,1.0,0.0,9.0,0.0,10.0,28.61,0.0
169.0,814.0,0.0,1.0,0.0,22.0,0.0,12.0,13.36,1.0
170.0,814.0,0.0,1.0,0.0,0.0,0.0,5.0,48.06,0.0
171.0,814.0,0.0,1.0,0.0,0.0,0.0,5.0,18.4,0.0
174.0,814.0,0.0,1.0,0.0,0.0,0.0,5.0,27.68,0.0
175.0,814.0,0.0,1.0,0.0,0.0,0.0,5.0,52.04,0.0
175.0,814.0,0.0,1.0,0.0,12.0,0.0,13.0,322.59,1.0
176.0,814.0,0.0,1.0,0.0,0.0,0.0,5.0,18.89,0.0
177.0,814.0,0.0,1.0,0.0,0.0,0.0,5.0,53.79,0.0
50.0,817.0,1.0,1.0,0.0,15.0,0.0,13.0,43.18,0.0
52.0,817.0,1.0,1.0,0.0,2.0,0.0,6.0,143.6,0.0
82.0,817.0,1.0,1.0,0.0,41.0,0.0,19.0,382.86,1.0
166.0,817.0,1.0,1.0,0.0,6.0,0.0,6.0,179.4,0.0
170.0,817.0,1.0,1.0,0.0,12.0,0.0,13.0,6.28,0.0
121.0,818.0,5.0,1.0,0.0,20.0,0.0,13.0,72.7,0.0
122.0,818.0,5.0,1.0,0.0,6.0,0.0,6.0,157.45,0.0
144.0,818.0,5.0,1.0,0.0,6.0,0.0,6.0,324.08,1.0
177.0,818.0,5.0,1.0,0.0,6.0,0.0,6.0,58.72,0.0
164.0,818.0,5.0,1.0,0.0,22.0,0.0,12.0,107.85,1.0
177.0,818.0,5.0,1.0,0.0,2.0,0.0,6.0,264.04,0.0
54.0,822.0,2.0,0.0,0.0,0.0,0.0,5.0,20.73,0.0
55.0,822.0,2.0,0.0,0.0,0.0,0.0,5.0,24.31,0.0
55.0,822.0,2.0,0.0,0.0,41.0,0.0,19.0,448.47,1.0
56.0,822.0,2.0,0.0,0.0,0.0,0.0,5.0,19.61,0.0
57.0,822.0,2.0,0.0,0.0,0.0,0.0,5.0,14.69,0.0
118.0,822.0,2.0,0.0,0.0,0.0,0.0,5.0,19.28,0.0
119.0,822.0,2.0,0.0,0.0,0.0,0.0,5.0,13.68,0.0
119.0,822.0,2.0,0.0,0.0,6.0,0.0,6.0,417.21,1.0
120.0,822.0,2.0,0.0,0.0,0.0,0.0,5.0,18.38,0.0
121.0,822.0,2.0,0.0,0.0,0.0,0.0,5.0,60.94,0.0
72.0,824.0,0.0,1.0,0.0,0.0,0.0,5.0,29.63,0.0
73.0,824.0,0.0,1.0,0.0,0.0,0.0,5.0,49.18,0.0
73.0,824.0,0.0,1.0,0.0,13.0,0.0,14.0,159.82,1.0
74.0,824.0,0.0,1.0,0.0,0.0,0.0,5.0,31.09,0.0
75.0,824.0,0.0,1.0,0.0,0.0,0.0,5.0,31.52,0.0
86.0,824.0,0.0,1.0,0.0,0.0,0.0,5.0,18.93,0.0
89.0,824.0,0.0,1.0,0.0,0.0,0.0,5.0,16.43,0.0
90.0,824.0,0.0,1.0,0.0,13.0,0.0,14.0,338.86,1.0
90.0,824.0,0.0,1.0,0.0,0.0,0.0,5.0,41.95,0.0
91.0,824.0,0.0,1.0,0.0,0.0,0.0,5.0,35.79,0.0
95.0,824.0,0.0,1.0,0.0,0.0,0.0,5.0,22.49,0.0
96.0,824.0,0.0,1.0,0.0,0.0,0.0,5.0,20.86,0.0
96.0,824.0,0.0,1.0,0.0,6.0,0.0,6.0,539.23,1.0
97.0,824.0,0.0,1.0,0.0,0.0,0.0,5.0,24.92,0.0
98.0,824.0,0.0,1.0,0.0,0.0,0.0,5.0,29.19,0.0
141.0,824.0,0.0,1.0,0.0,1.0,0.0,5.0,16.42,0.0
142.0,824.0,0.0,1.0,0.0,1.0,0.0,5.0,51.24,0.0
142.0,824.0,0.0,1.0,0.0,6.0,0.0,6.0,327.56,1.0
143.0,824.0,0.0,1.0,0.0,1.0,0.0,5.0,37.36,0.0
145.0,824.0,0.0,1.0,0.0,1.0,0.0,5.0,11.44,0.0
157.0,824.0,0.0,1.0,0.0,1.0,0.0,5.0,27.31,0.0
158.0,824.0,0.0,1.0,0.0,1.0,0.0,5.0,47.86,0.0
158.0,824.0,0.0,1.0,0.0,6.0,0.0,6.0,1004.06,1.0
159.0,824.0,0.0,1.0,0.0,1.0,0.0,5.0,5.78,0.0
160.0,824.0,0.0,1.0,0.0,1.0,0.0,5.0,18.71,0.0
24.0,825.0,2.0,1.0,0.0,9.0,0.0,10.0,52.76,0.0
25.0,825.0,2.0,1.0,0.0,7.0,0.0,6.0,115.99,0.0
41.0,825.0,2.0,1.0,0.0,6.0,0.0,6.0,607.32,1.0
46.0,825.0,2.0,1.0,0.0,7.0,0.0,6.0,204.79,0.0
46.0,825.0,2.0,1.0,0.0,2.0,0.0,6.0,161.02,0.0
51.0,825.0,2.0,1.0,0.0,20.0,0.0,13.0,51.08,1.0
61.0,825.0,2.0,1.0,0.0,6.0,0.0,6.0,6.59,0.0
88.0,825.0,2.0,1.0,0.0,6.0,0.0,6.0,599.72,1.0
151.0,825.0,2.0,1.0,0.0,6.0,0.0,6.0,127.23,0.0
126.0,825.0,2.0,1.0,0.0,2.0,0.0,6.0,729.29,1.0
151.0,825.0,2.0,1.0,0.0,2.0,0.0,6.0,141.69,0.0
162.0,825.0,2.0,1.0,0.0,12.0,0.0,13.0,39.49,0.0
162.0,825.0,2.0,1.0,0.0,38.0,0.0,19.0,249.01,1.0
163.0,825.0,2.0,1.0,0.0,6.0,0.0,6.0,74.17,0.0
163.0,825.0,2.0,1.0,0.0,2.0,0.0,6.0,78.03,0.0
20.0,832.0,0.0,1.0,0.0,12.0,0.0,13.0,64.53,0.0
34.0,832.0,0.0,1.0,0.0,3.0,0.0,7.0,2.43,0.0
37.0,832.0,0.0,1.0,0.0,41.0,0.0,19.0,321.47,1.0
52.0,832.0,0.0,1.0,0.0,6.0,0.0,6.0,42.88,0.0
69.0,832.0,0.0,1.0,0.0,3.0,0.0,7.0,87.36,0.0
99.0,832.0,0.0,1.0,0.0,0.0,0.0,5.0,15.36,0.0
101.0,832.0,0.0,1.0,0.0,0.0,0.0,5.0,58.73,0.0
102.0,832.0,0.0,1.0,0.0,22.0,0.0,12.0,391.69,1.0
103.0,832.0,0.0,1.0,0.0,0.0,0.0,5.0,61.65,0.0
105.0,832.0,0.0,1.0,0.0,0.0,0.0,5.0,2.95,0.0
134.0,832.0,0.0,1.0,0.0,0.0,0.0,5.0,14.48,0.0
135.0,832.0,0.0,1.0,0.0,0.0,0.0,5.0,55.1,0.0
135.0,832.0,0.0,1.0,0.0,20.0,0.0,13.0,13.96,1.0
136.0,832.0,0.0,1.0,0.0,0.0,0.0,5.0,26.99,0.0
137.0,832.0,0.0,1.0,0.0,0.0,0.0,5.0,72.42,0.0
26.0,838.0,0.0,1.0,0.0,0.0,0.0,5.0,9.74,0.0
27.0,838.0,0.0,1.0,0.0,0.0,0.0,5.0,40.13,0.0
28.0,838.0,0.0,1.0,0.0,39.0,0.0,18.0,12.03,1.0
28.0,838.0,0.0,1.0,0.0,9.0,0.0,10.0,12.88,0.0
29.0,838.0,0.0,1.0,0.0,0.0,0.0,5.0,15.04,0.0
49.0,838.0,0.0,1.0,0.0,0.0,0.0,5.0,32.43,0.0
52.0,838.0,0.0,1.0,0.0,0.0,0.0,5.0,27.07,0.0
53.0,838.0,0.0,1.0,0.0,35.0,0.0,18.0,3680.16,1.0
53.0,838.0,0.0,1.0,0.0,0.0,0.0,5.0,50.34,0.0
54.0,838.0,0.0,1.0,0.0,0.0,0.0,5.0,31.25,0.0
65.0,838.0,0.0,1.0,0.0,0.0,0.0,5.0,14.22,0.0
66.0,838.0,0.0,1.0,0.0,0.0,0.0,5.0,49.29,0.0
67.0,838.0,0.0,1.0,0.0,22.0,0.0,12.0,639.53,1.0
67.0,838.0,0.0,1.0,0.0,0.0,0.0,5.0,3.93,0.0
68.0,838.0,0.0,1.0,0.0,0.0,0.0,5.0,27.27,0.0
132.0,838.0,0.0,1.0,0.0,1.0,0.0,5.0,24.02,0.0
133.0,838.0,0.0,1.0,0.0,1.0,0.0,5.0,44.6,0.0
134.0,838.0,0.0,1.0,0.0,6.0,0.0,6.0,242.96,1.0
134.0,838.0,0.0,1.0,0.0,5.0,0.0,8.0,16.85,0.0
135.0,838.0,0.0,1.0,0.0,1.0,0.0,5.0,6.5,0.0
157.0,838.0,0.0,1.0,0.0,42.0,0.0,6.0,254.7,0.0
158.0,838.0,0.0,1.0,0.0,26.0,0.0,12.0,111.15,0.0
160.0,838.0,0.0,1.0,0.0,6.0,0.0,6.0,669.07,1.0
162.0,838.0,0.0,1.0,0.0,2.0,0.0,6.0,207.79,0.0
168.0,838.0,0.0,1.0,0.0,12.0,0.0,13.0,74.18,0.0
59.0,840.0,4.0,1.0,0.0,12.0,0.0,13.0,76.98,0.0
59.0,840.0,4.0,1.0,0.0,21.0,0.0,13.0,33.33,0.0
76.0,840.0,4.0,1.0,0.0,22.0,0.0,12.0,128.92,1.0
84.0,840.0,4.0,1.0,0.0,12.0,0.0,13.0,10.7,0.0
84.0,840.0,4.0,1.0,0.0,21.0,0.0,13.0,9.08,0.0
119.0,840.0,4.0,1.0,0.0,13.0,0.0,14.0,74.9,0.0
120.0,840.0,4.0,1.0,0.0,0.0,0.0,5.0,72.14,0.0
121.0,840.0,4.0,1.0,0.0,22.0,0.0,12.0,76.95,1.0
121.0,840.0,4.0,1.0,0.0,0.0,0.0,5.0,8.41,0.0
122.0,840.0,4.0,1.0,0.0,0.0,0.0,5.0,49.74,0.0
135.0,840.0,4.0,1.0,0.0,1.0,0.0,5.0,5.63,0.0
137.0,840.0,4.0,1.0,0.0,5.0,0.0,8.0,43.9,0.0
139.0,840.0,4.0,1.0,0.0,22.0,0.0,12.0,374.32,1.0
139.0,840.0,4.0,1.0,0.0,5.0,0.0,8.0,22.12,0.0
140.0,840.0,4.0,1.0,0.0,1.0,0.0,5.0,9.56,0.0
16.0,841.0,1.0,1.0,0.0,0.0,0.0,5.0,2.48,0.0
17.0,841.0,1.0,1.0,0.0,0.0,0.0,5.0,22.54,0.0
19.0,841.0,1.0,1.0,0.0,18.0,0.0,9.0,995.89,1.0
19.0,841.0,1.0,1.0,0.0,0.0,0.0,5.0,22.28,0.0
20.0,841.0,1.0,1.0,0.0,0.0,0.0,5.0,15.99,0.0
116.0,841.0,1.0,1.0,0.0,0.0,0.0,5.0,4.83,0.0
118.0,841.0,1.0,1.0,0.0,0.0,0.0,5.0,17.46,0.0
119.0,841.0,1.0,1.0,0.0,22.0,0.0,12.0,800.01,1.0
119.0,841.0,1.0,1.0,0.0,0.0,0.0,5.0,25.93,0.0
121.0,841.0,1.0,1.0,0.0,0.0,0.0,5.0,42.34,0.0
102.0,844.0,0.0,0.0,0.0,0.0,0.0,5.0,55.0,0.0
103.0,844.0,0.0,0.0,0.0,0.0,0.0,5.0,43.33,0.0
104.0,844.0,0.0,0.0,0.0,17.0,0.0,9.0,26.43,1.0
104.0,844.0,0.0,0.0,0.0,9.0,0.0,10.0,54.18,0.0
105.0,844.0,0.0,0.0,0.0,0.0,0.0,5.0,60.06,0.0
8.0,845.0,2.0,1.0,0.0,0.0,0.0,5.0,40.31,0.0
10.0,845.0,2.0,1.0,0.0,9.0,0.0,10.0,21.09,0.0
11.0,845.0,2.0,1.0,0.0,9.0,0.0,10.0,174.67,1.0
11.0,845.0,2.0,1.0,0.0,0.0,0.0,5.0,22.55,0.0
12.0,845.0,2.0,1.0,0.0,0.0,0.0,5.0,9.88,0.0
12.0,845.0,2.0,1.0,0.0,9.0,0.0,10.0,500.54,1.0
13.0,845.0,2.0,1.0,0.0,0.0,0.0,5.0,14.44,0.0
14.0,845.0,2.0,1.0,0.0,0.0,0.0,5.0,4.11,0.0
140.0,845.0,2.0,1.0,0.0,1.0,0.0,5.0,23.53,0.0
141.0,845.0,2.0,1.0,0.0,1.0,0.0,5.0,24.87,0.0
141.0,845.0,2.0,1.0,0.0,22.0,0.0,12.0,457.82,1.0
142.0,845.0,2.0,1.0,0.0,1.0,0.0,5.0,27.8,0.0
143.0,845.0,2.0,1.0,0.0,1.0,0.0,5.0,8.84,0.0
172.0,845.0,2.0,1.0,0.0,1.0,0.0,5.0,61.16,0.0
173.0,845.0,2.0,1.0,0.0,1.0,0.0,5.0,21.55,0.0
173.0,845.0,2.0,1.0,0.0,3.0,0.0,7.0,580.81,1.0
174.0,845.0,2.0,1.0,0.0,1.0,0.0,5.0,35.22,0.0
175.0,845.0,2.0,1.0,0.0,1.0,0.0,5.0,33.02,0.0
55.0,852.0,1.0,1.0,0.0,4.0,0.0,6.0,1.56,0.0
56.0,852.0,1.0,1.0,0.0,26.0,0.0,12.0,84.54,0.0
57.0,852.0,1.0,1.0,0.0,26.0,0.0,12.0,455.07,1.0
65.0,852.0,1.0,1.0,0.0,20.0,0.0,13.0,341.04,1.0
71.0,852.0,1.0,1.0,0.0,6.0,0.0,6.0,573.63,1.0
78.0,852.0,1.0,1.0,0.0,11.0,0.0,12.0,15.65,0.0
77.0,852.0,1.0,1.0,0.0,22.0,0.0,12.0,499.84,1.0
81.0,852.0,1.0,1.0,0.0,3.0,0.0,7.0,298.81,0.0
87.0,852.0,1.0,1.0,0.0,26.0,0.0,12.0,321.44,1.0
98.0,852.0,1.0,1.0,0.0,11.0,0.0,12.0,131.97,0.0
90.0,852.0,1.0,1.0,0.0,35.0,0.0,18.0,3143.93,1.0
98.0,852.0,1.0,1.0,0.0,26.0,0.0,12.0,170.13,0.0
104.0,852.0,1.0,1.0,0.0,16.0,0.0,16.0,650.02,1.0
110.0,852.0,1.0,1.0,0.0,0.0,0.0,5.0,22.35,0.0
110.0,852.0,1.0,1.0,0.0,16.0,0.0,16.0,908.83,1.0
111.0,852.0,1.0,1.0,0.0,0.0,0.0,5.0,11.25,0.0
112.0,852.0,1.0,1.0,0.0,0.0,0.0,5.0,50.4,0.0
114.0,852.0,1.0,1.0,0.0,38.0,0.0,19.0,324.18,1.0
114.0,852.0,1.0,1.0,0.0,0.0,0.0,5.0,5.73,0.0
115.0,852.0,1.0,1.0,0.0,0.0,0.0,5.0,12.89,0.0
124.0,852.0,1.0,1.0,0.0,0.0,0.0,5.0,25.53,0.0
125.0,852.0,1.0,1.0,0.0,0.0,0.0,5.0,16.97,0.0
125.0,852.0,1.0,1.0,0.0,48.0,0.0,12.0,278.73,1.0
126.0,852.0,1.0,1.0,0.0,0.0,0.0,5.0,44.49,0.0
125.0,852.0,1.0,1.0,0.0,6.0,0.0,6.0,710.38,1.0
127.0,852.0,1.0,1.0,0.0,6.0,0.0,6.0,590.51,1.0
127.0,852.0,1.0,1.0,0.0,0.0,0.0,5.0,38.08,0.0
128.0,852.0,1.0,1.0,0.0,0.0,0.0,5.0,2.78,0.0
129.0,852.0,1.0,1.0,0.0,0.0,0.0,5.0,41.63,0.0
130.0,852.0,1.0,1.0,0.0,22.0,0.0,12.0,474.53,1.0
130.0,852.0,1.0,1.0,0.0,0.0,0.0,5.0,1.18,0.0
131.0,852.0,1.0,1.0,0.0,0.0,0.0,5.0,58.39,0.0
143.0,852.0,1.0,1.0,0.0,0.0,0.0,5.0,1.82,0.0
143.0,852.0,1.0,1.0,0.0,1.0,0.0,5.0,53.3,0.0
143.0,852.0,1.0,1.0,0.0,22.0,0.0,12.0,54.77,1.0
144.0,852.0,1.0,1.0,0.0,1.0,0.0,5.0,12.44,0.0
145.0,852.0,1.0,1.0,0.0,1.0,0.0,5.0,15.91,0.0
155.0,852.0,1.0,1.0,0.0,1.0,0.0,5.0,26.76,0.0
156.0,852.0,1.0,1.0,0.0,5.0,0.0,8.0,77.21,0.0
156.0,852.0,1.0,1.0,0.0,6.0,0.0,6.0,544.78,1.0
157.0,852.0,1.0,1.0,0.0,1.0,0.0,5.0,53.85,0.0
158.0,852.0,1.0,1.0,0.0,1.0,0.0,5.0,35.03,0.0
167.0,852.0,1.0,1.0,0.0,1.0,0.0,5.0,9.91,0.0
168.0,852.0,1.0,1.0,0.0,1.0,0.0,5.0,17.91,0.0
169.0,852.0,1.0,1.0,0.0,9.0,0.0,10.0,217.55,1.0
169.0,852.0,1.0,1.0,0.0,1.0,0.0,5.0,27.21,0.0
170.0,852.0,1.0,1.0,0.0,1.0,0.0,5.0,53.47,0.0
0.0,853.0,4.0,1.0,0.0,6.0,0.0,6.0,520.5,1.0
0.0,853.0,4.0,1.0,0.0,6.0,0.0,6.0,908.5,1.0
1.0,853.0,4.0,1.0,0.0,38.0,0.0,19.0,352.7,1.0
1.0,853.0,4.0,1.0,0.0,6.0,0.0,6.0,905.54,1.0
2.0,853.0,4.0,1.0,0.0,30.0,0.0,16.0,29.82,1.0
2.0,853.0,4.0,1.0,0.0,21.0,0.0,13.0,415.19,1.0
3.0,853.0,4.0,1.0,0.0,38.0,0.0,19.0,480.88,1.0
5.0,853.0,4.0,1.0,0.0,15.0,0.0,13.0,222.26,1.0
8.0,853.0,4.0,1.0,0.0,38.0,0.0,19.0,396.61,1.0
9.0,853.0,4.0,1.0,0.0,22.0,0.0,12.0,320.79,1.0
11.0,853.0,4.0,1.0,0.0,9.0,0.0,10.0,238.37,1.0
14.0,853.0,4.0,1.0,0.0,6.0,0.0,6.0,117.14,1.0
16.0,853.0,4.0,1.0,0.0,13.0,0.0,14.0,78.51,1.0
20.0,853.0,4.0,1.0,0.0,25.0,0.0,15.0,178.31,1.0
24.0,853.0,4.0,1.0,0.0,38.0,0.0,19.0,218.82,1.0
27.0,853.0,4.0,1.0,0.0,12.0,0.0,13.0,36.16,0.0
27.0,853.0,4.0,1.0,0.0,6.0,0.0,6.0,773.04,1.0
28.0,853.0,4.0,1.0,0.0,6.0,0.0,6.0,163.5,0.0
32.0,853.0,4.0,1.0,0.0,3.0,0.0,7.0,558.07,1.0
38.0,853.0,4.0,1.0,0.0,12.0,0.0,13.0,28.25,0.0
34.0,853.0,4.0,1.0,0.0,22.0,0.0,12.0,497.36,1.0
38.0,853.0,4.0,1.0,0.0,20.0,0.0,13.0,45.54,0.0
58.0,853.0,4.0,1.0,0.0,1.0,0.0,5.0,33.7,0.0
59.0,853.0,4.0,1.0,0.0,1.0,0.0,5.0,49.59,0.0
59.0,853.0,4.0,1.0,0.0,18.0,0.0,9.0,437.79,1.0
61.0,853.0,4.0,1.0,0.0,1.0,0.0,5.0,33.22,0.0
62.0,853.0,4.0,1.0,0.0,1.0,0.0,5.0,45.94,0.0
64.0,853.0,4.0,1.0,0.0,1.0,0.0,5.0,40.62,0.0
65.0,853.0,4.0,1.0,0.0,5.0,0.0,8.0,56.64,0.0
66.0,853.0,4.0,1.0,0.0,27.0,0.0,12.0,204.38,1.0
66.0,853.0,4.0,1.0,0.0,1.0,0.0,5.0,19.72,0.0
67.0,853.0,4.0,1.0,0.0,1.0,0.0,5.0,18.79,0.0
68.0,853.0,4.0,1.0,0.0,22.0,0.0,12.0,142.87,1.0
68.0,853.0,4.0,1.0,0.0,1.0,0.0,5.0,8.16,0.0
69.0,853.0,4.0,1.0,0.0,1.0,0.0,5.0,29.28,0.0
72.0,853.0,4.0,1.0,0.0,1.0,0.0,5.0,24.57,0.0
73.0,853.0,4.0,1.0,0.0,5.0,0.0,8.0,23.83,0.0
73.0,853.0,4.0,1.0,0.0,22.0,0.0,12.0,60.68,1.0
74.0,853.0,4.0,1.0,0.0,1.0,0.0,5.0,39.41,0.0
75.0,853.0,4.0,1.0,0.0,1.0,0.0,5.0,2.29,0.0
84.0,853.0,4.0,1.0,0.0,1.0,0.0,5.0,20.39,0.0
85.0,853.0,4.0,1.0,0.0,1.0,0.0,5.0,10.09,0.0
85.0,853.0,4.0,1.0,0.0,6.0,0.0,6.0,644.29,1.0
86.0,853.0,4.0,1.0,0.0,4.0,0.0,6.0,119.32,0.0
87.0,853.0,4.0,1.0,0.0,4.0,0.0,6.0,73.6,0.0
130.0,853.0,4.0,1.0,0.0,1.0,0.0,5.0,27.2,0.0
131.0,853.0,4.0,1.0,0.0,1.0,0.0,5.0,8.05,0.0
132.0,853.0,4.0,1.0,0.0,10.0,0.0,11.0,461.05,1.0
132.0,853.0,4.0,1.0,0.0,5.0,0.0,8.0,43.92,0.0
133.0,853.0,4.0,1.0,0.0,1.0,0.0,5.0,4.68,0.0
27.0,854.0,1.0,1.0,0.0,0.0,0.0,5.0,44.37,0.0
28.0,854.0,1.0,1.0,0.0,0.0,0.0,5.0,42.8,0.0
28.0,854.0,1.0,1.0,0.0,26.0,0.0,12.0,34.79,1.0
29.0,854.0,1.0,1.0,0.0,0.0,0.0,5.0,23.62,0.0
30.0,854.0,1.0,1.0,0.0,0.0,0.0,5.0,26.59,0.0
32.0,854.0,1.0,1.0,0.0,0.0,0.0,5.0,19.52,0.0
33.0,854.0,1.0,1.0,0.0,9.0,0.0,10.0,26.23,0.0
33.0,854.0,1.0,1.0,0.0,39.0,0.0,18.0,1331.09,1.0
35.0,854.0,1.0,1.0,0.0,9.0,0.0,10.0,30.48,0.0
36.0,854.0,1.0,1.0,0.0,0.0,0.0,5.0,60.08,0.0
175.0,854.0,1.0,1.0,0.0,0.0,0.0,5.0,21.57,0.0
176.0,854.0,1.0,1.0,0.0,0.0,0.0,5.0,35.11,0.0
177.0,854.0,1.0,1.0,0.0,38.0,0.0,19.0,170.53,1.0
178.0,854.0,1.0,1.0,0.0,0.0,0.0,5.0,35.53,0.0
179.0,854.0,1.0,1.0,0.0,0.0,0.0,5.0,6.59,0.0
55.0,857.0,1.0,1.0,0.0,15.0,0.0,13.0,69.23,0.0
55.0,857.0,1.0,1.0,0.0,44.0,0.0,13.0,26.96,0.0
55.0,857.0,1.0,1.0,0.0,44.0,0.0,13.0,458.75,1.0
56.0,857.0,1.0,1.0,0.0,0.0,0.0,5.0,21.89,0.0
58.0,857.0,1.0,1.0,0.0,15.0,0.0,13.0,58.39,0.0
91.0,857.0,1.0,1.0,0.0,0.0,0.0,5.0,29.93,0.0
92.0,857.0,1.0,1.0,0.0,0.0,0.0,5.0,0.62,0.0
93.0,857.0,1.0,1.0,0.0,6.0,0.0,6.0,549.44,1.0
93.0,857.0,1.0,1.0,0.0,0.0,0.0,5.0,33.56,0.0
94.0,857.0,1.0,1.0,0.0,0.0,0.0,5.0,41.67,0.0
51.0,858.0,1.0,0.0,0.0,0.0,0.0,5.0,2.1,0.0
52.0,858.0,1.0,0.0,0.0,0.0,0.0,5.0,31.38,0.0
52.0,858.0,1.0,0.0,0.0,9.0,0.0,10.0,228.21,1.0
53.0,858.0,1.0,0.0,0.0,0.0,0.0,5.0,42.37,0.0
54.0,858.0,1.0,0.0,0.0,0.0,0.0,5.0,12.55,0.0
69.0,858.0,1.0,0.0,0.0,0.0,0.0,5.0,0.27,0.0
70.0,858.0,1.0,0.0,0.0,0.0,0.0,5.0,10.14,0.0
70.0,858.0,1.0,0.0,0.0,22.0,0.0,12.0,497.49,1.0
72.0,858.0,1.0,0.0,0.0,0.0,0.0,5.0,50.56,0.0
73.0,858.0,1.0,0.0,0.0,13.0,0.0,14.0,27.66,0.0
73.0,858.0,1.0,0.0,0.0,38.0,0.0,19.0,375.79,1.0
74.0,858.0,1.0,0.0,0.0,0.0,0.0,5.0,45.39,0.0
75.0,858.0,1.0,0.0,0.0,0.0,0.0,5.0,24.86,0.0
93.0,875.0,1.0,1.0,0.0,7.0,0.0,6.0,52.55,0.0
93.0,875.0,1.0,1.0,0.0,2.0,0.0,6.0,224.63,0.0
106.0,875.0,1.0,1.0,0.0,38.0,0.0,19.0,167.48,1.0
156.0,875.0,1.0,1.0,0.0,12.0,0.0,13.0,68.52,0.0
161.0,875.0,1.0,1.0,0.0,12.0,0.0,13.0,94.4,0.0
30.0,876.0,3.0,1.0,0.0,1.0,0.0,5.0,13.81,0.0
32.0,876.0,3.0,1.0,0.0,1.0,0.0,5.0,34.04,0.0
33.0,876.0,3.0,1.0,0.0,38.0,0.0,19.0,257.19,1.0
33.0,876.0,3.0,1.0,0.0,1.0,0.0,5.0,33.7,0.0
34.0,876.0,3.0,1.0,0.0,1.0,0.0,5.0,61.89,0.0
41.0,876.0,3.0,1.0,0.0,1.0,0.0,5.0,7.21,0.0
42.0,876.0,3.0,1.0,0.0,1.0,0.0,5.0,33.7,0.0
42.0,876.0,3.0,1.0,0.0,15.0,0.0,13.0,294.06,1.0
44.0,876.0,3.0,1.0,0.0,1.0,0.0,5.0,3.1,0.0
45.0,876.0,3.0,1.0,0.0,1.0,0.0,5.0,71.52,0.0
97.0,876.0,3.0,1.0,0.0,1.0,0.0,5.0,8.67,0.0
99.0,876.0,3.0,1.0,0.0,1.0,0.0,5.0,45.55,0.0
99.0,876.0,3.0,1.0,0.0,17.0,0.0,9.0,498.24,1.0
100.0,876.0,3.0,1.0,0.0,1.0,0.0,5.0,24.16,0.0
101.0,876.0,3.0,1.0,0.0,1.0,0.0,5.0,4.76,0.0
178.0,879.0,0.0,1.0,0.0,0.0,0.0,5.0,7.87,0.0
179.0,879.0,0.0,1.0,0.0,0.0,0.0,5.0,26.93,0.0
179.0,879.0,0.0,1.0,0.0,18.0,0.0,9.0,491.56,1.0
22.0,881.0,0.0,1.0,0.0,0.0,0.0,5.0,59.08,0.0
22.0,881.0,0.0,1.0,0.0,1.0,0.0,5.0,52.6,0.0
22.0,881.0,0.0,1.0,0.0,22.0,0.0,12.0,182.87,1.0
23.0,881.0,0.0,1.0,0.0,5.0,0.0,8.0,26.19,0.0
24.0,881.0,0.0,1.0,0.0,1.0,0.0,5.0,42.6,0.0
64.0,881.0,0.0,1.0,0.0,1.0,0.0,5.0,45.96,0.0
65.0,881.0,0.0,1.0,0.0,1.0,0.0,5.0,7.66,0.0
66.0,881.0,0.0,1.0,0.0,9.0,0.0,10.0,17.81,1.0
66.0,881.0,0.0,1.0,0.0,1.0,0.0,5.0,49.92,0.0
67.0,881.0,0.0,1.0,0.0,1.0,0.0,5.0,6.51,0.0
10.0,884.0,1.0,1.0,0.0,0.0,0.0,5.0,10.88,0.0
11.0,884.0,1.0,1.0,0.0,0.0,0.0,5.0,20.83,0.0
11.0,884.0,1.0,1.0,0.0,22.0,0.0,12.0,760.03,1.0
12.0,884.0,1.0,1.0,0.0,0.0,0.0,5.0,27.9,0.0
13.0,884.0,1.0,1.0,0.0,0.0,0.0,5.0,21.62,0.0
23.0,884.0,1.0,1.0,0.0,0.0,0.0,5.0,60.75,0.0
24.0,884.0,1.0,1.0,0.0,0.0,0.0,5.0,47.65,0.0
24.0,884.0,1.0,1.0,0.0,6.0,0.0,6.0,101.56,1.0
25.0,884.0,1.0,1.0,0.0,0.0,0.0,5.0,21.72,0.0
26.0,884.0,1.0,1.0,0.0,0.0,0.0,5.0,16.26,0.0
52.0,884.0,1.0,1.0,0.0,13.0,0.0,14.0,40.12,0.0
53.0,884.0,1.0,1.0,0.0,0.0,0.0,5.0,3.05,0.0
53.0,884.0,1.0,1.0,0.0,22.0,0.0,12.0,600.34,1.0
54.0,884.0,1.0,1.0,0.0,0.0,0.0,5.0,32.06,0.0
55.0,884.0,1.0,1.0,0.0,13.0,0.0,14.0,24.98,0.0
16.0,886.0,1.0,0.0,0.0,12.0,0.0,13.0,88.57,0.0
34.0,886.0,1.0,0.0,0.0,3.0,0.0,7.0,138.97,0.0
46.0,886.0,1.0,0.0,0.0,6.0,0.0,6.0,213.03,1.0
48.0,886.0,1.0,0.0,0.0,6.0,0.0,6.0,4.13,0.0
48.0,886.0,1.0,0.0,0.0,4.0,0.0,6.0,230.95,0.0
30.0,888.0,1.0,1.0,0.0,1.0,0.0,5.0,11.71,0.0
31.0,888.0,1.0,1.0,0.0,1.0,0.0,5.0,11.54,0.0
32.0,888.0,1.0,1.0,0.0,20.0,0.0,13.0,99.82,1.0
33.0,888.0,1.0,1.0,0.0,1.0,0.0,5.0,10.79,0.0
34.0,888.0,1.0,1.0,0.0,1.0,0.0,5.0,42.68,0.0
100.0,888.0,1.0,1.0,0.0,1.0,0.0,5.0,35.91,0.0
101.0,888.0,1.0,1.0,0.0,1.0,0.0,5.0,6.73,0.0
101.0,888.0,1.0,1.0,0.0,6.0,0.0,6.0,293.83,1.0
104.0,888.0,1.0,1.0,0.0,1.0,0.0,5.0,27.41,0.0
105.0,888.0,1.0,1.0,0.0,1.0,0.0,5.0,15.09,0.0
161.0,890.0,2.0,0.0,0.0,0.0,0.0,5.0,16.8,0.0
162.0,890.0,2.0,0.0,0.0,0.0,0.0,5.0,59.44,0.0
162.0,890.0,2.0,0.0,0.0,38.0,0.0,19.0,307.32,1.0
163.0,890.0,2.0,0.0,0.0,0.0,0.0,5.0,49.52,0.0
164.0,890.0,2.0,0.0,0.0,0.0,0.0,5.0,18.61,0.0
103.0,895.0,1.0,0.0,0.0,1.0,0.0,5.0,56.51,0.0
104.0,895.0,1.0,0.0,0.0,1.0,0.0,5.0,24.83,0.0
105.0,895.0,1.0,0.0,0.0,22.0,0.0,12.0,157.02,1.0
105.0,895.0,1.0,0.0,0.0,1.0,0.0,5.0,8.84,0.0
106.0,895.0,1.0,0.0,0.0,1.0,0.0,5.0,13.87,0.0
150.0,900.0,1.0,0.0,0.0,1.0,0.0,5.0,34.57,0.0
151.0,900.0,1.0,0.0,0.0,1.0,0.0,5.0,42.87,0.0
151.0,900.0,1.0,0.0,0.0,26.0,0.0,12.0,509.09,1.0
152.0,900.0,1.0,0.0,0.0,1.0,0.0,5.0,5.5,0.0
153.0,900.0,1.0,0.0,0.0,1.0,0.0,5.0,19.8,0.0
94.0,906.0,3.0,0.0,0.0,22.0,0.0,12.0,9.87,0.0
94.0,906.0,3.0,0.0,0.0,48.0,0.0,12.0,174.73,0.0
127.0,906.0,3.0,0.0,0.0,31.0,0.0,9.0,208.28,1.0
127.0,906.0,3.0,0.0,0.0,20.0,0.0,13.0,35.53,0.0
165.0,906.0,3.0,0.0,0.0,6.0,0.0,6.0,190.02,0.0
173.0,906.0,3.0,0.0,0.0,22.0,0.0,12.0,680.88,1.0
45.0,910.0,2.0,0.0,0.0,0.0,0.0,5.0,30.74,0.0
46.0,910.0,2.0,0.0,0.0,0.0,0.0,5.0,7.25,0.0
47.0,910.0,2.0,0.0,0.0,6.0,0.0,6.0,464.07,1.0
47.0,910.0,2.0,0.0,0.0,0.0,0.0,5.0,6.98,0.0
47.0,910.0,2.0,0.0,0.0,6.0,0.0,6.0,17.1,1.0
48.0,910.0,2.0,0.0,0.0,13.0,0.0,14.0,34.17,0.0
58.0,910.0,2.0,0.0,0.0,1.0,0.0,5.0,56.15,0.0
59.0,910.0,2.0,0.0,0.0,1.0,0.0,5.0,0.97,0.0
59.0,910.0,2.0,0.0,0.0,6.0,0.0,6.0,266.47,1.0
60.0,910.0,2.0,0.0,0.0,1.0,0.0,5.0,40.02,0.0
61.0,910.0,2.0,0.0,0.0,1.0,0.0,5.0,20.08,0.0
3.0,913.0,0.0,1.0,0.0,0.0,0.0,5.0,33.94,0.0
4.0,913.0,0.0,1.0,0.0,9.0,0.0,10.0,27.15,0.0
6.0,913.0,0.0,1.0,0.0,45.0,0.0,18.0,2503.3,1.0
6.0,913.0,0.0,1.0,0.0,0.0,0.0,5.0,19.05,0.0
8.0,913.0,0.0,1.0,0.0,0.0,0.0,5.0,29.27,0.0
16.0,913.0,0.0,1.0,0.0,0.0,0.0,5.0,42.85,0.0
17.0,913.0,0.0,1.0,0.0,0.0,0.0,5.0,11.45,0.0
17.0,913.0,0.0,1.0,0.0,11.0,0.0,12.0,472.17,1.0
19.0,913.0,0.0,1.0,0.0,0.0,0.0,5.0,4.12,0.0
20.0,913.0,0.0,1.0,0.0,0.0,0.0,5.0,26.28,0.0
30.0,913.0,0.0,1.0,0.0,0.0,0.0,5.0,62.87,0.0
31.0,913.0,0.0,1.0,0.0,9.0,0.0,10.0,30.57,0.0
31.0,913.0,0.0,1.0,0.0,6.0,0.0,6.0,191.92,1.0
32.0,913.0,0.0,1.0,0.0,0.0,0.0,5.0,33.78,0.0
33.0,913.0,0.0,1.0,0.0,0.0,0.0,5.0,20.25,0.0
93.0,913.0,0.0,1.0,0.0,1.0,0.0,5.0,5.64,0.0
94.0,913.0,0.0,1.0,0.0,40.0,0.0,16.0,169.79,0.0
95.0,913.0,0.0,1.0,0.0,20.0,0.0,13.0,150.78,1.0
95.0,913.0,0.0,1.0,0.0,1.0,0.0,5.0,19.74,0.0
96.0,913.0,0.0,1.0,0.0,5.0,0.0,8.0,19.15,0.0
96.0,913.0,0.0,1.0,0.0,22.0,0.0,12.0,478.36,1.0
97.0,913.0,0.0,1.0,0.0,1.0,0.0,5.0,64.98,0.0
98.0,913.0,0.0,1.0,0.0,1.0,0.0,5.0,6.16,0.0
102.0,913.0,0.0,1.0,0.0,1.0,0.0,5.0,70.93,0.0
103.0,913.0,0.0,1.0,0.0,28.0,0.0,13.0,116.39,0.0
103.0,913.0,0.0,1.0,0.0,6.0,0.0,6.0,113.48,1.0
104.0,913.0,0.0,1.0,0.0,15.0,0.0,13.0,23.42,0.0
105.0,913.0,0.0,1.0,0.0,0.0,0.0,5.0,28.63,0.0
26.0,914.0,2.0,1.0,0.0,0.0,0.0,5.0,21.64,0.0
27.0,914.0,2.0,1.0,0.0,0.0,0.0,5.0,33.52,0.0
28.0,914.0,2.0,1.0,0.0,41.0,0.0,19.0,380.42,1.0
28.0,914.0,2.0,1.0,0.0,0.0,0.0,5.0,79.35,0.0
30.0,914.0,2.0,1.0,0.0,0.0,0.0,5.0,8.6,0.0
116.0,914.0,2.0,1.0,0.0,0.0,0.0,5.0,12.87,0.0
117.0,914.0,2.0,1.0,0.0,0.0,0.0,5.0,17.93,0.0
117.0,914.0,2.0,1.0,0.0,38.0,0.0,19.0,320.95,1.0
118.0,914.0,2.0,1.0,0.0,0.0,0.0,5.0,10.67,0.0
119.0,914.0,2.0,1.0,0.0,0.0,0.0,5.0,5.43,0.0
113.0,915.0,1.0,0.0,0.0,1.0,0.0,5.0,46.18,0.0
114.0,915.0,1.0,0.0,0.0,14.0,0.0,15.0,40.8,0.0
114.0,915.0,1.0,0.0,0.0,39.0,0.0,18.0,3277.73,1.0
115.0,915.0,1.0,0.0,0.0,1.0,0.0,5.0,32.1,0.0
117.0,915.0,1.0,0.0,0.0,1.0,0.0,5.0,34.68,0.0
0.0,919.0,1.0,1.0,0.0,12.0,0.0,13.0,190.53,1.0
0.0,919.0,1.0,1.0,0.0,12.0,0.0,13.0,451.92,1.0
3.0,919.0,1.0,1.0,0.0,22.0,0.0,12.0,5.69,1.0
20.0,919.0,1.0,1.0,0.0,17.0,0.0,9.0,1.83,1.0
25.0,919.0,1.0,1.0,0.0,22.0,0.0,12.0,214.86,1.0
37.0,919.0,1.0,1.0,0.0,25.0,0.0,15.0,61.22,0.0
34.0,919.0,1.0,1.0,0.0,6.0,0.0,6.0,790.85,1.0
43.0,919.0,1.0,1.0,0.0,22.0,0.0,12.0,415.91,1.0
67.0,919.0,1.0,1.0,0.0,12.0,0.0,13.0,15.85,0.0
68.0,919.0,1.0,1.0,0.0,6.0,0.0,6.0,137.08,0.0
87.0,919.0,1.0,1.0,0.0,30.0,0.0,16.0,124.3,0.0
94.0,919.0,1.0,1.0,0.0,25.0,0.0,15.0,132.51,0.0
95.0,919.0,1.0,1.0,0.0,44.0,0.0,13.0,144.65,1.0
112.0,919.0,1.0,1.0,0.0,9.0,0.0,10.0,154.29,1.0
128.0,919.0,1.0,1.0,0.0,12.0,0.0,13.0,79.96,0.0
115.0,919.0,1.0,1.0,0.0,9.0,0.0,10.0,32.43,1.0
128.0,919.0,1.0,1.0,0.0,20.0,0.0,13.0,47.85,0.0
149.0,919.0,1.0,1.0,0.0,19.0,0.0,9.0,614.46,1.0
153.0,919.0,1.0,1.0,0.0,6.0,0.0,6.0,40.34,0.0
153.0,919.0,1.0,1.0,0.0,7.0,0.0,6.0,84.53,0.0
153.0,919.0,1.0,1.0,0.0,2.0,0.0,6.0,129.9,0.0
155.0,919.0,1.0,1.0,0.0,12.0,0.0,13.0,274.79,1.0
168.0,919.0,1.0,1.0,0.0,22.0,0.0,12.0,658.51,1.0
175.0,919.0,1.0,1.0,0.0,18.0,0.0,9.0,389.39,1.0
149.0,922.0,1.0,1.0,0.0,0.0,0.0,5.0,17.11,0.0
150.0,922.0,1.0,1.0,0.0,0.0,0.0,5.0,21.06,0.0
151.0,922.0,1.0,1.0,0.0,35.0,0.0,18.0,1503.12,1.0
151.0,922.0,1.0,1.0,0.0,0.0,0.0,5.0,29.27,0.0
152.0,922.0,1.0,1.0,0.0,0.0,0.0,5.0,22.45,0.0
163.0,922.0,1.0,1.0,0.0,5.0,0.0,8.0,61.18,0.0
164.0,922.0,1.0,1.0,0.0,1.0,0.0,5.0,37.21,0.0
164.0,922.0,1.0,1.0,0.0,12.0,0.0,13.0,290.16,1.0
165.0,922.0,1.0,1.0,0.0,1.0,0.0,5.0,42.22,0.0
166.0,922.0,1.0,1.0,0.0,1.0,0.0,5.0,0.39,0.0
84.0,923.0,1.0,1.0,0.0,0.0,0.0,5.0,35.45,0.0
85.0,923.0,1.0,1.0,0.0,0.0,0.0,5.0,21.83,0.0
86.0,923.0,1.0,1.0,0.0,22.0,0.0,12.0,713.89,1.0
86.0,923.0,1.0,1.0,0.0,0.0,0.0,5.0,2.7,0.0
87.0,923.0,1.0,1.0,0.0,0.0,0.0,5.0,49.48,0.0
135.0,923.0,1.0,1.0,0.0,0.0,0.0,5.0,36.98,0.0
136.0,923.0,1.0,1.0,0.0,0.0,0.0,5.0,22.33,0.0
136.0,923.0,1.0,1.0,0.0,22.0,0.0,12.0,366.32,1.0
137.0,923.0,1.0,1.0,0.0,0.0,0.0,5.0,33.85,0.0
137.0,923.0,1.0,1.0,0.0,13.0,0.0,14.0,65.47,1.0
139.0,923.0,1.0,1.0,0.0,0.0,0.0,5.0,55.86,0.0
156.0,923.0,1.0,1.0,0.0,1.0,0.0,5.0,11.68,0.0
157.0,923.0,1.0,1.0,0.0,1.0,0.0,5.0,39.12,0.0
157.0,923.0,1.0,1.0,0.0,35.0,0.0,18.0,1961.59,1.0
158.0,923.0,1.0,1.0,0.0,1.0,0.0,5.0,56.01,0.0
159.0,923.0,1.0,1.0,0.0,1.0,0.0,5.0,18.64,0.0
122.0,926.0,5.0,1.0,0.0,1.0,0.0,5.0,30.56,0.0
123.0,926.0,5.0,1.0,0.0,1.0,0.0,5.0,16.38,0.0
124.0,926.0,5.0,1.0,0.0,38.0,0.0,19.0,344.47,1.0
124.0,926.0,5.0,1.0,0.0,1.0,0.0,5.0,19.07,0.0
125.0,926.0,5.0,1.0,0.0,1.0,0.0,5.0,29.05,0.0
16.0,930.0,0.0,0.0,0.0,6.0,0.0,6.0,35.88,0.0
32.0,930.0,0.0,0.0,0.0,25.0,0.0,15.0,125.87,0.0
39.0,930.0,0.0,0.0,0.0,35.0,0.0,18.0,3902.93,1.0
59.0,930.0,0.0,0.0,0.0,6.0,0.0,6.0,289.57,0.0
59.0,930.0,0.0,0.0,0.0,7.0,0.0,6.0,62.04,0.0
69.0,930.0,0.0,0.0,0.0,12.0,0.0,13.0,130.24,0.0
73.0,930.0,0.0,0.0,0.0,16.0,0.0,16.0,137.86,0.0
87.0,930.0,0.0,0.0,0.0,16.0,0.0,16.0,52.11,1.0
98.0,930.0,0.0,0.0,0.0,13.0,0.0,14.0,15.86,0.0
87.0,930.0,0.0,0.0,0.0,17.0,0.0,9.0,39.86,1.0
99.0,930.0,0.0,0.0,0.0,0.0,0.0,5.0,12.02,0.0
135.0,930.0,0.0,0.0,0.0,27.0,0.0,12.0,153.58,0.0
135.0,930.0,0.0,0.0,0.0,46.0,0.0,12.0,206.01,0.0
137.0,930.0,0.0,0.0,0.0,31.0,0.0,9.0,960.66,1.0
137.0,930.0,0.0,0.0,0.0,0.0,0.0,5.0,7.65,0.0
138.0,930.0,0.0,0.0,0.0,0.0,0.0,5.0,14.46,0.0
157.0,930.0,0.0,0.0,0.0,0.0,0.0,5.0,33.15,0.0
157.0,930.0,0.0,0.0,0.0,1.0,0.0,5.0,59.26,0.0
157.0,930.0,0.0,0.0,0.0,20.0,0.0,13.0,48.9,1.0
158.0,930.0,0.0,0.0,0.0,1.0,0.0,5.0,43.0,0.0
159.0,930.0,0.0,0.0,0.0,1.0,0.0,5.0,3.79,0.0
83.0,936.0,0.0,1.0,0.0,12.0,0.0,13.0,115.67,0.0
83.0,936.0,0.0,1.0,0.0,20.0,0.0,13.0,1.74,0.0
93.0,936.0,0.0,1.0,0.0,18.0,0.0,9.0,609.38,1.0
108.0,936.0,0.0,1.0,0.0,20.0,0.0,13.0,49.69,0.0
106.0,936.0,0.0,1.0,0.0,11.0,0.0,12.0,439.34,1.0
108.0,936.0,0.0,1.0,0.0,15.0,0.0,13.0,16.53,0.0
159.0,937.0,2.0,0.0,0.0,1.0,0.0,5.0,40.85,0.0
160.0,937.0,2.0,0.0,0.0,1.0,0.0,5.0,34.41,0.0
161.0,937.0,2.0,0.0,0.0,22.0,0.0,12.0,919.54,1.0
162.0,937.0,2.0,0.0,0.0,1.0,0.0,5.0,8.9,0.0
163.0,937.0,2.0,0.0,0.0,1.0,0.0,5.0,28.22,0.0
134.0,947.0,2.0,1.0,0.0,2.0,0.0,6.0,180.63,0.0
136.0,947.0,2.0,1.0,0.0,22.0,0.0,12.0,129.27,0.0
145.0,947.0,2.0,1.0,0.0,25.0,0.0,15.0,376.22,1.0
160.0,947.0,2.0,1.0,0.0,20.0,0.0,13.0,23.74,0.0
155.0,947.0,2.0,1.0,0.0,22.0,0.0,12.0,402.9,1.0
165.0,947.0,2.0,1.0,0.0,9.0,0.0,10.0,78.14,0.0
112.0,958.0,1.0,1.0,0.0,22.0,0.0,12.0,55.4,0.0
112.0,958.0,1.0,1.0,0.0,48.0,0.0,12.0,41.67,0.0
122.0,958.0,1.0,1.0,0.0,11.0,0.0,12.0,253.31,1.0
159.0,958.0,1.0,1.0,0.0,20.0,0.0,13.0,56.84,0.0
151.0,958.0,1.0,1.0,0.0,13.0,0.0,14.0,255.04,1.0
176.0,958.0,1.0,1.0,0.0,13.0,0.0,14.0,4.37,0.0
161.0,963.0,4.0,1.0,0.0,4.0,0.0,6.0,6.27,0.0
162.0,963.0,4.0,1.0,0.0,1.0,0.0,5.0,43.23,0.0
162.0,963.0,4.0,1.0,0.0,19.0,0.0,9.0,261.95,1.0
163.0,963.0,4.0,1.0,0.0,5.0,0.0,8.0,3.08,0.0
164.0,963.0,4.0,1.0,0.0,1.0,0.0,5.0,1.94,0.0
42.0,966.0,2.0,1.0,0.0,6.0,0.0,6.0,198.77,0.0
42.0,966.0,2.0,1.0,0.0,7.0,0.0,6.0,48.9,0.0
59.0,966.0,2.0,1.0,0.0,22.0,0.0,12.0,68.7,1.0
70.0,966.0,2.0,1.0,0.0,7.0,0.0,6.0,366.32,0.0
70.0,966.0,2.0,1.0,0.0,2.0,0.0,6.0,124.67,0.0
72.0,966.0,2.0,1.0,0.0,22.0,0.0,12.0,261.86,1.0
73.0,966.0,2.0,1.0,0.0,12.0,0.0,13.0,78.3,0.0
86.0,966.0,2.0,1.0,0.0,6.0,0.0,6.0,2.96,0.0
151.0,966.0,2.0,1.0,0.0,0.0,0.0,5.0,0.04,0.0
154.0,966.0,2.0,1.0,0.0,0.0,0.0,5.0,21.63,0.0
155.0,966.0,2.0,1.0,0.0,13.0,0.0,14.0,74.98,1.0
155.0,966.0,2.0,1.0,0.0,0.0,0.0,5.0,21.23,0.0
156.0,966.0,2.0,1.0,0.0,0.0,0.0,5.0,4.4,0.0
172.0,966.0,2.0,1.0,0.0,1.0,0.0,5.0,47.86,0.0
173.0,966.0,2.0,1.0,0.0,1.0,0.0,5.0,18.31,0.0
174.0,966.0,2.0,1.0,0.0,9.0,0.0,10.0,187.8,1.0
174.0,966.0,2.0,1.0,0.0,1.0,0.0,5.0,22.74,0.0
175.0,966.0,2.0,1.0,0.0,1.0,0.0,5.0,20.9,0.0
176.0,966.0,2.0,1.0,0.0,22.0,0.0,12.0,360.84,1.0
176.0,966.0,2.0,1.0,0.0,1.0,0.0,5.0,9.03,0.0
177.0,966.0,2.0,1.0,0.0,1.0,0.0,5.0,23.65,0.0
42.0,968.0,2.0,1.0,0.0,0.0,0.0,5.0,16.4,0.0
43.0,968.0,2.0,1.0,0.0,0.0,0.0,5.0,57.44,0.0
44.0,968.0,2.0,1.0,0.0,22.0,0.0,12.0,189.81,1.0
44.0,968.0,2.0,1.0,0.0,0.0,0.0,5.0,24.84,0.0
46.0,968.0,2.0,1.0,0.0,0.0,0.0,5.0,57.05,0.0
53.0,968.0,2.0,1.0,0.0,1.0,0.0,5.0,25.38,0.0
55.0,968.0,2.0,1.0,0.0,1.0,0.0,5.0,33.61,0.0
56.0,968.0,2.0,1.0,0.0,18.0,0.0,9.0,426.65,1.0
56.0,968.0,2.0,1.0,0.0,1.0,0.0,5.0,39.49,0.0
57.0,968.0,2.0,1.0,0.0,1.0,0.0,5.0,10.26,0.0
78.0,968.0,2.0,1.0,0.0,1.0,0.0,5.0,54.38,0.0
79.0,968.0,2.0,1.0,0.0,1.0,0.0,5.0,12.64,0.0
79.0,968.0,2.0,1.0,0.0,6.0,0.0,6.0,78.67,1.0
80.0,968.0,2.0,1.0,0.0,1.0,0.0,5.0,22.37,0.0
81.0,968.0,2.0,1.0,0.0,1.0,0.0,5.0,29.5,0.0
152.0,968.0,2.0,1.0,0.0,1.0,0.0,5.0,25.41,0.0
153.0,968.0,2.0,1.0,0.0,5.0,0.0,8.0,17.9,0.0
154.0,968.0,2.0,1.0,0.0,22.0,0.0,12.0,198.61,1.0
154.0,968.0,2.0,1.0,0.0,1.0,0.0,5.0,23.82,0.0
155.0,968.0,2.0,1.0,0.0,1.0,0.0,5.0,13.96,0.0
176.0,968.0,2.0,1.0,0.0,1.0,0.0,5.0,5.51,0.0
177.0,968.0,2.0,1.0,0.0,1.0,0.0,5.0,11.39,0.0
178.0,968.0,2.0,1.0,0.0,35.0,0.0,18.0,2761.61,1.0
178.0,968.0,2.0,1.0,0.0,1.0,0.0,5.0,2.47,0.0
179.0,968.0,2.0,1.0,0.0,1.0,0.0,5.0,19.04,0.0
18.0,979.0,2.0,1.0,0.0,6.0,0.0,6.0,165.76,0.0
18.0,979.0,2.0,1.0,0.0,2.0,0.0,6.0,59.87,0.0
43.0,979.0,2.0,1.0,0.0,3.0,0.0,7.0,906.3,1.0
46.0,979.0,2.0,1.0,0.0,6.0,0.0,6.0,258.15,0.0
46.0,979.0,2.0,1.0,0.0,7.0,0.0,6.0,116.16,0.0
55.0,979.0,2.0,1.0,0.0,7.0,0.0,6.0,29.2,0.0
55.0,979.0,2.0,1.0,0.0,2.0,0.0,6.0,96.3,0.0
57.0,979.0,2.0,1.0,0.0,13.0,0.0,14.0,339.69,1.0
71.0,979.0,2.0,1.0,0.0,13.0,0.0,14.0,5.31,0.0
72.0,979.0,2.0,1.0,0.0,31.0,0.0,9.0,368.76,1.0
72.0,979.0,2.0,1.0,0.0,0.0,0.0,5.0,48.0,0.0
74.0,979.0,2.0,1.0,0.0,0.0,0.0,5.0,52.92,0.0
133.0,979.0,2.0,1.0,0.0,1.0,0.0,5.0,24.29,0.0
134.0,979.0,2.0,1.0,0.0,1.0,0.0,5.0,63.33,0.0
135.0,979.0,2.0,1.0,0.0,3.0,0.0,7.0,230.58,1.0
135.0,979.0,2.0,1.0,0.0,1.0,0.0,5.0,19.72,0.0
136.0,979.0,2.0,1.0,0.0,1.0,0.0,5.0,34.99,0.0
140.0,980.0,4.0,1.0,0.0,0.0,0.0,5.0,20.61,0.0
142.0,980.0,4.0,1.0,0.0,0.0,0.0,5.0,40.28,0.0
143.0,980.0,4.0,1.0,0.0,11.0,0.0,12.0,369.94,1.0
143.0,980.0,4.0,1.0,0.0,0.0,0.0,5.0,18.19,0.0
144.0,980.0,4.0,1.0,0.0,0.0,0.0,5.0,0.41,0.0
151.0,980.0,4.0,1.0,0.0,0.0,0.0,5.0,10.03,0.0
152.0,980.0,4.0,1.0,0.0,32.0,0.0,11.0,56.47,0.0
152.0,980.0,4.0,1.0,0.0,6.0,0.0,6.0,155.05,1.0
153.0,980.0,4.0,1.0,0.0,0.0,0.0,5.0,12.12,0.0
153.0,980.0,4.0,1.0,0.0,1.0,0.0,5.0,1.52,0.0
85.0,982.0,3.0,1.0,0.0,9.0,0.0,10.0,5.62,0.0
87.0,982.0,3.0,1.0,0.0,0.0,0.0,5.0,34.68,0.0
88.0,982.0,3.0,1.0,0.0,39.0,0.0,18.0,1667.95,1.0
89.0,982.0,3.0,1.0,0.0,0.0,0.0,5.0,1.02,0.0
90.0,982.0,3.0,1.0,0.0,37.0,0.0,16.0,131.7,0.0
92.0,982.0,3.0,1.0,0.0,1.0,0.0,5.0,24.67,0.0
93.0,982.0,3.0,1.0,0.0,1.0,0.0,5.0,62.71,0.0
93.0,982.0,3.0,1.0,0.0,6.0,0.0,6.0,461.41,1.0
94.0,982.0,3.0,1.0,0.0,1.0,0.0,5.0,27.6,0.0
95.0,982.0,3.0,1.0,0.0,1.0,0.0,5.0,25.22,0.0
103.0,982.0,3.0,1.0,0.0,1.0,0.0,5.0,38.25,0.0
104.0,982.0,3.0,1.0,0.0,5.0,0.0,8.0,19.44,0.0
104.0,982.0,3.0,1.0,0.0,22.0,0.0,12.0,354.61,1.0
105.0,982.0,3.0,1.0,0.0,1.0,0.0,5.0,53.84,0.0
106.0,982.0,3.0,1.0,0.0,1.0,0.0,5.0,14.15,0.0
128.0,982.0,3.0,1.0,0.0,0.0,0.0,5.0,23.11,0.0
129.0,982.0,3.0,1.0,0.0,0.0,0.0,5.0,19.4,0.0
129.0,982.0,3.0,1.0,0.0,12.0,0.0,13.0,435.33,1.0
130.0,982.0,3.0,1.0,0.0,0.0,0.0,5.0,9.82,0.0
133.0,982.0,3.0,1.0,0.0,0.0,0.0,5.0,23.16,0.0
158.0,982.0,3.0,1.0,0.0,0.0,0.0,5.0,19.96,0.0
159.0,982.0,3.0,1.0,0.0,0.0,0.0,5.0,15.15,0.0
160.0,982.0,3.0,1.0,0.0,6.0,0.0,6.0,1024.87,1.0
160.0,982.0,3.0,1.0,0.0,0.0,0.0,5.0,20.74,0.0
161.0,982.0,3.0,1.0,0.0,0.0,0.0,5.0,37.93,0.0
176.0,988.0,0.0,1.0,0.0,9.0,0.0,10.0,4.13,0.0
177.0,988.0,0.0,1.0,0.0,9.0,0.0,10.0,37.07,0.0
178.0,988.0,0.0,1.0,0.0,17.0,0.0,9.0,257.83,1.0
178.0,988.0,0.0,1.0,0.0,0.0,0.0,5.0,5.57,0.0
179.0,988.0,0.0,1.0,0.0,0.0,0.0,5.0,30.43,0.0
62.0,997.0,1.0,1.0,0.0,0.0,0.0,5.0,61.76,0.0
63.0,997.0,1.0,1.0,0.0,0.0,0.0,5.0,12.0,0.0
64.0,997.0,1.0,1.0,0.0,26.0,0.0,12.0,322.43,1.0
64.0,997.0,1.0,1.0,0.0,0.0,0.0,5.0,41.49,0.0
65.0,997.0,1.0,1.0,0.0,0.0,0.0,5.0,25.06,0.0
130.0,1001.0,2.0,0.0,0.0,1.0,0.0,5.0,0.5,0.0
131.0,1001.0,2.0,0.0,0.0,1.0,0.0,5.0,19.28,0.0
131.0,1001.0,2.0,0.0,0.0,19.0,0.0,9.0,203.72,1.0
132.0,1001.0,2.0,0.0,0.0,5.0,0.0,8.0,17.89,0.0
133.0,1001.0,2.0,0.0,0.0,1.0,0.0,5.0,19.66,0.0
40.0,1005.0,3.0,1.0,0.0,0.0,0.0,5.0,12.32,0.0
41.0,1005.0,3.0,1.0,0.0,0.0,0.0,5.0,34.81,0.0
41.0,1005.0,3.0,1.0,0.0,22.0,0.0,12.0,122.48,1.0
42.0,1005.0,3.0,1.0,0.0,0.0,0.0,5.0,23.97,0.0
43.0,1005.0,3.0,1.0,0.0,36.0,0.0,15.0,25.59,0.0
104.0,1005.0,3.0,1.0,0.0,1.0,0.0,5.0,46.18,0.0
105.0,1005.0,3.0,1.0,0.0,1.0,0.0,5.0,33.3,0.0
106.0,1005.0,3.0,1.0,0.0,38.0,0.0,19.0,285.8,1.0
107.0,1005.0,3.0,1.0,0.0,1.0,0.0,5.0,27.7,0.0
108.0,1005.0,3.0,1.0,0.0,1.0,0.0,5.0,10.79,0.0
132.0,1005.0,3.0,1.0,0.0,9.0,0.0,10.0,35.6,0.0
133.0,1005.0,3.0,1.0,0.0,20.0,0.0,13.0,45.21,0.0
148.0,1005.0,3.0,1.0,0.0,16.0,0.0,16.0,94.54,1.0
151.0,1005.0,3.0,1.0,0.0,13.0,0.0,14.0,56.12,0.0
152.0,1005.0,3.0,1.0,0.0,0.0,0.0,5.0,45.15,0.0
42.0,1008.0,1.0,1.0,0.0,0.0,0.0,5.0,17.59,0.0
43.0,1008.0,1.0,1.0,0.0,0.0,0.0,5.0,38.48,0.0
43.0,1008.0,1.0,1.0,0.0,3.0,0.0,7.0,197.95,1.0
44.0,1008.0,1.0,1.0,0.0,0.0,0.0,5.0,26.2,0.0
45.0,1008.0,1.0,1.0,0.0,0.0,0.0,5.0,13.93,0.0
146.0,1012.0,2.0,1.0,0.0,0.0,0.0,5.0,0.22,0.0
147.0,1012.0,2.0,1.0,0.0,0.0,0.0,5.0,20.86,0.0
147.0,1012.0,2.0,1.0,0.0,22.0,0.0,12.0,239.13,1.0
148.0,1012.0,2.0,1.0,0.0,0.0,0.0,5.0,36.44,0.0
149.0,1012.0,2.0,1.0,0.0,0.0,0.0,5.0,20.31,0.0
161.0,1012.0,2.0,1.0,0.0,0.0,0.0,5.0,15.93,0.0
162.0,1012.0,2.0,1.0,0.0,0.0,0.0,5.0,34.64,0.0
162.0,1012.0,2.0,1.0,0.0,22.0,0.0,12.0,801.99,1.0
163.0,1012.0,2.0,1.0,0.0,15.0,0.0,13.0,91.98,0.0
164.0,1012.0,2.0,1.0,0.0,0.0,0.0,5.0,49.01,0.0
59.0,1013.0,0.0,0.0,0.0,0.0,0.0,5.0,16.03,0.0
60.0,1013.0,0.0,0.0,0.0,0.0,0.0,5.0,9.96,0.0
61.0,1013.0,0.0,0.0,0.0,6.0,0.0,6.0,1046.25,1.0
61.0,1013.0,0.0,0.0,0.0,9.0,0.0,10.0,33.18,0.0
62.0,1013.0,0.0,0.0,0.0,0.0,0.0,5.0,12.79,0.0
90.0,1013.0,0.0,0.0,0.0,0.0,0.0,5.0,9.54,0.0
91.0,1013.0,0.0,0.0,0.0,0.0,0.0,5.0,3.62,0.0
91.0,1013.0,0.0,0.0,0.0,6.0,0.0,6.0,903.19,1.0
92.0,1013.0,0.0,0.0,0.0,0.0,0.0,5.0,18.98,0.0
93.0,1013.0,0.0,0.0,0.0,0.0,0.0,5.0,18.29,0.0
125.0,1013.0,0.0,0.0,0.0,1.0,0.0,5.0,40.24,0.0
126.0,1013.0,0.0,0.0,0.0,1.0,0.0,5.0,27.71,0.0
127.0,1013.0,0.0,0.0,0.0,22.0,0.0,12.0,1063.75,1.0
127.0,1013.0,0.0,0.0,0.0,1.0,0.0,5.0,42.5,0.0
128.0,1013.0,0.0,0.0,0.0,1.0,0.0,5.0,22.69,0.0
132.0,1013.0,0.0,0.0,0.0,0.0,0.0,5.0,0.55,0.0
132.0,1013.0,0.0,0.0,0.0,1.0,0.0,5.0,7.25,0.0
132.0,1013.0,0.0,0.0,0.0,35.0,0.0,18.0,1210.72,1.0
133.0,1013.0,0.0,0.0,0.0,1.0,0.0,5.0,26.6,0.0
134.0,1013.0,0.0,0.0,0.0,1.0,0.0,5.0,3.39,0.0
76.0,1018.0,4.0,1.0,0.0,4.0,0.0,6.0,19.78,0.0
77.0,1018.0,4.0,1.0,0.0,26.0,0.0,12.0,72.41,0.0
79.0,1018.0,4.0,1.0,0.0,26.0,0.0,12.0,319.36,1.0
85.0,1018.0,4.0,1.0,0.0,3.0,0.0,7.0,81.78,0.0
97.0,1018.0,4.0,1.0,0.0,13.0,0.0,14.0,10.06,0.0
100.0,1018.0,4.0,1.0,0.0,1.0,0.0,5.0,6.63,0.0
101.0,1018.0,4.0,1.0,0.0,1.0,0.0,5.0,46.76,0.0
102.0,1018.0,4.0,1.0,0.0,11.0,0.0,12.0,8.33,1.0
102.0,1018.0,4.0,1.0,0.0,1.0,0.0,5.0,19.25,0.0
103.0,1018.0,4.0,1.0,0.0,28.0,0.0,13.0,21.72,0.0
14.0,1022.0,2.0,1.0,0.0,15.0,0.0,13.0,45.27,0.0
15.0,1022.0,2.0,1.0,0.0,30.0,0.0,16.0,66.81,0.0
41.0,1022.0,2.0,1.0,0.0,22.0,0.0,12.0,514.56,1.0
50.0,1022.0,2.0,1.0,0.0,22.0,0.0,12.0,32.57,0.0
54.0,1022.0,2.0,1.0,0.0,30.0,0.0,16.0,15.08,0.0
63.0,1022.0,2.0,1.0,0.0,25.0,0.0,15.0,38.64,0.0
69.0,1022.0,2.0,1.0,0.0,25.0,0.0,15.0,189.56,0.0
70.0,1022.0,2.0,1.0,0.0,35.0,0.0,18.0,1119.68,1.0
90.0,1022.0,2.0,1.0,0.0,11.0,0.0,12.0,128.48,0.0
76.0,1022.0,2.0,1.0,0.0,20.0,0.0,13.0,64.66,1.0
131.0,1022.0,2.0,1.0,0.0,13.0,0.0,14.0,427.24,1.0
137.0,1022.0,2.0,1.0,0.0,3.0,0.0,7.0,139.09,0.0
142.0,1022.0,2.0,1.0,0.0,3.0,0.0,7.0,55.57,0.0
86.0,1029.0,4.0,0.0,0.0,1.0,0.0,5.0,9.74,0.0
87.0,1029.0,4.0,0.0,0.0,5.0,0.0,8.0,47.28,0.0
87.0,1029.0,4.0,0.0,0.0,6.0,0.0,6.0,404.68,1.0
88.0,1029.0,4.0,0.0,0.0,1.0,0.0,5.0,53.52,0.0
90.0,1029.0,4.0,0.0,0.0,1.0,0.0,5.0,17.61,0.0
96.0,1029.0,4.0,0.0,0.0,28.0,0.0,13.0,31.4,0.0
97.0,1029.0,4.0,0.0,0.0,26.0,0.0,12.0,13.79,0.0
100.0,1029.0,4.0,0.0,0.0,6.0,0.0,6.0,267.21,1.0
110.0,1029.0,4.0,0.0,0.0,0.0,0.0,5.0,47.22,0.0
111.0,1029.0,4.0,0.0,0.0,22.0,0.0,12.0,179.39,1.0
111.0,1029.0,4.0,0.0,0.0,0.0,0.0,5.0,58.7,0.0
112.0,1029.0,4.0,0.0,0.0,6.0,0.0,6.0,61.6,1.0
112.0,1029.0,4.0,0.0,0.0,0.0,0.0,5.0,24.6,0.0
114.0,1029.0,4.0,0.0,0.0,0.0,0.0,5.0,57.37,0.0
155.0,1029.0,4.0,0.0,0.0,2.0,0.0,6.0,149.77,0.0
168.0,1029.0,4.0,0.0,0.0,30.0,0.0,16.0,42.88,0.0
175.0,1029.0,4.0,0.0,0.0,22.0,0.0,12.0,68.61,1.0
98.0,1040.0,5.0,0.0,0.0,1.0,0.0,5.0,2.46,0.0
99.0,1040.0,5.0,0.0,0.0,1.0,0.0,5.0,31.79,0.0
100.0,1040.0,5.0,0.0,0.0,6.0,0.0,6.0,680.43,1.0
100.0,1040.0,5.0,0.0,0.0,1.0,0.0,5.0,17.31,0.0
101.0,1040.0,5.0,0.0,0.0,1.0,0.0,5.0,43.9,0.0
165.0,1046.0,3.0,0.0,0.0,1.0,0.0,5.0,25.44,0.0
166.0,1046.0,3.0,0.0,0.0,1.0,0.0,5.0,38.2,0.0
167.0,1046.0,3.0,0.0,0.0,20.0,0.0,13.0,327.48,1.0
167.0,1046.0,3.0,0.0,0.0,1.0,0.0,5.0,39.04,0.0
168.0,1046.0,3.0,0.0,0.0,1.0,0.0,5.0,11.2,0.0
159.0,1047.0,0.0,1.0,0.0,0.0,0.0,5.0,29.19,0.0
160.0,1047.0,0.0,1.0,0.0,0.0,0.0,5.0,58.11,0.0
161.0,1047.0,0.0,1.0,0.0,26.0,0.0,12.0,614.33,1.0
161.0,1047.0,0.0,1.0,0.0,9.0,0.0,10.0,74.26,0.0
162.0,1047.0,0.0,1.0,0.0,0.0,0.0,5.0,20.83,0.0
170.0,1047.0,0.0,1.0,0.0,1.0,0.0,5.0,0.47,0.0
171.0,1047.0,0.0,1.0,0.0,1.0,0.0,5.0,21.57,0.0
171.0,1047.0,0.0,1.0,0.0,22.0,0.0,12.0,329.69,1.0
172.0,1047.0,0.0,1.0,0.0,1.0,0.0,5.0,9.76,0.0
173.0,1047.0,0.0,1.0,0.0,1.0,0.0,5.0,57.55,0.0
174.0,1047.0,0.0,1.0,0.0,1.0,0.0,5.0,24.31,0.0
174.0,1047.0,0.0,1.0,0.0,22.0,0.0,12.0,17.67,1.0
175.0,1047.0,0.0,1.0,0.0,1.0,0.0,5.0,30.15,0.0
177.0,1047.0,0.0,1.0,0.0,1.0,0.0,5.0,29.89,0.0
0.0,1049.0,4.0,1.0,0.0,20.0,0.0,13.0,58.17,0.0
9.0,1049.0,4.0,1.0,0.0,26.0,0.0,12.0,324.95,1.0
19.0,1049.0,4.0,1.0,0.0,25.0,0.0,15.0,59.92,0.0
56.0,1049.0,4.0,1.0,0.0,18.0,0.0,9.0,740.61,1.0
72.0,1049.0,4.0,1.0,0.0,12.0,0.0,13.0,28.1,0.0
78.0,1049.0,4.0,1.0,0.0,12.0,0.0,13.0,36.23,0.0
128.0,1049.0,4.0,1.0,0.0,0.0,0.0,5.0,21.13,0.0
129.0,1049.0,4.0,1.0,0.0,0.0,0.0,5.0,2.53,0.0
129.0,1049.0,4.0,1.0,0.0,22.0,0.0,12.0,126.53,1.0
131.0,1049.0,4.0,1.0,0.0,0.0,0.0,5.0,41.54,0.0
132.0,1049.0,4.0,1.0,0.0,0.0,0.0,5.0,26.78,0.0
4.0,1051.0,4.0,1.0,0.0,12.0,0.0,13.0,3.24,0.0
4.0,1051.0,4.0,1.0,0.0,20.0,0.0,13.0,52.89,0.0
13.0,1051.0,4.0,1.0,0.0,22.0,0.0,12.0,109.52,1.0
14.0,1051.0,4.0,1.0,0.0,9.0,0.0,10.0,9.73,0.0
14.0,1051.0,4.0,1.0,0.0,6.0,0.0,6.0,91.85,1.0
16.0,1051.0,4.0,1.0,0.0,0.0,0.0,5.0,23.61,0.0
17.0,1051.0,4.0,1.0,0.0,0.0,0.0,5.0,26.36,0.0
140.0,1051.0,4.0,1.0,0.0,6.0,0.0,6.0,154.8,0.0
148.0,1051.0,4.0,1.0,0.0,39.0,0.0,18.0,1308.68,0.0
148.0,1051.0,4.0,1.0,0.0,38.0,0.0,19.0,137.86,1.0
151.0,1051.0,4.0,1.0,0.0,12.0,0.0,13.0,32.08,0.0
151.0,1051.0,4.0,1.0,0.0,20.0,0.0,13.0,15.25,0.0
151.0,1051.0,4.0,1.0,0.0,21.0,0.0,13.0,60.83,0.0
159.0,1051.0,4.0,1.0,0.0,12.0,0.0,13.0,163.47,1.0
161.0,1051.0,4.0,1.0,0.0,6.0,0.0,6.0,7.53,0.0
160.0,1051.0,4.0,1.0,0.0,16.0,0.0,16.0,225.51,1.0
178.0,1051.0,4.0,1.0,0.0,3.0,0.0,7.0,220.58,0.0
30.0,1058.0,1.0,0.0,0.0,0.0,0.0,5.0,2.96,0.0
31.0,1058.0,1.0,0.0,0.0,0.0,0.0,5.0,8.35,0.0
31.0,1058.0,1.0,0.0,0.0,26.0,0.0,12.0,99.62,1.0
32.0,1058.0,1.0,0.0,0.0,0.0,0.0,5.0,61.93,0.0
33.0,1058.0,1.0,0.0,0.0,0.0,0.0,5.0,4.78,0.0
113.0,1058.0,1.0,0.0,0.0,1.0,0.0,5.0,10.5,0.0
115.0,1058.0,1.0,0.0,0.0,1.0,0.0,5.0,9.9,0.0
115.0,1058.0,1.0,0.0,0.0,26.0,0.0,12.0,175.71,1.0
116.0,1058.0,1.0,0.0,0.0,1.0,0.0,5.0,36.43,0.0
117.0,1058.0,1.0,0.0,0.0,1.0,0.0,5.0,22.39,0.0
101.0,1084.0,5.0,0.0,0.0,7.0,0.0,6.0,145.74,0.0
144.0,1084.0,5.0,0.0,0.0,20.0,0.0,13.0,18.65,0.0
148.0,1084.0,5.0,0.0,0.0,35.0,0.0,18.0,663.2,1.0
149.0,1084.0,5.0,0.0,0.0,13.0,0.0,14.0,14.0,0.0
150.0,1084.0,5.0,0.0,0.0,0.0,0.0,5.0,27.61,0.0
70.0,1087.0,1.0,0.0,0.0,0.0,0.0,5.0,32.54,0.0
71.0,1087.0,1.0,0.0,0.0,0.0,0.0,5.0,3.26,0.0
72.0,1087.0,1.0,0.0,0.0,6.0,0.0,6.0,56.09,1.0
72.0,1087.0,1.0,0.0,0.0,15.0,0.0,13.0,81.67,0.0
72.0,1087.0,1.0,0.0,0.0,44.0,0.0,13.0,24.35,0.0
99.0,1087.0,1.0,0.0,0.0,0.0,0.0,5.0,41.01,0.0
100.0,1087.0,1.0,0.0,0.0,0.0,0.0,5.0,15.54,0.0
101.0,1087.0,1.0,0.0,0.0,22.0,0.0,12.0,347.37,1.0
101.0,1087.0,1.0,0.0,0.0,0.0,0.0,5.0,42.19,0.0
102.0,1087.0,1.0,0.0,0.0,0.0,0.0,5.0,13.37,0.0
0.0,1090.0,2.0,0.0,0.0,12.0,0.0,13.0,22.73,0.0
22.0,1090.0,2.0,0.0,0.0,6.0,0.0,6.0,126.78,0.0
53.0,1090.0,2.0,0.0,0.0,22.0,0.0,12.0,235.84,1.0
71.0,1090.0,2.0,0.0,0.0,6.0,0.0,6.0,87.19,0.0
71.0,1090.0,2.0,0.0,0.0,2.0,0.0,6.0,185.16,0.0
78.0,1090.0,2.0,0.0,0.0,20.0,0.0,13.0,85.51,1.0
85.0,1090.0,2.0,0.0,0.0,25.0,0.0,15.0,50.26,0.0
89.0,1090.0,2.0,0.0,0.0,12.0,0.0,13.0,47.04,0.0
89.0,1090.0,2.0,0.0,0.0,20.0,0.0,13.0,34.05,0.0
98.0,1090.0,2.0,0.0,0.0,22.0,0.0,12.0,198.47,1.0
101.0,1090.0,2.0,0.0,0.0,22.0,0.0,12.0,158.55,1.0
110.0,1090.0,2.0,0.0,0.0,6.0,0.0,6.0,626.86,1.0
114.0,1090.0,2.0,0.0,0.0,6.0,0.0,6.0,1201.51,1.0
121.0,1090.0,2.0,0.0,0.0,6.0,0.0,6.0,32.2,0.0
117.0,1090.0,2.0,0.0,0.0,22.0,0.0,12.0,281.41,1.0
121.0,1090.0,2.0,0.0,0.0,7.0,0.0,6.0,46.06,0.0
131.0,1090.0,2.0,0.0,0.0,7.0,0.0,6.0,16.11,0.0
131.0,1090.0,2.0,0.0,0.0,2.0,0.0,6.0,105.93,0.0
134.0,1090.0,2.0,0.0,0.0,22.0,0.0,12.0,348.86,1.0
136.0,1090.0,2.0,0.0,0.0,6.0,0.0,6.0,153.79,0.0
136.0,1090.0,2.0,0.0,0.0,7.0,0.0,6.0,36.21,0.0
136.0,1090.0,2.0,0.0,0.0,2.0,0.0,6.0,42.34,0.0
138.0,1090.0,2.0,0.0,0.0,12.0,0.0,13.0,61.25,1.0
142.0,1090.0,2.0,0.0,0.0,12.0,0.0,13.0,124.15,0.0
142.0,1090.0,2.0,0.0,0.0,20.0,0.0,13.0,44.17,0.0
59.0,1095.0,2.0,0.0,0.0,0.0,0.0,5.0,32.57,0.0
60.0,1095.0,2.0,0.0,0.0,0.0,0.0,5.0,6.33,0.0
61.0,1095.0,2.0,0.0,0.0,17.0,0.0,9.0,524.21,1.0
61.0,1095.0,2.0,0.0,0.0,0.0,0.0,5.0,36.36,0.0
62.0,1095.0,2.0,0.0,0.0,0.0,0.0,5.0,20.66,0.0
171.0,1095.0,2.0,0.0,0.0,1.0,0.0,5.0,9.14,0.0
173.0,1095.0,2.0,0.0,0.0,14.0,0.0,15.0,46.04,0.0
174.0,1095.0,2.0,0.0,0.0,6.0,0.0,6.0,342.47,1.0
174.0,1095.0,2.0,0.0,0.0,1.0,0.0,5.0,33.18,0.0
175.0,1095.0,2.0,0.0,0.0,4.0,0.0,6.0,174.49,0.0
77.0,1097.0,5.0,0.0,0.0,6.0,0.0,6.0,1.15,0.0
77.0,1097.0,5.0,0.0,0.0,7.0,0.0,6.0,83.05,0.0
77.0,1097.0,5.0,0.0,0.0,15.0,0.0,13.0,456.21,1.0
131.0,1097.0,5.0,0.0,0.0,9.0,0.0,10.0,57.47,0.0
89.0,1097.0,5.0,0.0,0.0,20.0,0.0,13.0,371.37,1.0
132.0,1097.0,5.0,0.0,0.0,0.0,0.0,5.0,59.38,0.0
148.0,1101.0,1.0,0.0,0.0,0.0,0.0,5.0,58.56,0.0
149.0,1101.0,1.0,0.0,0.0,0.0,0.0,5.0,30.23,0.0
149.0,1101.0,1.0,0.0,0.0,30.0,0.0,16.0,247.41,1.0
150.0,1101.0,1.0,0.0,0.0,0.0,0.0,5.0,0.67,0.0
152.0,1101.0,1.0,0.0,0.0,0.0,0.0,5.0,4.0,0.0
35.0,1102.0,1.0,1.0,0.0,0.0,0.0,5.0,27.56,0.0
36.0,1102.0,1.0,1.0,0.0,0.0,0.0,5.0,13.93,0.0
37.0,1102.0,1.0,1.0,0.0,20.0,0.0,13.0,317.01,1.0
38.0,1102.0,1.0,1.0,0.0,0.0,0.0,5.0,71.73,0.0
38.0,1102.0,1.0,1.0,0.0,38.0,0.0,19.0,298.3,1.0
39.0,1102.0,1.0,1.0,0.0,0.0,0.0,5.0,39.91,0.0
40.0,1102.0,1.0,1.0,0.0,0.0,0.0,5.0,23.63,0.0
42.0,1102.0,1.0,1.0,0.0,20.0,0.0,13.0,9.76,1.0
42.0,1102.0,1.0,1.0,0.0,36.0,0.0,15.0,110.87,0.0
44.0,1102.0,1.0,1.0,0.0,0.0,0.0,5.0,21.29,0.0
47.0,1102.0,1.0,1.0,0.0,1.0,0.0,5.0,51.49,0.0
48.0,1102.0,1.0,1.0,0.0,1.0,0.0,5.0,7.82,0.0
49.0,1102.0,1.0,1.0,0.0,19.0,0.0,9.0,253.29,1.0
49.0,1102.0,1.0,1.0,0.0,1.0,0.0,5.0,10.06,0.0
50.0,1102.0,1.0,1.0,0.0,1.0,0.0,5.0,35.72,0.0
51.0,1102.0,1.0,1.0,0.0,1.0,0.0,5.0,22.32,0.0
51.0,1102.0,1.0,1.0,0.0,6.0,0.0,6.0,99.52,1.0
52.0,1102.0,1.0,1.0,0.0,1.0,0.0,5.0,5.25,0.0
53.0,1102.0,1.0,1.0,0.0,1.0,0.0,5.0,13.85,0.0
115.0,1102.0,1.0,1.0,0.0,1.0,0.0,5.0,10.27,0.0
116.0,1102.0,1.0,1.0,0.0,1.0,0.0,5.0,19.19,0.0
116.0,1102.0,1.0,1.0,0.0,35.0,0.0,18.0,158.23,1.0
117.0,1102.0,1.0,1.0,0.0,1.0,0.0,5.0,61.49,0.0
118.0,1102.0,1.0,1.0,0.0,1.0,0.0,5.0,49.44,0.0
120.0,1102.0,1.0,1.0,0.0,1.0,0.0,5.0,46.02,0.0
121.0,1102.0,1.0,1.0,0.0,14.0,0.0,15.0,7.21,0.0
121.0,1102.0,1.0,1.0,0.0,6.0,0.0,6.0,357.79,1.0
122.0,1102.0,1.0,1.0,0.0,1.0,0.0,5.0,26.8,0.0
123.0,1102.0,1.0,1.0,0.0,1.0,0.0,5.0,0.87,0.0
134.0,1102.0,1.0,1.0,0.0,0.0,0.0,5.0,59.18,0.0
135.0,1102.0,1.0,1.0,0.0,0.0,0.0,5.0,26.75,0.0
136.0,1102.0,1.0,1.0,0.0,22.0,0.0,12.0,85.74,1.0
137.0,1102.0,1.0,1.0,0.0,0.0,0.0,5.0,43.68,0.0
139.0,1102.0,1.0,1.0,0.0,9.0,0.0,10.0,50.38,0.0
25.0,1103.0,0.0,0.0,0.0,9.0,0.0,10.0,90.8,0.0
26.0,1103.0,0.0,0.0,0.0,0.0,0.0,5.0,15.97,0.0
27.0,1103.0,0.0,0.0,0.0,35.0,0.0,18.0,1457.34,1.0
27.0,1103.0,0.0,0.0,0.0,0.0,0.0,5.0,16.96,0.0
28.0,1103.0,0.0,0.0,0.0,0.0,0.0,5.0,7.58,0.0
29.0,1103.0,0.0,0.0,0.0,13.0,0.0,14.0,56.57,1.0
29.0,1103.0,0.0,0.0,0.0,0.0,0.0,5.0,56.33,0.0
30.0,1103.0,0.0,0.0,0.0,0.0,0.0,5.0,26.72,0.0
55.0,1103.0,0.0,0.0,0.0,1.0,0.0,5.0,3.5,0.0
56.0,1103.0,0.0,0.0,0.0,1.0,0.0,5.0,35.76,0.0
57.0,1103.0,0.0,0.0,0.0,22.0,0.0,12.0,602.25,1.0
57.0,1103.0,0.0,0.0,0.0,1.0,0.0,5.0,19.5,0.0
58.0,1103.0,0.0,0.0,0.0,1.0,0.0,5.0,21.39,0.0
68.0,1103.0,0.0,0.0,0.0,1.0,0.0,5.0,32.2,0.0
69.0,1103.0,0.0,0.0,0.0,1.0,0.0,5.0,44.05,0.0
70.0,1103.0,0.0,0.0,0.0,22.0,0.0,12.0,289.79,1.0
70.0,1103.0,0.0,0.0,0.0,1.0,0.0,5.0,24.88,0.0
71.0,1103.0,0.0,0.0,0.0,1.0,0.0,5.0,7.25,0.0
72.0,1103.0,0.0,0.0,0.0,1.0,0.0,5.0,30.65,0.0
73.0,1103.0,0.0,0.0,0.0,1.0,0.0,5.0,39.99,0.0
74.0,1103.0,0.0,0.0,0.0,16.0,0.0,16.0,1187.12,1.0
74.0,1103.0,0.0,0.0,0.0,1.0,0.0,5.0,0.33,0.0
75.0,1103.0,0.0,0.0,0.0,34.0,0.0,17.0,20.67,0.0
159.0,1103.0,0.0,0.0,0.0,1.0,0.0,5.0,5.17,0.0
160.0,1103.0,0.0,0.0,0.0,1.0,0.0,5.0,29.34,0.0
161.0,1103.0,0.0,0.0,0.0,22.0,0.0,12.0,352.01,1.0
161.0,1103.0,0.0,0.0,0.0,1.0,0.0,5.0,23.18,0.0
162.0,1103.0,0.0,0.0,0.0,5.0,0.0,8.0,6.19,0.0
22.0,1106.0,2.0,1.0,0.0,0.0,0.0,5.0,23.88,0.0
23.0,1106.0,2.0,1.0,0.0,15.0,0.0,13.0,67.07,0.0
23.0,1106.0,2.0,1.0,0.0,20.0,0.0,13.0,162.61,1.0
24.0,1106.0,2.0,1.0,0.0,0.0,0.0,5.0,6.55,0.0
26.0,1106.0,2.0,1.0,0.0,0.0,0.0,5.0,34.38,0.0
60.0,1106.0,2.0,1.0,0.0,0.0,0.0,5.0,13.42,0.0
61.0,1106.0,2.0,1.0,0.0,0.0,0.0,5.0,19.41,0.0
62.0,1106.0,2.0,1.0,0.0,8.0,0.0,9.0,321.46,1.0
62.0,1106.0,2.0,1.0,0.0,0.0,0.0,5.0,51.27,0.0
63.0,1106.0,2.0,1.0,0.0,0.0,0.0,5.0,12.76,0.0
0.0,1113.0,0.0,0.0,0.0,16.0,0.0,16.0,328.02,1.0
3.0,1113.0,0.0,0.0,0.0,22.0,0.0,12.0,279.15,1.0
20.0,1113.0,0.0,0.0,0.0,12.0,0.0,13.0,0.3,0.0
4.0,1113.0,0.0,0.0,0.0,18.0,0.0,9.0,77.87,1.0
26.0,1113.0,0.0,0.0,0.0,6.0,0.0,6.0,57.53,0.0
28.0,1113.0,0.0,0.0,0.0,39.0,0.0,18.0,4241.7,1.0
75.0,1113.0,0.0,0.0,0.0,25.0,0.0,15.0,3.49,0.0
29.0,1113.0,0.0,0.0,0.0,3.0,0.0,7.0,314.25,1.0
101.0,1113.0,0.0,0.0,0.0,12.0,0.0,13.0,95.28,0.0
101.0,1113.0,0.0,0.0,0.0,20.0,0.0,13.0,47.23,0.0
109.0,1113.0,0.0,0.0,0.0,30.0,0.0,16.0,78.4,0.0
112.0,1113.0,0.0,0.0,0.0,20.0,0.0,13.0,74.66,1.0
115.0,1113.0,0.0,0.0,0.0,0.0,0.0,5.0,12.7,0.0
117.0,1113.0,0.0,0.0,0.0,15.0,0.0,13.0,68.67,0.0
121.0,1113.0,0.0,0.0,0.0,0.0,0.0,5.0,8.45,0.0
122.0,1113.0,0.0,0.0,0.0,0.0,0.0,5.0,17.58,0.0
122.0,1113.0,0.0,0.0,0.0,25.0,0.0,15.0,174.08,1.0
124.0,1113.0,0.0,0.0,0.0,0.0,0.0,5.0,43.04,0.0
125.0,1113.0,0.0,0.0,0.0,0.0,0.0,5.0,33.71,0.0
175.0,1113.0,0.0,0.0,0.0,1.0,0.0,5.0,2.87,0.0
176.0,1113.0,0.0,0.0,0.0,1.0,0.0,5.0,55.61,0.0
176.0,1113.0,0.0,0.0,0.0,6.0,0.0,6.0,299.39,1.0
177.0,1113.0,0.0,0.0,0.0,1.0,0.0,5.0,14.61,0.0
178.0,1113.0,0.0,0.0,0.0,1.0,0.0,5.0,18.37,0.0
0.0,1114.0,2.0,1.0,0.0,16.0,0.0,16.0,707.22,1.0
0.0,1114.0,2.0,1.0,0.0,30.0,0.0,16.0,184.36,0.0
1.0,1114.0,2.0,1.0,0.0,39.0,0.0,18.0,3387.85,1.0
11.0,1114.0,2.0,1.0,0.0,25.0,0.0,15.0,36.05,0.0
7.0,1114.0,2.0,1.0,0.0,6.0,0.0,6.0,499.7,1.0
19.0,1114.0,2.0,1.0,0.0,12.0,0.0,13.0,58.46,0.0
101.0,1114.0,2.0,1.0,0.0,0.0,0.0,5.0,24.51,0.0
102.0,1114.0,2.0,1.0,0.0,0.0,0.0,5.0,18.02,0.0
103.0,1114.0,2.0,1.0,0.0,20.0,0.0,13.0,216.86,1.0
103.0,1114.0,2.0,1.0,0.0,0.0,0.0,5.0,16.31,0.0
105.0,1114.0,2.0,1.0,0.0,0.0,0.0,5.0,23.08,0.0
107.0,1115.0,1.0,0.0,0.0,1.0,0.0,5.0,33.04,0.0
108.0,1115.0,1.0,0.0,0.0,4.0,0.0,6.0,277.71,0.0
108.0,1115.0,1.0,0.0,0.0,15.0,0.0,13.0,202.3,1.0
109.0,1115.0,1.0,0.0,0.0,1.0,0.0,5.0,38.95,0.0
110.0,1115.0,1.0,0.0,0.0,1.0,0.0,5.0,20.46,0.0
0.0,1116.0,5.0,1.0,0.0,15.0,0.0,13.0,48.5,0.0
0.0,1116.0,5.0,1.0,0.0,15.0,0.0,13.0,432.27,1.0
1.0,1116.0,5.0,1.0,0.0,0.0,0.0,5.0,54.13,0.0
0.0,1116.0,5.0,1.0,0.0,15.0,0.0,13.0,87.68,1.0
1.0,1116.0,5.0,1.0,0.0,12.0,0.0,13.0,212.16,1.0
2.0,1116.0,5.0,1.0,0.0,0.0,0.0,5.0,32.12,0.0
3.0,1116.0,5.0,1.0,0.0,0.0,0.0,5.0,8.99,0.0
4.0,1116.0,5.0,1.0,0.0,0.0,0.0,5.0,22.86,0.0
4.0,1116.0,5.0,1.0,0.0,20.0,0.0,13.0,541.86,1.0
5.0,1116.0,5.0,1.0,0.0,0.0,0.0,5.0,13.04,0.0
6.0,1116.0,5.0,1.0,0.0,0.0,0.0,5.0,45.49,0.0
22.0,1116.0,5.0,1.0,0.0,2.0,0.0,6.0,62.28,0.0
28.0,1116.0,5.0,1.0,0.0,22.0,0.0,12.0,90.46,0.0
54.0,1116.0,5.0,1.0,0.0,11.0,0.0,12.0,232.89,1.0
92.0,1116.0,5.0,1.0,0.0,7.0,0.0,6.0,46.99,0.0
66.0,1116.0,5.0,1.0,0.0,2.0,0.0,6.0,352.35,1.0
141.0,1116.0,5.0,1.0,0.0,45.0,0.0,18.0,80.67,0.0
163.0,1116.0,5.0,1.0,0.0,0.0,0.0,5.0,17.75,0.0
165.0,1116.0,5.0,1.0,0.0,0.0,0.0,5.0,66.33,0.0
166.0,1116.0,5.0,1.0,0.0,22.0,0.0,12.0,403.5,1.0
167.0,1116.0,5.0,1.0,0.0,0.0,0.0,5.0,28.43,0.0
168.0,1116.0,5.0,1.0,0.0,0.0,0.0,5.0,57.23,0.0
18.0,1117.0,1.0,1.0,0.0,0.0,0.0,5.0,44.99,0.0
19.0,1117.0,1.0,1.0,0.0,0.0,0.0,5.0,0.38,0.0
21.0,1117.0,1.0,1.0,0.0,35.0,0.0,18.0,6161.03,1.0
21.0,1117.0,1.0,1.0,0.0,0.0,0.0,5.0,58.8,0.0
22.0,1117.0,1.0,1.0,0.0,0.0,0.0,5.0,29.15,0.0
83.0,1117.0,1.0,1.0,0.0,1.0,0.0,5.0,38.95,0.0
84.0,1117.0,1.0,1.0,0.0,1.0,0.0,5.0,50.8,0.0
85.0,1117.0,1.0,1.0,0.0,27.0,0.0,12.0,324.08,1.0
85.0,1117.0,1.0,1.0,0.0,5.0,0.0,8.0,22.74,0.0
86.0,1117.0,1.0,1.0,0.0,5.0,0.0,8.0,30.28,0.0
161.0,1117.0,1.0,1.0,0.0,1.0,0.0,5.0,18.65,0.0
162.0,1117.0,1.0,1.0,0.0,1.0,0.0,5.0,7.5,0.0
163.0,1117.0,1.0,1.0,0.0,6.0,0.0,6.0,12.07,1.0
163.0,1117.0,1.0,1.0,0.0,1.0,0.0,5.0,55.53,0.0
164.0,1117.0,1.0,1.0,0.0,1.0,0.0,5.0,31.52,0.0
61.0,1127.0,2.0,1.0,0.0,0.0,0.0,5.0,3.82,0.0
62.0,1127.0,2.0,1.0,0.0,0.0,0.0,5.0,3.51,0.0
63.0,1127.0,2.0,1.0,0.0,39.0,0.0,18.0,1941.05,1.0
63.0,1127.0,2.0,1.0,0.0,0.0,0.0,5.0,51.69,0.0
64.0,1127.0,2.0,1.0,0.0,0.0,0.0,5.0,21.99,0.0
106.0,1127.0,2.0,1.0,0.0,1.0,0.0,5.0,52.46,0.0
107.0,1127.0,2.0,1.0,0.0,1.0,0.0,5.0,27.54,0.0
108.0,1127.0,2.0,1.0,0.0,19.0,0.0,9.0,2.75,1.0
108.0,1127.0,2.0,1.0,0.0,5.0,0.0,8.0,74.05,0.0
109.0,1127.0,2.0,1.0,0.0,1.0,0.0,5.0,45.52,0.0
1.0,1130.0,3.0,1.0,0.0,0.0,0.0,5.0,36.49,0.0
2.0,1130.0,3.0,1.0,0.0,13.0,0.0,14.0,4.93,0.0
3.0,1130.0,3.0,1.0,0.0,10.0,0.0,11.0,585.13,1.0
3.0,1130.0,3.0,1.0,0.0,0.0,0.0,5.0,37.07,0.0
3.0,1130.0,3.0,1.0,0.0,10.0,0.0,11.0,848.4,1.0
4.0,1130.0,3.0,1.0,0.0,38.0,0.0,19.0,290.64,1.0
5.0,1130.0,3.0,1.0,0.0,0.0,0.0,5.0,29.07,0.0
6.0,1130.0,3.0,1.0,0.0,0.0,0.0,5.0,36.45,0.0
6.0,1130.0,3.0,1.0,0.0,26.0,0.0,12.0,92.93,1.0
7.0,1130.0,3.0,1.0,0.0,0.0,0.0,5.0,18.09,0.0
7.0,1130.0,3.0,1.0,0.0,20.0,0.0,13.0,248.42,1.0
8.0,1130.0,3.0,1.0,0.0,9.0,0.0,10.0,9.2,0.0
10.0,1130.0,3.0,1.0,0.0,0.0,0.0,5.0,11.55,0.0
11.0,1130.0,3.0,1.0,0.0,22.0,0.0,12.0,871.66,1.0
11.0,1130.0,3.0,1.0,0.0,0.0,0.0,5.0,43.78,0.0
12.0,1130.0,3.0,1.0,0.0,0.0,0.0,5.0,10.02,0.0
54.0,1130.0,3.0,1.0,0.0,0.0,0.0,5.0,21.12,0.0
55.0,1130.0,3.0,1.0,0.0,13.0,0.0,14.0,60.41,0.0
55.0,1130.0,3.0,1.0,0.0,9.0,0.0,10.0,84.09,1.0
56.0,1130.0,3.0,1.0,0.0,0.0,0.0,5.0,3.17,0.0
57.0,1130.0,3.0,1.0,0.0,0.0,0.0,5.0,20.92,0.0
143.0,1130.0,3.0,1.0,0.0,1.0,0.0,5.0,26.89,0.0
144.0,1130.0,3.0,1.0,0.0,1.0,0.0,5.0,38.13,0.0
144.0,1130.0,3.0,1.0,0.0,9.0,0.0,10.0,107.34,1.0
145.0,1130.0,3.0,1.0,0.0,5.0,0.0,8.0,21.84,0.0
146.0,1130.0,3.0,1.0,0.0,1.0,0.0,5.0,20.32,0.0
23.0,1132.0,1.0,0.0,0.0,1.0,0.0,5.0,8.59,0.0
24.0,1132.0,1.0,0.0,0.0,1.0,0.0,5.0,2.83,0.0
25.0,1132.0,1.0,0.0,0.0,38.0,0.0,19.0,248.19,1.0
25.0,1132.0,1.0,0.0,0.0,1.0,0.0,5.0,15.98,0.0
26.0,1132.0,1.0,0.0,0.0,1.0,0.0,5.0,26.71,0.0
106.0,1132.0,1.0,0.0,0.0,7.0,0.0,6.0,86.02,0.0
112.0,1132.0,1.0,0.0,0.0,25.0,0.0,15.0,98.6,0.0
121.0,1132.0,1.0,0.0,0.0,13.0,0.0,14.0,226.39,1.0
156.0,1132.0,1.0,0.0,0.0,8.0,0.0,9.0,7.93,0.0
169.0,1132.0,1.0,0.0,0.0,7.0,0.0,6.0,1.96,0.0
63.0,1141.0,2.0,0.0,0.0,22.0,0.0,12.0,84.86,0.0
82.0,1141.0,2.0,0.0,0.0,30.0,0.0,16.0,38.44,0.0
91.0,1141.0,2.0,0.0,0.0,6.0,0.0,6.0,553.72,1.0
96.0,1141.0,2.0,0.0,0.0,13.0,0.0,14.0,28.28,0.0
97.0,1141.0,2.0,0.0,0.0,0.0,0.0,5.0,22.73,0.0
175.0,1141.0,2.0,0.0,0.0,0.0,0.0,5.0,30.35,0.0
176.0,1141.0,2.0,0.0,0.0,0.0,0.0,5.0,44.85,0.0
177.0,1141.0,2.0,0.0,0.0,22.0,0.0,12.0,275.31,1.0
177.0,1141.0,2.0,0.0,0.0,0.0,0.0,5.0,24.31,0.0
178.0,1141.0,2.0,0.0,0.0,0.0,0.0,5.0,3.79,0.0
32.0,1142.0,2.0,0.0,0.0,1.0,0.0,5.0,10.02,0.0
33.0,1142.0,2.0,0.0,0.0,1.0,0.0,5.0,20.58,0.0
34.0,1142.0,2.0,0.0,0.0,35.0,0.0,18.0,868.87,1.0
34.0,1142.0,2.0,0.0,0.0,1.0,0.0,5.0,24.13,0.0
36.0,1142.0,2.0,0.0,0.0,5.0,0.0,8.0,35.03,0.0
44.0,1142.0,2.0,0.0,0.0,5.0,0.0,8.0,42.18,0.0
45.0,1142.0,2.0,0.0,0.0,5.0,0.0,8.0,19.45,0.0
46.0,1142.0,2.0,0.0,0.0,9.0,0.0,10.0,221.39,1.0
46.0,1142.0,2.0,0.0,0.0,1.0,0.0,5.0,49.15,0.0
47.0,1142.0,2.0,0.0,0.0,1.0,0.0,5.0,14.38,0.0
97.0,1142.0,2.0,0.0,0.0,1.0,0.0,5.0,44.13,0.0
98.0,1142.0,2.0,0.0,0.0,1.0,0.0,5.0,13.93,0.0
98.0,1142.0,2.0,0.0,0.0,6.0,0.0,6.0,945.29,1.0
99.0,1142.0,2.0,0.0,0.0,1.0,0.0,5.0,21.05,0.0
100.0,1142.0,2.0,0.0,0.0,1.0,0.0,5.0,27.67,0.0
161.0,1142.0,2.0,0.0,0.0,1.0,0.0,5.0,41.49,0.0
162.0,1142.0,2.0,0.0,0.0,1.0,0.0,5.0,43.88,0.0
162.0,1142.0,2.0,0.0,0.0,21.0,0.0,13.0,19.7,1.0
163.0,1142.0,2.0,0.0,0.0,1.0,0.0,5.0,7.74,0.0
164.0,1142.0,2.0,0.0,0.0,1.0,0.0,5.0,4.94,0.0
53.0,1146.0,1.0,1.0,0.0,0.0,0.0,5.0,30.98,0.0
54.0,1146.0,1.0,1.0,0.0,0.0,0.0,5.0,19.95,0.0
55.0,1146.0,1.0,1.0,0.0,16.0,0.0,16.0,331.7,1.0
55.0,1146.0,1.0,1.0,0.0,0.0,0.0,5.0,14.77,0.0
56.0,1146.0,1.0,1.0,0.0,0.0,0.0,5.0,18.93,0.0
154.0,1152.0,1.0,0.0,0.0,0.0,0.0,5.0,17.91,0.0
155.0,1152.0,1.0,0.0,0.0,0.0,0.0,5.0,12.74,0.0
156.0,1152.0,1.0,0.0,0.0,6.0,0.0,6.0,438.93,1.0
157.0,1152.0,1.0,0.0,0.0,0.0,0.0,5.0,45.77,0.0
158.0,1152.0,1.0,0.0,0.0,0.0,0.0,5.0,17.63,0.0
115.0,1161.0,4.0,1.0,0.0,4.0,0.0,6.0,111.22,0.0
116.0,1161.0,4.0,1.0,0.0,31.0,0.0,9.0,178.79,0.0
127.0,1161.0,4.0,1.0,0.0,38.0,0.0,19.0,340.65,1.0
128.0,1161.0,4.0,1.0,0.0,13.0,0.0,14.0,41.97,0.0
129.0,1161.0,4.0,1.0,0.0,0.0,0.0,5.0,22.04,0.0
91.0,1163.0,1.0,1.0,0.0,1.0,0.0,5.0,4.28,0.0
92.0,1163.0,1.0,1.0,0.0,1.0,0.0,5.0,10.45,0.0
93.0,1163.0,1.0,1.0,0.0,6.0,0.0,6.0,782.54,1.0
93.0,1163.0,1.0,1.0,0.0,1.0,0.0,5.0,12.61,0.0
94.0,1163.0,1.0,1.0,0.0,5.0,0.0,8.0,24.93,0.0
129.0,1163.0,1.0,1.0,0.0,1.0,0.0,5.0,10.57,0.0
130.0,1163.0,1.0,1.0,0.0,1.0,0.0,5.0,13.72,0.0
131.0,1163.0,1.0,1.0,0.0,20.0,0.0,13.0,255.71,1.0
131.0,1163.0,1.0,1.0,0.0,1.0,0.0,5.0,12.54,0.0
132.0,1163.0,1.0,1.0,0.0,4.0,0.0,6.0,133.34,0.0
170.0,1163.0,1.0,1.0,0.0,0.0,0.0,5.0,50.32,0.0
170.0,1163.0,1.0,1.0,0.0,1.0,0.0,5.0,34.26,0.0
171.0,1163.0,1.0,1.0,0.0,17.0,0.0,9.0,97.68,1.0
171.0,1163.0,1.0,1.0,0.0,1.0,0.0,5.0,68.31,0.0
172.0,1163.0,1.0,1.0,0.0,1.0,0.0,5.0,32.32,0.0
0.0,1164.0,2.0,1.0,0.0,15.0,0.0,13.0,198.58,1.0
0.0,1164.0,2.0,1.0,0.0,0.0,0.0,5.0,2.9,0.0
1.0,1164.0,2.0,1.0,0.0,0.0,0.0,5.0,63.36,0.0
2.0,1164.0,2.0,1.0,0.0,0.0,0.0,5.0,28.41,0.0
3.0,1164.0,2.0,1.0,0.0,0.0,0.0,5.0,46.97,0.0
3.0,1164.0,2.0,1.0,0.0,6.0,0.0,6.0,699.94,1.0
4.0,1164.0,2.0,1.0,0.0,0.0,0.0,5.0,70.67,0.0
7.0,1164.0,2.0,1.0,0.0,0.0,0.0,5.0,6.65,0.0
13.0,1164.0,2.0,1.0,0.0,0.0,0.0,5.0,32.12,0.0
14.0,1164.0,2.0,1.0,0.0,0.0,0.0,5.0,34.0,0.0
16.0,1164.0,2.0,1.0,0.0,39.0,0.0,18.0,2278.82,1.0
16.0,1164.0,2.0,1.0,0.0,0.0,0.0,5.0,16.22,0.0
17.0,1164.0,2.0,1.0,0.0,0.0,0.0,5.0,39.11,0.0
60.0,1164.0,2.0,1.0,0.0,1.0,0.0,5.0,29.97,0.0
61.0,1164.0,2.0,1.0,0.0,1.0,0.0,5.0,18.39,0.0
61.0,1164.0,2.0,1.0,0.0,35.0,0.0,18.0,2725.28,1.0
62.0,1164.0,2.0,1.0,0.0,1.0,0.0,5.0,28.89,0.0
63.0,1164.0,2.0,1.0,0.0,1.0,0.0,5.0,48.41,0.0
0.0,1165.0,2.0,0.0,0.0,15.0,0.0,13.0,304.21,1.0
0.0,1165.0,2.0,0.0,0.0,0.0,0.0,5.0,36.41,0.0
1.0,1165.0,2.0,0.0,0.0,13.0,0.0,14.0,24.46,0.0
2.0,1165.0,2.0,0.0,0.0,41.0,0.0,19.0,258.01,1.0
2.0,1165.0,2.0,0.0,0.0,11.0,0.0,12.0,22.29,0.0
7.0,1165.0,2.0,0.0,0.0,13.0,0.0,14.0,12.73,0.0
26.0,1165.0,2.0,0.0,0.0,1.0,0.0,5.0,30.47,0.0
27.0,1165.0,2.0,0.0,0.0,1.0,0.0,5.0,18.68,0.0
28.0,1165.0,2.0,0.0,0.0,6.0,0.0,6.0,81.58,1.0
30.0,1165.0,2.0,0.0,0.0,1.0,0.0,5.0,31.54,0.0
31.0,1165.0,2.0,0.0,0.0,1.0,0.0,5.0,7.93,0.0
113.0,1171.0,1.0,1.0,0.0,0.0,0.0,5.0,33.28,0.0
114.0,1171.0,1.0,1.0,0.0,0.0,0.0,5.0,85.41,0.0
116.0,1171.0,1.0,1.0,0.0,6.0,0.0,6.0,386.08,1.0
116.0,1171.0,1.0,1.0,0.0,0.0,0.0,5.0,10.83,0.0
117.0,1171.0,1.0,1.0,0.0,13.0,0.0,14.0,45.56,0.0
149.0,1174.0,0.0,0.0,0.0,1.0,0.0,5.0,45.9,0.0
150.0,1174.0,0.0,0.0,0.0,5.0,0.0,8.0,37.22,0.0
151.0,1174.0,0.0,0.0,0.0,26.0,0.0,12.0,972.15,1.0
151.0,1174.0,0.0,0.0,0.0,1.0,0.0,5.0,52.14,0.0
152.0,1174.0,0.0,0.0,0.0,1.0,0.0,5.0,15.58,0.0
17.0,1175.0,0.0,0.0,0.0,6.0,0.0,6.0,35.69,0.0
25.0,1175.0,0.0,0.0,0.0,11.0,0.0,12.0,11.73,0.0
35.0,1175.0,0.0,0.0,0.0,22.0,0.0,12.0,491.46,1.0
48.0,1175.0,0.0,0.0,0.0,12.0,0.0,13.0,9.16,0.0
56.0,1175.0,0.0,0.0,0.0,12.0,0.0,13.0,7.6,0.0
63.0,1175.0,0.0,0.0,0.0,13.0,0.0,14.0,10.72,0.0
64.0,1175.0,0.0,0.0,0.0,13.0,0.0,14.0,31.78,0.0
64.0,1175.0,0.0,0.0,0.0,20.0,0.0,13.0,148.28,1.0
65.0,1175.0,0.0,0.0,0.0,0.0,0.0,5.0,4.89,0.0
66.0,1175.0,0.0,0.0,0.0,0.0,0.0,5.0,7.46,0.0
149.0,1175.0,0.0,0.0,0.0,1.0,0.0,5.0,46.41,0.0
150.0,1175.0,0.0,0.0,0.0,1.0,0.0,5.0,93.2,0.0
150.0,1175.0,0.0,0.0,0.0,6.0,0.0,6.0,501.51,1.0
151.0,1175.0,0.0,0.0,0.0,1.0,0.0,5.0,9.82,0.0
152.0,1175.0,0.0,0.0,0.0,1.0,0.0,5.0,46.61,0.0
0.0,1180.0,0.0,1.0,0.0,12.0,0.0,13.0,154.77,1.0
7.0,1180.0,0.0,1.0,0.0,6.0,0.0,6.0,72.69,1.0
15.0,1180.0,0.0,1.0,0.0,25.0,0.0,15.0,47.4,0.0
14.0,1180.0,0.0,1.0,0.0,26.0,0.0,12.0,211.78,1.0
24.0,1180.0,0.0,1.0,0.0,12.0,0.0,13.0,61.1,0.0
0.0,1181.0,0.0,1.0,0.0,12.0,0.0,13.0,122.04,1.0
2.0,1181.0,0.0,1.0,0.0,25.0,0.0,15.0,105.48,0.0
3.0,1181.0,0.0,1.0,0.0,13.0,0.0,14.0,174.29,1.0
4.0,1181.0,0.0,1.0,0.0,6.0,0.0,6.0,89.36,0.0
5.0,1181.0,0.0,1.0,0.0,3.0,0.0,7.0,215.28,1.0
10.0,1181.0,0.0,1.0,0.0,11.0,0.0,12.0,85.43,0.0
46.0,1181.0,0.0,1.0,0.0,6.0,0.0,6.0,33.43,0.0
129.0,1181.0,0.0,1.0,0.0,1.0,0.0,5.0,34.03,0.0
130.0,1181.0,0.0,1.0,0.0,1.0,0.0,5.0,24.03,0.0
131.0,1181.0,0.0,1.0,0.0,6.0,0.0,6.0,583.33,1.0
131.0,1181.0,0.0,1.0,0.0,1.0,0.0,5.0,30.36,0.0
132.0,1181.0,0.0,1.0,0.0,1.0,0.0,5.0,31.86,0.0
74.0,1182.0,0.0,1.0,0.0,0.0,0.0,5.0,41.25,0.0
74.0,1182.0,0.0,1.0,0.0,1.0,0.0,5.0,50.7,0.0
75.0,1182.0,0.0,1.0,0.0,10.0,0.0,11.0,710.66,1.0
75.0,1182.0,0.0,1.0,0.0,1.0,0.0,5.0,2.84,0.0
76.0,1182.0,0.0,1.0,0.0,1.0,0.0,5.0,25.24,0.0
77.0,1182.0,0.0,1.0,0.0,1.0,0.0,5.0,25.26,0.0
77.0,1182.0,0.0,1.0,0.0,15.0,0.0,13.0,487.28,1.0
78.0,1182.0,0.0,1.0,0.0,5.0,0.0,8.0,3.44,0.0
79.0,1182.0,0.0,1.0,0.0,1.0,0.0,5.0,19.75,0.0
43.0,1184.0,0.0,0.0,0.0,0.0,0.0,5.0,28.76,0.0
44.0,1184.0,0.0,0.0,0.0,0.0,0.0,5.0,8.63,0.0
45.0,1184.0,0.0,0.0,0.0,35.0,0.0,18.0,861.78,1.0
45.0,1184.0,0.0,0.0,0.0,0.0,0.0,5.0,13.2,0.0
47.0,1184.0,0.0,0.0,0.0,0.0,0.0,5.0,41.02,0.0
63.0,1184.0,0.0,0.0,0.0,0.0,0.0,5.0,26.4,0.0
64.0,1184.0,0.0,0.0,0.0,0.0,0.0,5.0,48.26,0.0
65.0,1184.0,0.0,0.0,0.0,6.0,0.0,6.0,579.35,1.0
65.0,1184.0,0.0,0.0,0.0,27.0,0.0,12.0,119.78,0.0
65.0,1184.0,0.0,0.0,0.0,46.0,0.0,12.0,132.77,0.0
80.0,1184.0,0.0,0.0,0.0,27.0,0.0,12.0,20.87,0.0
80.0,1184.0,0.0,0.0,0.0,46.0,0.0,12.0,166.64,0.0
80.0,1184.0,0.0,0.0,0.0,22.0,0.0,12.0,87.49,1.0
81.0,1184.0,0.0,0.0,0.0,0.0,0.0,5.0,19.54,0.0
83.0,1184.0,0.0,0.0,0.0,0.0,0.0,5.0,28.28,0.0
95.0,1184.0,0.0,0.0,0.0,0.0,0.0,5.0,71.12,0.0
97.0,1184.0,0.0,0.0,0.0,0.0,0.0,5.0,6.04,0.0
97.0,1184.0,0.0,0.0,0.0,22.0,0.0,12.0,176.07,1.0
98.0,1184.0,0.0,0.0,0.0,0.0,0.0,5.0,26.7,0.0
99.0,1184.0,0.0,0.0,0.0,0.0,0.0,5.0,48.09,0.0
105.0,1184.0,0.0,0.0,0.0,0.0,0.0,5.0,6.81,0.0
106.0,1184.0,0.0,0.0,0.0,0.0,0.0,5.0,15.93,0.0
107.0,1184.0,0.0,0.0,0.0,6.0,0.0,6.0,587.5,1.0
108.0,1184.0,0.0,0.0,0.0,0.0,0.0,5.0,14.49,0.0
109.0,1184.0,0.0,0.0,0.0,0.0,0.0,5.0,29.5,0.0
112.0,1188.0,1.0,1.0,0.0,18.0,0.0,9.0,134.28,0.0
117.0,1188.0,1.0,1.0,0.0,25.0,0.0,15.0,121.71,0.0
145.0,1188.0,1.0,1.0,0.0,3.0,0.0,7.0,319.67,1.0
170.0,1188.0,1.0,1.0,0.0,6.0,0.0,6.0,1013.23,1.0
175.0,1188.0,1.0,1.0,0.0,18.0,0.0,9.0,782.66,1.0
45.0,1190.0,3.0,0.0,0.0,5.0,0.0,8.0,66.31,0.0
46.0,1190.0,3.0,0.0,0.0,1.0,0.0,5.0,46.13,0.0
47.0,1190.0,3.0,0.0,0.0,6.0,0.0,6.0,723.24,1.0
47.0,1190.0,3.0,0.0,0.0,5.0,0.0,8.0,23.22,0.0
48.0,1190.0,3.0,0.0,0.0,5.0,0.0,8.0,54.13,0.0
67.0,1190.0,3.0,0.0,0.0,0.0,0.0,5.0,48.59,0.0
68.0,1190.0,3.0,0.0,0.0,0.0,0.0,5.0,4.93,0.0
68.0,1190.0,3.0,0.0,0.0,22.0,0.0,12.0,237.21,1.0
69.0,1190.0,3.0,0.0,0.0,0.0,0.0,5.0,28.18,0.0
70.0,1190.0,3.0,0.0,0.0,0.0,0.0,5.0,13.41,0.0
6.0,1195.0,5.0,1.0,0.0,0.0,0.0,5.0,41.47,0.0
7.0,1195.0,5.0,1.0,0.0,15.0,0.0,13.0,103.41,0.0
8.0,1195.0,5.0,1.0,0.0,15.0,0.0,13.0,468.82,1.0
8.0,1195.0,5.0,1.0,0.0,0.0,0.0,5.0,11.32,0.0
9.0,1195.0,5.0,1.0,0.0,0.0,0.0,5.0,23.41,0.0
17.0,1195.0,5.0,1.0,0.0,0.0,0.0,5.0,62.55,0.0
18.0,1195.0,5.0,1.0,0.0,13.0,0.0,14.0,15.3,0.0
18.0,1195.0,5.0,1.0,0.0,48.0,0.0,12.0,592.91,1.0
19.0,1195.0,5.0,1.0,0.0,0.0,0.0,5.0,31.2,0.0
20.0,1195.0,5.0,1.0,0.0,9.0,0.0,10.0,38.41,0.0
141.0,1195.0,5.0,1.0,0.0,5.0,0.0,8.0,10.6,0.0
142.0,1195.0,5.0,1.0,0.0,1.0,0.0,5.0,38.85,0.0
143.0,1195.0,5.0,1.0,0.0,35.0,0.0,18.0,3336.32,1.0
143.0,1195.0,5.0,1.0,0.0,1.0,0.0,5.0,13.45,0.0
144.0,1195.0,5.0,1.0,0.0,1.0,0.0,5.0,0.18,0.0
0.0,1196.0,5.0,1.0,0.0,22.0,0.0,12.0,881.04,1.0
0.0,1196.0,5.0,1.0,0.0,22.0,0.0,12.0,83.07,1.0
0.0,1196.0,5.0,1.0,0.0,22.0,0.0,12.0,364.68,1.0
0.0,1196.0,5.0,1.0,0.0,22.0,0.0,12.0,321.7,1.0
1.0,1196.0,5.0,1.0,0.0,30.0,0.0,16.0,298.44,1.0
1.0,1196.0,5.0,1.0,0.0,30.0,0.0,16.0,112.77,1.0
1.0,1196.0,5.0,1.0,0.0,6.0,0.0,6.0,1126.96,1.0
2.0,1196.0,5.0,1.0,0.0,35.0,0.0,18.0,7432.48,1.0
3.0,1196.0,5.0,1.0,0.0,22.0,0.0,12.0,213.53,1.0
3.0,1196.0,5.0,1.0,0.0,35.0,0.0,18.0,237.95,1.0
4.0,1196.0,5.0,1.0,0.0,38.0,0.0,19.0,311.94,1.0
4.0,1196.0,5.0,1.0,0.0,45.0,0.0,18.0,2973.46,1.0
5.0,1196.0,5.0,1.0,0.0,6.0,0.0,6.0,661.19,1.0
6.0,1196.0,5.0,1.0,0.0,6.0,0.0,6.0,219.33,1.0
6.0,1196.0,5.0,1.0,0.0,15.0,0.0,13.0,283.87,1.0
7.0,1196.0,5.0,1.0,0.0,20.0,0.0,13.0,42.62,1.0
8.0,1196.0,5.0,1.0,0.0,22.0,0.0,12.0,634.76,1.0
9.0,1196.0,5.0,1.0,0.0,19.0,0.0,9.0,5.79,1.0
10.0,1196.0,5.0,1.0,0.0,38.0,0.0,19.0,352.28,1.0
11.0,1196.0,5.0,1.0,0.0,38.0,0.0,19.0,253.12,1.0
15.0,1196.0,5.0,1.0,0.0,26.0,0.0,12.0,277.08,1.0
27.0,1196.0,5.0,1.0,0.0,22.0,0.0,12.0,142.69,0.0
18.0,1196.0,5.0,1.0,0.0,22.0,0.0,12.0,161.42,1.0
29.0,1196.0,5.0,1.0,0.0,18.0,0.0,9.0,163.66,1.0
33.0,1196.0,5.0,1.0,0.0,10.0,0.0,11.0,330.49,1.0
35.0,1196.0,5.0,1.0,0.0,22.0,0.0,12.0,284.03,1.0
44.0,1196.0,5.0,1.0,0.0,25.0,0.0,15.0,189.95,1.0
48.0,1196.0,5.0,1.0,0.0,27.0,0.0,12.0,266.26,1.0
49.0,1196.0,5.0,1.0,0.0,6.0,0.0,6.0,577.91,1.0
63.0,1196.0,5.0,1.0,0.0,30.0,0.0,16.0,194.18,0.0
52.0,1196.0,5.0,1.0,0.0,18.0,0.0,9.0,362.43,1.0
65.0,1196.0,5.0,1.0,0.0,6.0,0.0,6.0,1062.95,1.0
67.0,1196.0,5.0,1.0,0.0,20.0,0.0,13.0,68.85,0.0
67.0,1196.0,5.0,1.0,0.0,17.0,0.0,9.0,297.59,1.0
70.0,1196.0,5.0,1.0,0.0,22.0,0.0,12.0,293.68,1.0
74.0,1196.0,5.0,1.0,0.0,25.0,0.0,15.0,19.83,0.0
70.0,1196.0,5.0,1.0,0.0,22.0,0.0,12.0,230.43,1.0
84.0,1196.0,5.0,1.0,0.0,22.0,0.0,12.0,344.67,1.0
87.0,1196.0,5.0,1.0,0.0,6.0,0.0,6.0,398.66,1.0
89.0,1196.0,5.0,1.0,0.0,38.0,0.0,19.0,404.22,1.0
92.0,1196.0,5.0,1.0,0.0,6.0,0.0,6.0,187.62,1.0
106.0,1196.0,5.0,1.0,0.0,6.0,0.0,6.0,5.23,0.0
94.0,1196.0,5.0,1.0,0.0,6.0,0.0,6.0,426.21,1.0
112.0,1196.0,5.0,1.0,0.0,12.0,0.0,13.0,243.71,1.0
125.0,1196.0,5.0,1.0,0.0,12.0,0.0,13.0,9.29,0.0
116.0,1196.0,5.0,1.0,0.0,45.0,0.0,18.0,3146.85,1.0
126.0,1196.0,5.0,1.0,0.0,12.0,0.0,13.0,55.36,0.0
177.0,1196.0,5.0,1.0,0.0,5.0,0.0,8.0,34.38,0.0
178.0,1196.0,5.0,1.0,0.0,13.0,0.0,14.0,18.25,0.0
178.0,1196.0,5.0,1.0,0.0,17.0,0.0,9.0,412.45,1.0
179.0,1196.0,5.0,1.0,0.0,4.0,0.0,6.0,1.53,0.0
179.0,1196.0,5.0,1.0,0.0,42.0,0.0,6.0,108.38,0.0
23.0,1201.0,0.0,1.0,0.0,5.0,0.0,8.0,22.44,0.0
24.0,1201.0,0.0,1.0,0.0,10.0,0.0,11.0,17.05,0.0
25.0,1201.0,0.0,1.0,0.0,38.0,0.0,19.0,346.77,1.0
25.0,1201.0,0.0,1.0,0.0,1.0,0.0,5.0,23.91,0.0
26.0,1201.0,0.0,1.0,0.0,5.0,0.0,8.0,77.3,0.0
165.0,1204.0,1.0,0.0,0.0,46.0,0.0,12.0,37.84,0.0
166.0,1204.0,1.0,0.0,0.0,0.0,0.0,5.0,12.16,0.0
167.0,1204.0,1.0,0.0,0.0,6.0,0.0,6.0,100.07,1.0
167.0,1204.0,1.0,0.0,0.0,0.0,0.0,5.0,11.88,0.0
168.0,1204.0,1.0,0.0,0.0,0.0,0.0,5.0,32.62,0.0
38.0,1205.0,0.0,1.0,0.0,0.0,0.0,5.0,30.69,0.0
39.0,1205.0,0.0,1.0,0.0,32.0,0.0,11.0,29.75,0.0
40.0,1205.0,0.0,1.0,0.0,9.0,0.0,10.0,100.71,1.0
40.0,1205.0,0.0,1.0,0.0,0.0,0.0,5.0,40.83,0.0
40.0,1205.0,0.0,1.0,0.0,1.0,0.0,5.0,19.49,0.0
69.0,1205.0,0.0,1.0,0.0,1.0,0.0,5.0,12.01,0.0
70.0,1205.0,0.0,1.0,0.0,1.0,0.0,5.0,20.69,0.0
71.0,1205.0,0.0,1.0,0.0,12.0,0.0,13.0,216.29,1.0
72.0,1205.0,0.0,1.0,0.0,1.0,0.0,5.0,20.75,0.0
73.0,1205.0,0.0,1.0,0.0,1.0,0.0,5.0,48.02,0.0
60.0,1210.0,3.0,1.0,0.0,0.0,0.0,5.0,23.86,0.0
61.0,1210.0,3.0,1.0,0.0,0.0,0.0,5.0,6.45,0.0
62.0,1210.0,3.0,1.0,0.0,11.0,0.0,12.0,452.66,1.0
62.0,1210.0,3.0,1.0,0.0,0.0,0.0,5.0,32.43,0.0
63.0,1210.0,3.0,1.0,0.0,0.0,0.0,5.0,19.78,0.0
63.0,1211.0,3.0,0.0,0.0,0.0,0.0,5.0,4.52,0.0
65.0,1211.0,3.0,0.0,0.0,0.0,0.0,5.0,8.61,0.0
66.0,1211.0,3.0,0.0,0.0,22.0,0.0,12.0,477.03,1.0
66.0,1211.0,3.0,0.0,0.0,0.0,0.0,5.0,5.6,0.0
68.0,1211.0,3.0,0.0,0.0,0.0,0.0,5.0,2.22,0.0
69.0,1211.0,3.0,0.0,0.0,13.0,0.0,14.0,41.05,0.0
70.0,1211.0,3.0,0.0,0.0,22.0,0.0,12.0,49.99,1.0
70.0,1211.0,3.0,0.0,0.0,0.0,0.0,5.0,23.83,0.0
71.0,1211.0,3.0,0.0,0.0,0.0,0.0,5.0,32.7,0.0
121.0,1211.0,3.0,0.0,0.0,1.0,0.0,5.0,5.0,0.0
122.0,1211.0,3.0,0.0,0.0,1.0,0.0,5.0,39.83,0.0
122.0,1211.0,3.0,0.0,0.0,6.0,0.0,6.0,392.38,1.0
123.0,1211.0,3.0,0.0,0.0,1.0,0.0,5.0,8.92,0.0
124.0,1211.0,3.0,0.0,0.0,10.0,0.0,11.0,115.17,0.0
147.0,1211.0,3.0,0.0,0.0,0.0,0.0,5.0,44.72,0.0
148.0,1211.0,3.0,0.0,0.0,0.0,0.0,5.0,59.53,0.0
148.0,1211.0,3.0,0.0,0.0,38.0,0.0,19.0,309.38,1.0
149.0,1211.0,3.0,0.0,0.0,0.0,0.0,5.0,41.69,0.0
150.0,1211.0,3.0,0.0,0.0,0.0,0.0,5.0,34.04,0.0
21.0,1219.0,1.0,1.0,0.0,0.0,0.0,5.0,34.85,0.0
22.0,1219.0,1.0,1.0,0.0,0.0,0.0,5.0,11.31,0.0
24.0,1219.0,1.0,1.0,0.0,12.0,0.0,13.0,129.2,1.0
24.0,1219.0,1.0,1.0,0.0,0.0,0.0,5.0,28.39,0.0
26.0,1219.0,1.0,1.0,0.0,0.0,0.0,5.0,50.58,0.0
77.0,1219.0,1.0,1.0,0.0,0.0,0.0,5.0,45.27,0.0
78.0,1219.0,1.0,1.0,0.0,0.0,0.0,5.0,27.96,0.0
79.0,1219.0,1.0,1.0,0.0,22.0,0.0,12.0,86.8,1.0
79.0,1219.0,1.0,1.0,0.0,0.0,0.0,5.0,28.64,0.0
80.0,1219.0,1.0,1.0,0.0,0.0,0.0,5.0,75.34,0.0
134.0,1228.0,1.0,0.0,0.0,0.0,0.0,5.0,30.18,0.0
135.0,1228.0,1.0,0.0,0.0,13.0,0.0,14.0,28.37,0.0
135.0,1228.0,1.0,0.0,0.0,38.0,0.0,19.0,196.67,1.0
136.0,1228.0,1.0,0.0,0.0,0.0,0.0,5.0,26.03,0.0
137.0,1228.0,1.0,0.0,0.0,0.0,0.0,5.0,55.26,0.0
79.0,1233.0,3.0,0.0,0.0,1.0,0.0,5.0,38.18,0.0
80.0,1233.0,3.0,0.0,0.0,1.0,0.0,5.0,13.98,0.0
81.0,1233.0,3.0,0.0,0.0,25.0,0.0,15.0,370.58,1.0
81.0,1233.0,3.0,0.0,0.0,1.0,0.0,5.0,52.67,0.0
82.0,1233.0,3.0,0.0,0.0,1.0,0.0,5.0,1.45,0.0
121.0,1233.0,3.0,0.0,0.0,1.0,0.0,5.0,2.04,0.0
122.0,1233.0,3.0,0.0,0.0,1.0,0.0,5.0,11.03,0.0
122.0,1233.0,3.0,0.0,0.0,35.0,0.0,18.0,973.69,1.0
123.0,1233.0,3.0,0.0,0.0,1.0,0.0,5.0,7.04,0.0
124.0,1233.0,3.0,0.0,0.0,1.0,0.0,5.0,35.26,0.0
96.0,1236.0,3.0,0.0,0.0,1.0,0.0,5.0,45.78,0.0
97.0,1236.0,3.0,0.0,0.0,5.0,0.0,8.0,54.9,0.0
97.0,1236.0,3.0,0.0,0.0,6.0,0.0,6.0,648.77,1.0
98.0,1236.0,3.0,0.0,0.0,1.0,0.0,5.0,7.37,0.0
99.0,1236.0,3.0,0.0,0.0,1.0,0.0,5.0,6.59,0.0
143.0,1242.0,1.0,1.0,0.0,25.0,0.0,15.0,31.01,0.0
155.0,1242.0,1.0,1.0,0.0,25.0,0.0,15.0,171.0,0.0
158.0,1242.0,1.0,1.0,0.0,12.0,0.0,13.0,527.9,1.0
172.0,1242.0,1.0,1.0,0.0,25.0,0.0,15.0,19.0,0.0
161.0,1242.0,1.0,1.0,0.0,6.0,0.0,6.0,390.34,1.0
152.0,1249.0,3.0,1.0,0.0,0.0,0.0,5.0,32.21,0.0
153.0,1249.0,3.0,1.0,0.0,0.0,0.0,5.0,7.08,0.0
153.0,1249.0,3.0,1.0,0.0,6.0,0.0,6.0,923.41,1.0
154.0,1249.0,3.0,1.0,0.0,0.0,0.0,5.0,10.55,0.0
155.0,1249.0,3.0,1.0,0.0,0.0,0.0,5.0,4.68,0.0
5.0,1252.0,5.0,0.0,0.0,0.0,0.0,5.0,25.14,0.0
6.0,1252.0,5.0,0.0,0.0,0.0,0.0,5.0,43.25,0.0
6.0,1252.0,5.0,0.0,0.0,22.0,0.0,12.0,27.45,1.0
8.0,1252.0,5.0,0.0,0.0,0.0,0.0,5.0,11.25,0.0
9.0,1252.0,5.0,0.0,0.0,0.0,0.0,5.0,11.17,0.0
17.0,1252.0,5.0,0.0,0.0,0.0,0.0,5.0,11.81,0.0
18.0,1252.0,5.0,0.0,0.0,0.0,0.0,5.0,35.72,0.0
19.0,1252.0,5.0,0.0,0.0,22.0,0.0,12.0,588.14,1.0
20.0,1252.0,5.0,0.0,0.0,0.0,0.0,5.0,6.6,0.0
21.0,1252.0,5.0,0.0,0.0,9.0,0.0,10.0,30.4,0.0
26.0,1252.0,5.0,0.0,0.0,0.0,0.0,5.0,18.96,0.0
28.0,1252.0,5.0,0.0,0.0,0.0,0.0,5.0,4.22,0.0
28.0,1252.0,5.0,0.0,0.0,6.0,0.0,6.0,502.98,1.0
29.0,1252.0,5.0,0.0,0.0,0.0,0.0,5.0,53.03,0.0
30.0,1252.0,5.0,0.0,0.0,0.0,0.0,5.0,33.17,0.0
61.0,1252.0,5.0,0.0,0.0,5.0,0.0,8.0,29.6,0.0
62.0,1252.0,5.0,0.0,0.0,1.0,0.0,5.0,20.94,0.0
62.0,1252.0,5.0,0.0,0.0,22.0,0.0,12.0,375.87,1.0
65.0,1252.0,5.0,0.0,0.0,1.0,0.0,5.0,31.15,0.0
66.0,1252.0,5.0,0.0,0.0,1.0,0.0,5.0,49.06,0.0
124.0,1252.0,5.0,0.0,0.0,1.0,0.0,5.0,15.54,0.0
125.0,1252.0,5.0,0.0,0.0,1.0,0.0,5.0,20.51,0.0
126.0,1252.0,5.0,0.0,0.0,6.0,0.0,6.0,61.12,1.0
126.0,1252.0,5.0,0.0,0.0,5.0,0.0,8.0,46.75,0.0
127.0,1252.0,5.0,0.0,0.0,1.0,0.0,5.0,11.26,0.0
46.0,1256.0,4.0,0.0,0.0,0.0,0.0,5.0,70.61,0.0
47.0,1256.0,4.0,0.0,0.0,0.0,0.0,5.0,57.52,0.0
48.0,1256.0,4.0,0.0,0.0,35.0,0.0,18.0,3491.53,1.0
48.0,1256.0,4.0,0.0,0.0,0.0,0.0,5.0,27.61,0.0
49.0,1256.0,4.0,0.0,0.0,0.0,0.0,5.0,40.74,0.0
94.0,1256.0,4.0,0.0,0.0,0.0,0.0,5.0,56.81,0.0
94.0,1256.0,4.0,0.0,0.0,1.0,0.0,5.0,35.64,0.0
95.0,1256.0,4.0,0.0,0.0,3.0,0.0,7.0,512.51,1.0
95.0,1256.0,4.0,0.0,0.0,14.0,0.0,15.0,8.04,0.0
96.0,1256.0,4.0,0.0,0.0,1.0,0.0,5.0,17.53,0.0
165.0,1263.0,2.0,1.0,0.0,0.0,0.0,5.0,2.34,0.0
166.0,1263.0,2.0,1.0,0.0,0.0,0.0,5.0,8.76,0.0
166.0,1263.0,2.0,1.0,0.0,6.0,0.0,6.0,373.27,1.0
168.0,1263.0,2.0,1.0,0.0,0.0,0.0,5.0,2.73,0.0
169.0,1263.0,2.0,1.0,0.0,0.0,0.0,5.0,27.47,0.0
170.0,1263.0,2.0,1.0,0.0,0.0,0.0,5.0,6.41,0.0
171.0,1263.0,2.0,1.0,0.0,0.0,0.0,5.0,38.6,0.0
172.0,1263.0,2.0,1.0,0.0,22.0,0.0,12.0,122.15,1.0
172.0,1263.0,2.0,1.0,0.0,0.0,0.0,5.0,72.12,0.0
173.0,1263.0,2.0,1.0,0.0,0.0,0.0,5.0,28.51,0.0
124.0,1266.0,3.0,1.0,0.0,15.0,0.0,13.0,40.61,0.0
124.0,1266.0,3.0,1.0,0.0,44.0,0.0,13.0,70.26,0.0
124.0,1266.0,3.0,1.0,0.0,6.0,0.0,6.0,473.43,1.0
125.0,1266.0,3.0,1.0,0.0,0.0,0.0,5.0,24.02,0.0
126.0,1266.0,3.0,1.0,0.0,0.0,0.0,5.0,14.97,0.0
159.0,1266.0,3.0,1.0,0.0,0.0,0.0,5.0,19.96,0.0
160.0,1266.0,3.0,1.0,0.0,0.0,0.0,5.0,24.82,0.0
160.0,1266.0,3.0,1.0,0.0,22.0,0.0,12.0,276.06,1.0
162.0,1266.0,3.0,1.0,0.0,0.0,0.0,5.0,32.16,0.0
164.0,1266.0,3.0,1.0,0.0,0.0,0.0,5.0,27.38,0.0
87.0,1272.0,1.0,0.0,0.0,2.0,0.0,6.0,37.14,0.0
125.0,1272.0,1.0,0.0,0.0,6.0,0.0,6.0,14.39,0.0
126.0,1272.0,1.0,0.0,0.0,22.0,0.0,12.0,76.67,1.0
132.0,1272.0,1.0,0.0,0.0,3.0,0.0,7.0,40.0,0.0
132.0,1272.0,1.0,0.0,0.0,35.0,0.0,18.0,2241.69,1.0
156.0,1272.0,1.0,0.0,0.0,6.0,0.0,6.0,56.71,0.0
156.0,1272.0,1.0,0.0,0.0,4.0,0.0,6.0,18.8,0.0
176.0,1272.0,1.0,0.0,0.0,1.0,0.0,5.0,33.38,0.0
177.0,1272.0,1.0,0.0,0.0,1.0,0.0,5.0,13.81,0.0
177.0,1272.0,1.0,0.0,0.0,6.0,0.0,6.0,482.5,1.0
178.0,1272.0,1.0,0.0,0.0,1.0,0.0,5.0,20.67,0.0
179.0,1272.0,1.0,0.0,0.0,1.0,0.0,5.0,3.63,0.0
110.0,1277.0,1.0,0.0,0.0,0.0,0.0,5.0,11.04,0.0
111.0,1277.0,1.0,0.0,0.0,0.0,0.0,5.0,2.4,0.0
112.0,1277.0,1.0,0.0,0.0,6.0,0.0,6.0,383.71,1.0
112.0,1277.0,1.0,0.0,0.0,9.0,0.0,10.0,37.41,0.0
113.0,1277.0,1.0,0.0,0.0,0.0,0.0,5.0,45.63,0.0
28.0,1279.0,2.0,1.0,0.0,0.0,0.0,5.0,45.81,0.0
29.0,1279.0,2.0,1.0,0.0,0.0,0.0,5.0,2.56,0.0
30.0,1279.0,2.0,1.0,0.0,22.0,0.0,12.0,207.63,1.0
30.0,1279.0,2.0,1.0,0.0,0.0,0.0,5.0,14.27,0.0
31.0,1279.0,2.0,1.0,0.0,0.0,0.0,5.0,16.54,0.0
32.0,1279.0,2.0,1.0,0.0,0.0,0.0,5.0,32.4,0.0
34.0,1279.0,2.0,1.0,0.0,22.0,0.0,12.0,310.53,1.0
34.0,1279.0,2.0,1.0,0.0,0.0,0.0,5.0,10.73,0.0
35.0,1279.0,2.0,1.0,0.0,22.0,0.0,12.0,549.03,1.0
35.0,1279.0,2.0,1.0,0.0,0.0,0.0,5.0,1.76,0.0
36.0,1279.0,2.0,1.0,0.0,0.0,0.0,5.0,6.01,0.0
89.0,1279.0,2.0,1.0,0.0,0.0,0.0,5.0,38.1,0.0
90.0,1279.0,2.0,1.0,0.0,0.0,0.0,5.0,1.39,0.0
91.0,1279.0,2.0,1.0,0.0,6.0,0.0,6.0,270.59,1.0
91.0,1279.0,2.0,1.0,0.0,15.0,0.0,13.0,25.28,0.0
91.0,1279.0,2.0,1.0,0.0,44.0,0.0,13.0,86.44,0.0
111.0,1282.0,4.0,0.0,0.0,0.0,0.0,5.0,15.48,0.0
112.0,1282.0,4.0,0.0,0.0,0.0,0.0,5.0,10.78,0.0
112.0,1282.0,4.0,0.0,0.0,6.0,0.0,6.0,198.92,1.0
113.0,1282.0,4.0,0.0,0.0,0.0,0.0,5.0,52.91,0.0
114.0,1282.0,4.0,0.0,0.0,0.0,0.0,5.0,57.87,0.0
115.0,1282.0,4.0,0.0,0.0,0.0,0.0,5.0,2.87,0.0
116.0,1282.0,4.0,0.0,0.0,0.0,0.0,5.0,29.92,0.0
116.0,1282.0,4.0,0.0,0.0,3.0,0.0,7.0,130.31,1.0
118.0,1282.0,4.0,0.0,0.0,0.0,0.0,5.0,40.8,0.0
118.0,1282.0,4.0,0.0,0.0,12.0,0.0,13.0,381.71,1.0
119.0,1282.0,4.0,0.0,0.0,0.0,0.0,5.0,25.53,0.0
120.0,1282.0,4.0,0.0,0.0,0.0,0.0,5.0,30.14,0.0
105.0,1294.0,1.0,0.0,0.0,7.0,0.0,6.0,57.15,0.0
105.0,1294.0,1.0,0.0,0.0,2.0,0.0,6.0,107.36,0.0
113.0,1294.0,1.0,0.0,0.0,6.0,0.0,6.0,757.98,1.0
134.0,1294.0,1.0,0.0,0.0,6.0,0.0,6.0,29.72,0.0
129.0,1294.0,1.0,0.0,0.0,13.0,0.0,14.0,115.03,1.0
134.0,1294.0,1.0,0.0,0.0,7.0,0.0,6.0,45.91,0.0
54.0,1304.0,0.0,1.0,0.0,7.0,0.0,6.0,114.49,0.0
54.0,1304.0,0.0,1.0,0.0,2.0,0.0,6.0,51.03,0.0
99.0,1304.0,0.0,1.0,0.0,16.0,0.0,16.0,150.44,1.0
104.0,1304.0,0.0,1.0,0.0,12.0,0.0,13.0,107.65,0.0
106.0,1304.0,0.0,1.0,0.0,3.0,0.0,7.0,90.83,0.0
125.0,1304.0,0.0,1.0,0.0,12.0,0.0,13.0,43.89,0.0
125.0,1304.0,0.0,1.0,0.0,21.0,0.0,13.0,99.37,0.0
133.0,1304.0,0.0,1.0,0.0,35.0,0.0,18.0,1143.5,1.0
144.0,1304.0,0.0,1.0,0.0,12.0,0.0,13.0,23.84,0.0
141.0,1304.0,0.0,1.0,0.0,35.0,0.0,18.0,5739.93,1.0
144.0,1304.0,0.0,1.0,0.0,21.0,0.0,13.0,68.0,0.0
158.0,1304.0,0.0,1.0,0.0,21.0,0.0,13.0,114.26,0.0
169.0,1304.0,0.0,1.0,0.0,6.0,0.0,6.0,30.13,0.0
174.0,1304.0,0.0,1.0,0.0,6.0,0.0,6.0,550.52,1.0
58.0,1308.0,1.0,0.0,0.0,1.0,0.0,5.0,22.92,0.0
59.0,1308.0,1.0,0.0,0.0,1.0,0.0,5.0,0.76,0.0
59.0,1308.0,1.0,0.0,0.0,22.0,0.0,12.0,917.47,1.0
60.0,1308.0,1.0,0.0,0.0,1.0,0.0,5.0,28.68,0.0
61.0,1308.0,1.0,0.0,0.0,5.0,0.0,8.0,82.46,0.0
112.0,1308.0,1.0,0.0,0.0,6.0,0.0,6.0,14.22,0.0
121.0,1308.0,1.0,0.0,0.0,12.0,0.0,13.0,77.65,0.0
135.0,1308.0,1.0,0.0,0.0,12.0,0.0,13.0,102.81,1.0
137.0,1308.0,1.0,0.0,0.0,11.0,0.0,12.0,106.03,0.0
142.0,1308.0,1.0,0.0,0.0,6.0,0.0,6.0,137.42,0.0
97.0,1319.0,1.0,1.0,0.0,1.0,0.0,5.0,14.86,0.0
98.0,1319.0,1.0,1.0,0.0,1.0,0.0,5.0,31.44,0.0
99.0,1319.0,1.0,1.0,0.0,20.0,0.0,13.0,156.52,1.0
99.0,1319.0,1.0,1.0,0.0,1.0,0.0,5.0,56.58,0.0
100.0,1319.0,1.0,1.0,0.0,1.0,0.0,5.0,49.17,0.0
31.0,1322.0,1.0,1.0,0.0,4.0,0.0,6.0,238.4,0.0
31.0,1322.0,1.0,1.0,0.0,42.0,0.0,6.0,25.65,0.0
31.0,1322.0,1.0,1.0,0.0,6.0,0.0,6.0,291.34,1.0
32.0,1322.0,1.0,1.0,0.0,1.0,0.0,5.0,9.29,0.0
33.0,1322.0,1.0,1.0,0.0,1.0,0.0,5.0,2.88,0.0
48.0,1322.0,1.0,1.0,0.0,1.0,0.0,5.0,37.75,0.0
49.0,1322.0,1.0,1.0,0.0,1.0,0.0,5.0,39.53,0.0
50.0,1322.0,1.0,1.0,0.0,6.0,0.0,6.0,8.52,1.0
50.0,1322.0,1.0,1.0,0.0,1.0,0.0,5.0,12.38,0.0
51.0,1322.0,1.0,1.0,0.0,1.0,0.0,5.0,15.6,0.0
68.0,1322.0,1.0,1.0,0.0,1.0,0.0,5.0,20.53,0.0
69.0,1322.0,1.0,1.0,0.0,1.0,0.0,5.0,6.6,0.0
70.0,1322.0,1.0,1.0,0.0,22.0,0.0,12.0,136.52,1.0
70.0,1322.0,1.0,1.0,0.0,1.0,0.0,5.0,24.46,0.0
71.0,1322.0,1.0,1.0,0.0,1.0,0.0,5.0,23.15,0.0
108.0,1322.0,1.0,1.0,0.0,0.0,0.0,5.0,61.28,0.0
108.0,1322.0,1.0,1.0,0.0,1.0,0.0,5.0,30.69,0.0
110.0,1322.0,1.0,1.0,0.0,13.0,0.0,14.0,178.88,1.0
110.0,1322.0,1.0,1.0,0.0,1.0,0.0,5.0,69.22,0.0
111.0,1322.0,1.0,1.0,0.0,1.0,0.0,5.0,15.63,0.0
19.0,1327.0,3.0,1.0,0.0,0.0,0.0,5.0,22.12,0.0
20.0,1327.0,3.0,1.0,0.0,0.0,0.0,5.0,18.49,0.0
20.0,1327.0,3.0,1.0,0.0,3.0,0.0,7.0,876.23,1.0
21.0,1327.0,3.0,1.0,0.0,0.0,0.0,5.0,32.81,0.0
22.0,1327.0,3.0,1.0,0.0,0.0,0.0,5.0,13.25,0.0
27.0,1327.0,3.0,1.0,0.0,0.0,0.0,5.0,84.03,0.0
28.0,1327.0,3.0,1.0,0.0,0.0,0.0,5.0,44.8,0.0
28.0,1327.0,3.0,1.0,0.0,6.0,0.0,6.0,1174.68,1.0
29.0,1327.0,3.0,1.0,0.0,0.0,0.0,5.0,52.46,0.0
30.0,1327.0,3.0,1.0,0.0,0.0,0.0,5.0,40.79,0.0
35.0,1327.0,3.0,1.0,0.0,0.0,0.0,5.0,25.26,0.0
37.0,1327.0,3.0,1.0,0.0,0.0,0.0,5.0,13.59,0.0
37.0,1327.0,3.0,1.0,0.0,6.0,0.0,6.0,408.29,1.0
38.0,1327.0,3.0,1.0,0.0,0.0,0.0,5.0,17.87,0.0
39.0,1327.0,3.0,1.0,0.0,0.0,0.0,5.0,27.79,0.0
40.0,1327.0,3.0,1.0,0.0,0.0,0.0,5.0,37.34,0.0
41.0,1327.0,3.0,1.0,0.0,13.0,0.0,14.0,58.68,1.0
42.0,1327.0,3.0,1.0,0.0,0.0,0.0,5.0,28.65,0.0
43.0,1327.0,3.0,1.0,0.0,0.0,0.0,5.0,0.2,0.0
148.0,1327.0,3.0,1.0,0.0,1.0,0.0,5.0,42.88,0.0
149.0,1327.0,3.0,1.0,0.0,1.0,0.0,5.0,28.79,0.0
150.0,1327.0,3.0,1.0,0.0,6.0,0.0,6.0,665.33,1.0
151.0,1327.0,3.0,1.0,0.0,28.0,0.0,13.0,58.13,0.0
152.0,1327.0,3.0,1.0,0.0,0.0,0.0,5.0,15.4,0.0
127.0,1336.0,0.0,0.0,0.0,12.0,0.0,13.0,94.65,0.0
132.0,1336.0,0.0,0.0,0.0,25.0,0.0,15.0,11.87,0.0
159.0,1336.0,0.0,0.0,0.0,12.0,0.0,13.0,49.29,1.0
161.0,1336.0,0.0,0.0,0.0,35.0,0.0,18.0,5646.51,1.0
166.0,1336.0,0.0,0.0,0.0,6.0,0.0,6.0,191.79,1.0
169.0,1336.0,0.0,0.0,0.0,13.0,0.0,14.0,263.92,1.0
171.0,1336.0,0.0,0.0,0.0,41.0,0.0,19.0,258.74,1.0
172.0,1336.0,0.0,0.0,0.0,16.0,0.0,16.0,485.49,1.0
172.0,1336.0,0.0,0.0,0.0,13.0,0.0,14.0,152.45,1.0
173.0,1336.0,0.0,0.0,0.0,12.0,0.0,13.0,225.79,1.0
173.0,1336.0,0.0,0.0,0.0,6.0,0.0,6.0,49.49,1.0
175.0,1336.0,0.0,0.0,0.0,6.0,0.0,6.0,460.77,1.0
137.0,1350.0,2.0,0.0,0.0,0.0,0.0,5.0,28.4,0.0
138.0,1350.0,2.0,0.0,0.0,0.0,0.0,5.0,62.28,0.0
139.0,1350.0,2.0,0.0,0.0,26.0,0.0,12.0,513.71,1.0
139.0,1350.0,2.0,0.0,0.0,0.0,0.0,5.0,58.14,0.0
140.0,1350.0,2.0,0.0,0.0,0.0,0.0,5.0,43.4,0.0
93.0,1351.0,3.0,0.0,0.0,1.0,0.0,5.0,37.58,0.0
94.0,1351.0,3.0,0.0,0.0,1.0,0.0,5.0,6.24,0.0
95.0,1351.0,3.0,0.0,0.0,3.0,0.0,7.0,330.5,1.0
95.0,1351.0,3.0,0.0,0.0,1.0,0.0,5.0,21.94,0.0
97.0,1351.0,3.0,0.0,0.0,1.0,0.0,5.0,6.09,0.0
101.0,1351.0,3.0,0.0,0.0,1.0,0.0,5.0,49.54,0.0
102.0,1351.0,3.0,0.0,0.0,5.0,0.0,8.0,92.31,0.0
103.0,1351.0,3.0,0.0,0.0,3.0,0.0,7.0,469.63,1.0
103.0,1351.0,3.0,0.0,0.0,1.0,0.0,5.0,41.39,0.0
104.0,1351.0,3.0,0.0,0.0,1.0,0.0,5.0,11.4,0.0
136.0,1351.0,3.0,0.0,0.0,1.0,0.0,5.0,48.36,0.0
138.0,1351.0,3.0,0.0,0.0,5.0,0.0,8.0,32.76,0.0
139.0,1351.0,3.0,0.0,0.0,22.0,0.0,12.0,324.5,1.0
139.0,1351.0,3.0,0.0,0.0,1.0,0.0,5.0,21.01,0.0
140.0,1351.0,3.0,0.0,0.0,1.0,0.0,5.0,19.76,0.0
98.0,1352.0,1.0,0.0,0.0,1.0,0.0,5.0,43.88,0.0
99.0,1352.0,1.0,0.0,0.0,1.0,0.0,5.0,11.99,0.0
99.0,1352.0,1.0,0.0,0.0,39.0,0.0,18.0,5417.33,1.0
100.0,1352.0,1.0,0.0,0.0,1.0,0.0,5.0,17.12,0.0
101.0,1352.0,1.0,0.0,0.0,1.0,0.0,5.0,2.23,0.0
143.0,1352.0,1.0,0.0,0.0,0.0,0.0,5.0,18.68,0.0
144.0,1352.0,1.0,0.0,0.0,0.0,0.0,5.0,65.64,0.0
145.0,1352.0,1.0,0.0,0.0,22.0,0.0,12.0,249.78,1.0
145.0,1352.0,1.0,0.0,0.0,0.0,0.0,5.0,11.61,0.0
146.0,1352.0,1.0,0.0,0.0,9.0,0.0,10.0,9.53,0.0
144.0,1359.0,1.0,0.0,0.0,0.0,0.0,5.0,10.95,0.0
146.0,1359.0,1.0,0.0,0.0,36.0,0.0,15.0,92.62,0.0
149.0,1359.0,1.0,0.0,0.0,22.0,0.0,12.0,465.03,1.0
150.0,1359.0,1.0,0.0,0.0,0.0,0.0,5.0,21.9,0.0
150.0,1359.0,1.0,0.0,0.0,1.0,0.0,5.0,43.66,0.0
9.0,1362.0,2.0,1.0,0.0,0.0,0.0,5.0,47.33,0.0
10.0,1362.0,2.0,1.0,0.0,0.0,0.0,5.0,31.09,0.0
10.0,1362.0,2.0,1.0,0.0,10.0,0.0,11.0,202.33,1.0
11.0,1362.0,2.0,1.0,0.0,0.0,0.0,5.0,18.31,0.0
12.0,1362.0,2.0,1.0,0.0,0.0,0.0,5.0,37.95,0.0
86.0,1362.0,2.0,1.0,0.0,0.0,0.0,5.0,37.16,0.0
87.0,1362.0,2.0,1.0,0.0,0.0,0.0,5.0,6.15,0.0
87.0,1362.0,2.0,1.0,0.0,6.0,0.0,6.0,290.32,1.0
88.0,1362.0,2.0,1.0,0.0,0.0,0.0,5.0,30.3,0.0
89.0,1362.0,2.0,1.0,0.0,0.0,0.0,5.0,29.21,0.0
112.0,1369.0,1.0,0.0,0.0,0.0,0.0,5.0,22.92,0.0
113.0,1369.0,1.0,0.0,0.0,0.0,0.0,5.0,17.93,0.0
113.0,1369.0,1.0,0.0,0.0,12.0,0.0,13.0,189.58,1.0
114.0,1369.0,1.0,0.0,0.0,0.0,0.0,5.0,0.29,0.0
115.0,1369.0,1.0,0.0,0.0,0.0,0.0,5.0,1.49,0.0
90.0,1373.0,1.0,1.0,0.0,21.0,0.0,13.0,34.34,0.0
91.0,1373.0,1.0,1.0,0.0,6.0,0.0,6.0,302.4,0.0
123.0,1373.0,1.0,1.0,0.0,22.0,0.0,12.0,216.09,1.0
131.0,1373.0,1.0,1.0,0.0,12.0,0.0,13.0,120.07,0.0
139.0,1373.0,1.0,1.0,0.0,17.0,0.0,9.0,29.93,0.0
157.0,1376.0,0.0,1.0,0.0,6.0,0.0,6.0,53.91,0.0
159.0,1376.0,0.0,1.0,0.0,3.0,0.0,7.0,185.56,0.0
160.0,1376.0,0.0,1.0,0.0,3.0,0.0,7.0,26.71,1.0
168.0,1376.0,0.0,1.0,0.0,6.0,0.0,6.0,137.03,0.0
168.0,1376.0,0.0,1.0,0.0,4.0,0.0,6.0,36.34,0.0
171.0,1376.0,0.0,1.0,0.0,1.0,0.0,5.0,49.19,0.0
172.0,1376.0,0.0,1.0,0.0,1.0,0.0,5.0,22.73,0.0
172.0,1376.0,0.0,1.0,0.0,6.0,0.0,6.0,170.13,1.0
173.0,1376.0,0.0,1.0,0.0,1.0,0.0,5.0,7.66,0.0
174.0,1376.0,0.0,1.0,0.0,1.0,0.0,5.0,33.58,0.0
43.0,1379.0,1.0,1.0,0.0,0.0,0.0,5.0,5.22,0.0
45.0,1379.0,1.0,1.0,0.0,0.0,0.0,5.0,71.58,0.0
45.0,1379.0,1.0,1.0,0.0,20.0,0.0,13.0,295.69,1.0
46.0,1379.0,1.0,1.0,0.0,0.0,0.0,5.0,53.79,0.0
47.0,1379.0,1.0,1.0,0.0,0.0,0.0,5.0,29.59,0.0
48.0,1379.0,1.0,1.0,0.0,0.0,0.0,5.0,21.73,0.0
49.0,1379.0,1.0,1.0,0.0,0.0,0.0,5.0,29.98,0.0
49.0,1379.0,1.0,1.0,0.0,10.0,0.0,11.0,109.25,1.0
50.0,1379.0,1.0,1.0,0.0,0.0,0.0,5.0,28.89,0.0
50.0,1379.0,1.0,1.0,0.0,35.0,0.0,18.0,1262.35,1.0
51.0,1379.0,1.0,1.0,0.0,0.0,0.0,5.0,32.56,0.0
53.0,1379.0,1.0,1.0,0.0,0.0,0.0,5.0,19.07,0.0
55.0,1379.0,1.0,1.0,0.0,0.0,0.0,5.0,28.18,0.0
56.0,1379.0,1.0,1.0,0.0,6.0,0.0,6.0,320.13,1.0
56.0,1379.0,1.0,1.0,0.0,0.0,0.0,5.0,24.94,0.0
57.0,1379.0,1.0,1.0,0.0,0.0,0.0,5.0,37.17,0.0
19.0,1389.0,0.0,1.0,0.0,1.0,0.0,5.0,9.69,0.0
20.0,1389.0,0.0,1.0,0.0,5.0,0.0,8.0,8.39,0.0
21.0,1389.0,0.0,1.0,0.0,6.0,0.0,6.0,633.78,1.0
21.0,1389.0,0.0,1.0,0.0,1.0,0.0,5.0,29.48,0.0
22.0,1389.0,0.0,1.0,0.0,1.0,0.0,5.0,13.58,0.0
23.0,1389.0,0.0,1.0,0.0,5.0,0.0,8.0,1.25,0.0
23.0,1389.0,0.0,1.0,0.0,22.0,0.0,12.0,479.95,1.0
24.0,1389.0,0.0,1.0,0.0,1.0,0.0,5.0,37.68,0.0
25.0,1389.0,0.0,1.0,0.0,1.0,0.0,5.0,33.26,0.0
131.0,1389.0,0.0,1.0,0.0,1.0,0.0,5.0,29.83,0.0
132.0,1389.0,0.0,1.0,0.0,1.0,0.0,5.0,13.5,0.0
132.0,1389.0,0.0,1.0,0.0,6.0,0.0,6.0,881.97,1.0
133.0,1389.0,0.0,1.0,0.0,1.0,0.0,5.0,23.92,0.0
134.0,1389.0,0.0,1.0,0.0,28.0,0.0,13.0,131.11,0.0
166.0,1392.0,1.0,1.0,0.0,0.0,0.0,5.0,8.53,0.0
167.0,1392.0,1.0,1.0,0.0,0.0,0.0,5.0,41.7,0.0
167.0,1392.0,1.0,1.0,0.0,20.0,0.0,13.0,665.98,1.0
168.0,1392.0,1.0,1.0,0.0,0.0,0.0,5.0,47.11,0.0
169.0,1392.0,1.0,1.0,0.0,0.0,0.0,5.0,16.5,0.0
173.0,1392.0,1.0,1.0,0.0,9.0,0.0,10.0,39.28,0.0
174.0,1392.0,1.0,1.0,0.0,7.0,0.0,6.0,428.79,0.0
174.0,1392.0,1.0,1.0,0.0,20.0,0.0,13.0,182.97,1.0
55.0,1394.0,1.0,0.0,0.0,1.0,0.0,5.0,44.79,0.0
56.0,1394.0,1.0,0.0,0.0,1.0,0.0,5.0,2.88,0.0
58.0,1394.0,1.0,0.0,0.0,9.0,0.0,10.0,197.97,1.0
59.0,1394.0,1.0,0.0,0.0,1.0,0.0,5.0,31.23,0.0
60.0,1394.0,1.0,0.0,0.0,5.0,0.0,8.0,43.91,0.0
92.0,1396.0,3.0,0.0,0.0,15.0,0.0,13.0,84.71,0.0
92.0,1396.0,3.0,0.0,0.0,44.0,0.0,13.0,48.03,0.0
92.0,1396.0,3.0,0.0,0.0,12.0,0.0,13.0,275.63,1.0
93.0,1396.0,3.0,0.0,0.0,0.0,0.0,5.0,54.37,0.0
94.0,1396.0,3.0,0.0,0.0,0.0,0.0,5.0,42.92,0.0
0.0,1397.0,3.0,1.0,0.0,30.0,0.0,16.0,79.58,0.0
7.0,1397.0,3.0,1.0,0.0,35.0,0.0,18.0,3065.22,1.0
13.0,1397.0,3.0,1.0,0.0,0.0,0.0,5.0,42.2,0.0
14.0,1397.0,3.0,1.0,0.0,0.0,0.0,5.0,15.18,0.0
15.0,1397.0,3.0,1.0,0.0,0.0,0.0,5.0,33.37,0.0
16.0,1397.0,3.0,1.0,0.0,0.0,0.0,5.0,23.54,0.0
16.0,1397.0,3.0,1.0,0.0,22.0,0.0,12.0,121.69,1.0
17.0,1397.0,3.0,1.0,0.0,0.0,0.0,5.0,50.46,0.0
18.0,1397.0,3.0,1.0,0.0,0.0,0.0,5.0,19.03,0.0
107.0,1397.0,3.0,1.0,0.0,0.0,0.0,5.0,26.15,0.0
108.0,1397.0,3.0,1.0,0.0,9.0,0.0,10.0,86.41,0.0
109.0,1397.0,3.0,1.0,0.0,6.0,0.0,6.0,76.72,1.0
109.0,1397.0,3.0,1.0,0.0,0.0,0.0,5.0,49.26,0.0
110.0,1397.0,3.0,1.0,0.0,0.0,0.0,5.0,47.62,0.0
125.0,1397.0,3.0,1.0,0.0,0.0,0.0,5.0,36.52,0.0
126.0,1397.0,3.0,1.0,0.0,0.0,0.0,5.0,11.44,0.0
129.0,1397.0,3.0,1.0,0.0,38.0,0.0,19.0,258.45,1.0
129.0,1397.0,3.0,1.0,0.0,0.0,0.0,5.0,30.54,0.0
130.0,1397.0,3.0,1.0,0.0,0.0,0.0,5.0,10.88,0.0
131.0,1397.0,3.0,1.0,0.0,0.0,0.0,5.0,6.16,0.0
132.0,1397.0,3.0,1.0,0.0,6.0,0.0,6.0,17.27,1.0
132.0,1397.0,3.0,1.0,0.0,0.0,0.0,5.0,39.61,0.0
133.0,1397.0,3.0,1.0,0.0,0.0,0.0,5.0,29.08,0.0
137.0,1397.0,3.0,1.0,0.0,9.0,0.0,10.0,26.29,0.0
138.0,1397.0,3.0,1.0,0.0,0.0,0.0,5.0,40.02,0.0
139.0,1397.0,3.0,1.0,0.0,41.0,0.0,19.0,267.75,1.0
139.0,1397.0,3.0,1.0,0.0,0.0,0.0,5.0,58.96,0.0
140.0,1397.0,3.0,1.0,0.0,0.0,0.0,5.0,33.35,0.0
145.0,1397.0,3.0,1.0,0.0,0.0,0.0,5.0,55.87,0.0
146.0,1397.0,3.0,1.0,0.0,0.0,0.0,5.0,38.22,0.0
147.0,1397.0,3.0,1.0,0.0,6.0,0.0,6.0,631.31,1.0
147.0,1397.0,3.0,1.0,0.0,0.0,0.0,5.0,25.24,0.0
148.0,1397.0,3.0,1.0,0.0,0.0,0.0,5.0,59.71,0.0
29.0,1409.0,0.0,0.0,0.0,0.0,0.0,5.0,24.24,0.0
30.0,1409.0,0.0,0.0,0.0,0.0,0.0,5.0,10.63,0.0
31.0,1409.0,0.0,0.0,0.0,38.0,0.0,19.0,369.22,1.0
32.0,1409.0,0.0,0.0,0.0,0.0,0.0,5.0,17.88,0.0
33.0,1409.0,0.0,0.0,0.0,0.0,0.0,5.0,8.29,0.0
87.0,1409.0,0.0,0.0,0.0,0.0,0.0,5.0,36.19,0.0
88.0,1409.0,0.0,0.0,0.0,0.0,0.0,5.0,19.67,0.0
89.0,1409.0,0.0,0.0,0.0,18.0,0.0,9.0,296.45,1.0
89.0,1409.0,0.0,0.0,0.0,0.0,0.0,5.0,43.16,0.0
90.0,1409.0,0.0,0.0,0.0,0.0,0.0,5.0,62.93,0.0
84.0,1411.0,2.0,1.0,0.0,26.0,0.0,12.0,30.33,0.0
87.0,1411.0,2.0,1.0,0.0,2.0,0.0,6.0,44.42,0.0
97.0,1411.0,2.0,1.0,0.0,22.0,0.0,12.0,360.91,1.0
101.0,1411.0,2.0,1.0,0.0,22.0,0.0,12.0,49.49,0.0
149.0,1411.0,2.0,1.0,0.0,3.0,0.0,7.0,307.46,1.0
152.0,1411.0,2.0,1.0,0.0,25.0,0.0,15.0,22.27,0.0
162.0,1411.0,2.0,1.0,0.0,11.0,0.0,12.0,23.45,0.0
170.0,1411.0,2.0,1.0,0.0,38.0,0.0,19.0,248.76,1.0
17.0,1413.0,2.0,1.0,0.0,1.0,0.0,5.0,53.07,0.0
18.0,1413.0,2.0,1.0,0.0,1.0,0.0,5.0,1.42,0.0
19.0,1413.0,2.0,1.0,0.0,3.0,0.0,7.0,148.05,1.0
19.0,1413.0,2.0,1.0,0.0,1.0,0.0,5.0,40.2,0.0
20.0,1413.0,2.0,1.0,0.0,1.0,0.0,5.0,39.88,0.0
21.0,1413.0,2.0,1.0,0.0,1.0,0.0,5.0,16.43,0.0
22.0,1413.0,2.0,1.0,0.0,41.0,0.0,19.0,220.83,1.0
22.0,1413.0,2.0,1.0,0.0,1.0,0.0,5.0,8.31,0.0
23.0,1413.0,2.0,1.0,0.0,1.0,0.0,5.0,3.69,0.0
35.0,1413.0,2.0,1.0,0.0,1.0,0.0,5.0,51.43,0.0
36.0,1413.0,2.0,1.0,0.0,5.0,0.0,8.0,53.92,0.0
36.0,1413.0,2.0,1.0,0.0,15.0,0.0,13.0,523.1,1.0
37.0,1413.0,2.0,1.0,0.0,4.0,0.0,6.0,0.09,0.0
38.0,1413.0,2.0,1.0,0.0,14.0,0.0,15.0,9.37,0.0
138.0,1423.0,1.0,1.0,0.0,48.0,0.0,12.0,97.39,0.0
139.0,1423.0,1.0,1.0,0.0,25.0,0.0,15.0,42.66,0.0
163.0,1423.0,1.0,1.0,0.0,13.0,0.0,14.0,186.42,1.0
6.0,1425.0,1.0,0.0,0.0,3.0,0.0,7.0,18.99,0.0
11.0,1425.0,1.0,0.0,0.0,6.0,0.0,6.0,112.03,0.0
30.0,1425.0,1.0,0.0,0.0,35.0,0.0,18.0,3076.25,1.0
45.0,1425.0,1.0,0.0,0.0,12.0,0.0,13.0,67.22,0.0
47.0,1425.0,1.0,0.0,0.0,25.0,0.0,15.0,59.87,0.0
56.0,1425.0,1.0,0.0,0.0,25.0,0.0,15.0,76.08,0.0
57.0,1425.0,1.0,0.0,0.0,17.0,0.0,9.0,6.17,1.0
95.0,1425.0,1.0,0.0,0.0,20.0,0.0,13.0,96.78,0.0
127.0,1425.0,1.0,0.0,0.0,12.0,0.0,13.0,137.51,0.0
163.0,1425.0,1.0,0.0,0.0,0.0,0.0,5.0,14.37,0.0
164.0,1425.0,1.0,0.0,0.0,0.0,0.0,5.0,26.59,0.0
165.0,1425.0,1.0,0.0,0.0,11.0,0.0,12.0,157.21,1.0
167.0,1425.0,1.0,0.0,0.0,0.0,0.0,5.0,27.22,0.0
168.0,1425.0,1.0,0.0,0.0,0.0,0.0,5.0,24.28,0.0
163.0,1426.0,4.0,1.0,0.0,5.0,0.0,8.0,13.02,0.0
164.0,1426.0,4.0,1.0,0.0,1.0,0.0,5.0,24.92,0.0
164.0,1426.0,4.0,1.0,0.0,22.0,0.0,12.0,378.24,1.0
165.0,1426.0,4.0,1.0,0.0,1.0,0.0,5.0,13.7,0.0
166.0,1426.0,4.0,1.0,0.0,1.0,0.0,5.0,18.15,0.0
72.0,1441.0,2.0,1.0,0.0,0.0,0.0,5.0,22.5,0.0
73.0,1441.0,2.0,1.0,0.0,27.0,0.0,12.0,57.65,0.0
74.0,1441.0,2.0,1.0,0.0,22.0,0.0,12.0,208.29,1.0
74.0,1441.0,2.0,1.0,0.0,0.0,0.0,5.0,32.45,0.0
75.0,1441.0,2.0,1.0,0.0,0.0,0.0,5.0,13.53,0.0
112.0,1445.0,5.0,0.0,0.0,0.0,0.0,5.0,6.88,0.0
113.0,1445.0,5.0,0.0,0.0,0.0,0.0,5.0,10.95,0.0
114.0,1445.0,5.0,0.0,0.0,39.0,0.0,18.0,1045.12,1.0
115.0,1445.0,5.0,0.0,0.0,0.0,0.0,5.0,21.61,0.0
116.0,1445.0,5.0,0.0,0.0,0.0,0.0,5.0,38.58,0.0
127.0,1445.0,5.0,0.0,0.0,0.0,0.0,5.0,37.73,0.0
128.0,1445.0,5.0,0.0,0.0,0.0,0.0,5.0,30.57,0.0
128.0,1445.0,5.0,0.0,0.0,15.0,0.0,13.0,32.73,1.0
130.0,1445.0,5.0,0.0,0.0,0.0,0.0,5.0,16.87,0.0
131.0,1445.0,5.0,0.0,0.0,0.0,0.0,5.0,31.86,0.0
100.0,1448.0,2.0,1.0,0.0,0.0,0.0,5.0,43.04,0.0
101.0,1448.0,2.0,1.0,0.0,0.0,0.0,5.0,7.75,0.0
101.0,1448.0,2.0,1.0,0.0,3.0,0.0,7.0,101.17,1.0
102.0,1448.0,2.0,1.0,0.0,0.0,0.0,5.0,36.6,0.0
103.0,1448.0,2.0,1.0,0.0,32.0,0.0,11.0,195.57,0.0
105.0,1448.0,2.0,1.0,0.0,31.0,0.0,9.0,61.81,0.0
112.0,1448.0,2.0,1.0,0.0,6.0,0.0,6.0,18.22,0.0
127.0,1448.0,2.0,1.0,0.0,35.0,0.0,18.0,1087.51,1.0
127.0,1448.0,2.0,1.0,0.0,6.0,0.0,6.0,244.67,0.0
127.0,1448.0,2.0,1.0,0.0,2.0,0.0,6.0,118.99,0.0
144.0,1448.0,2.0,1.0,0.0,2.0,0.0,6.0,52.04,0.0
152.0,1448.0,2.0,1.0,0.0,12.0,0.0,13.0,28.3,0.0
156.0,1448.0,2.0,1.0,0.0,22.0,0.0,12.0,780.86,1.0
174.0,1448.0,2.0,1.0,0.0,25.0,0.0,15.0,31.69,0.0
177.0,1448.0,2.0,1.0,0.0,12.0,0.0,13.0,1.16,0.0
45.0,1453.0,1.0,1.0,0.0,0.0,0.0,5.0,21.87,0.0
46.0,1453.0,1.0,1.0,0.0,0.0,0.0,5.0,11.82,0.0
47.0,1453.0,1.0,1.0,0.0,17.0,0.0,9.0,25.03,1.0
47.0,1453.0,1.0,1.0,0.0,0.0,0.0,5.0,6.21,0.0
48.0,1453.0,1.0,1.0,0.0,0.0,0.0,5.0,38.09,0.0
122.0,1457.0,2.0,1.0,0.0,7.0,0.0,6.0,11.45,0.0
124.0,1457.0,2.0,1.0,0.0,20.0,0.0,13.0,39.55,0.0
138.0,1457.0,2.0,1.0,0.0,25.0,0.0,15.0,189.32,1.0
139.0,1457.0,2.0,1.0,0.0,12.0,0.0,13.0,150.22,0.0
140.0,1457.0,2.0,1.0,0.0,13.0,0.0,14.0,16.43,0.0
162.0,1458.0,2.0,0.0,0.0,0.0,0.0,5.0,5.74,0.0
163.0,1458.0,2.0,0.0,0.0,0.0,0.0,5.0,13.09,0.0
163.0,1458.0,2.0,0.0,0.0,18.0,0.0,9.0,392.69,1.0
164.0,1458.0,2.0,0.0,0.0,0.0,0.0,5.0,26.32,0.0
165.0,1458.0,2.0,0.0,0.0,0.0,0.0,5.0,43.78,0.0
120.0,1459.0,1.0,0.0,0.0,1.0,0.0,5.0,21.79,0.0
122.0,1459.0,1.0,0.0,0.0,1.0,0.0,5.0,47.29,0.0
122.0,1459.0,1.0,0.0,0.0,3.0,0.0,7.0,16.95,1.0
123.0,1459.0,1.0,0.0,0.0,5.0,0.0,8.0,65.52,0.0
124.0,1459.0,1.0,0.0,0.0,1.0,0.0,5.0,8.77,0.0
3.0,1461.0,1.0,0.0,0.0,15.0,0.0,13.0,4.17,0.0
4.0,1461.0,1.0,0.0,0.0,20.0,0.0,13.0,56.95,0.0
41.0,1461.0,1.0,0.0,0.0,6.0,0.0,6.0,391.05,1.0
43.0,1461.0,1.0,0.0,0.0,12.0,0.0,13.0,103.86,0.0
42.0,1461.0,1.0,0.0,0.0,9.0,0.0,10.0,335.35,1.0
53.0,1461.0,1.0,0.0,0.0,13.0,0.0,14.0,45.92,0.0
63.0,1473.0,0.0,0.0,0.0,0.0,0.0,5.0,12.85,0.0
64.0,1473.0,0.0,0.0,0.0,0.0,0.0,5.0,30.08,0.0
64.0,1473.0,0.0,0.0,0.0,35.0,0.0,18.0,1856.82,1.0
65.0,1473.0,0.0,0.0,0.0,0.0,0.0,5.0,25.85,0.0
66.0,1473.0,0.0,0.0,0.0,15.0,0.0,13.0,96.25,0.0
132.0,1473.0,0.0,0.0,0.0,13.0,0.0,14.0,29.67,0.0
133.0,1473.0,0.0,0.0,0.0,0.0,0.0,5.0,22.05,0.0
133.0,1473.0,0.0,0.0,0.0,21.0,0.0,13.0,84.46,1.0
135.0,1473.0,0.0,0.0,0.0,0.0,0.0,5.0,11.33,0.0
136.0,1473.0,0.0,0.0,0.0,0.0,0.0,5.0,29.99,0.0
70.0,1475.0,4.0,1.0,0.0,17.0,0.0,9.0,230.15,0.0
80.0,1475.0,4.0,1.0,0.0,22.0,0.0,12.0,6.76,0.0
83.0,1475.0,4.0,1.0,0.0,22.0,0.0,12.0,170.84,1.0
90.0,1475.0,4.0,1.0,0.0,7.0,0.0,6.0,29.06,0.0
111.0,1475.0,4.0,1.0,0.0,22.0,0.0,12.0,182.68,0.0
172.0,1475.0,4.0,1.0,0.0,6.0,0.0,6.0,47.49,0.0
172.0,1475.0,4.0,1.0,0.0,2.0,0.0,6.0,53.41,0.0
176.0,1475.0,4.0,1.0,0.0,22.0,0.0,12.0,6.11,1.0
44.0,1477.0,4.0,0.0,0.0,30.0,0.0,16.0,30.58,0.0
47.0,1477.0,4.0,0.0,0.0,20.0,0.0,13.0,24.05,0.0
58.0,1477.0,4.0,0.0,0.0,19.0,0.0,9.0,1135.16,1.0
81.0,1477.0,4.0,0.0,0.0,9.0,0.0,10.0,3.01,0.0
82.0,1477.0,4.0,0.0,0.0,9.0,0.0,10.0,57.46,0.0
113.0,1477.0,4.0,0.0,0.0,1.0,0.0,5.0,28.74,0.0
114.0,1477.0,4.0,0.0,0.0,1.0,0.0,5.0,46.68,0.0
114.0,1477.0,4.0,0.0,0.0,17.0,0.0,9.0,474.99,1.0
115.0,1477.0,4.0,0.0,0.0,1.0,0.0,5.0,53.84,0.0
116.0,1477.0,4.0,0.0,0.0,1.0,0.0,5.0,6.17,0.0
153.0,1477.0,4.0,0.0,0.0,1.0,0.0,5.0,48.44,0.0
154.0,1477.0,4.0,0.0,0.0,1.0,0.0,5.0,36.59,0.0
154.0,1477.0,4.0,0.0,0.0,38.0,0.0,19.0,303.91,1.0
155.0,1477.0,4.0,0.0,0.0,1.0,0.0,5.0,53.75,0.0
156.0,1477.0,4.0,0.0,0.0,1.0,0.0,5.0,38.74,0.0
60.0,1478.0,0.0,1.0,0.0,0.0,0.0,5.0,11.86,0.0
61.0,1478.0,0.0,1.0,0.0,0.0,0.0,5.0,62.46,0.0
62.0,1478.0,0.0,1.0,0.0,11.0,0.0,12.0,212.03,1.0
62.0,1478.0,0.0,1.0,0.0,0.0,0.0,5.0,2.68,0.0
63.0,1478.0,0.0,1.0,0.0,32.0,0.0,11.0,156.05,0.0
116.0,1478.0,0.0,1.0,0.0,1.0,0.0,5.0,1.93,0.0
117.0,1478.0,0.0,1.0,0.0,1.0,0.0,5.0,25.56,0.0
119.0,1478.0,0.0,1.0,0.0,6.0,0.0,6.0,723.43,1.0
119.0,1478.0,0.0,1.0,0.0,1.0,0.0,5.0,28.67,0.0
120.0,1478.0,0.0,1.0,0.0,1.0,0.0,5.0,28.17,0.0
174.0,1479.0,2.0,0.0,0.0,0.0,0.0,5.0,39.53,0.0
175.0,1479.0,2.0,0.0,0.0,13.0,0.0,14.0,45.53,0.0
175.0,1479.0,2.0,0.0,0.0,2.0,0.0,6.0,804.99,1.0
176.0,1479.0,2.0,0.0,0.0,0.0,0.0,5.0,2.9,0.0
177.0,1479.0,2.0,0.0,0.0,0.0,0.0,5.0,29.88,0.0
134.0,1481.0,0.0,1.0,0.0,6.0,0.0,6.0,14.58,0.0
134.0,1481.0,0.0,1.0,0.0,2.0,0.0,6.0,39.29,0.0
140.0,1481.0,0.0,1.0,0.0,12.0,0.0,13.0,106.44,1.0
152.0,1481.0,0.0,1.0,0.0,13.0,0.0,14.0,42.01,0.0
153.0,1481.0,0.0,1.0,0.0,0.0,0.0,5.0,19.66,0.0
156.0,1489.0,1.0,0.0,0.0,6.0,0.0,6.0,116.21,0.0
156.0,1489.0,1.0,0.0,0.0,2.0,0.0,6.0,94.79,0.0
157.0,1489.0,1.0,0.0,0.0,22.0,0.0,12.0,108.25,1.0
169.0,1489.0,1.0,0.0,0.0,9.0,0.0,10.0,19.95,0.0
170.0,1489.0,1.0,0.0,0.0,0.0,0.0,5.0,32.9,0.0
175.0,1489.0,1.0,0.0,0.0,0.0,0.0,5.0,18.08,0.0
176.0,1489.0,1.0,0.0,0.0,0.0,0.0,5.0,27.36,0.0
176.0,1489.0,1.0,0.0,0.0,22.0,0.0,12.0,329.08,1.0
177.0,1489.0,1.0,0.0,0.0,0.0,0.0,5.0,37.05,0.0
177.0,1489.0,1.0,0.0,0.0,22.0,0.0,12.0,406.56,1.0
178.0,1489.0,1.0,0.0,0.0,0.0,0.0,5.0,66.53,0.0
179.0,1489.0,1.0,0.0,0.0,37.0,0.0,16.0,373.36,0.0
93.0,1494.0,5.0,0.0,0.0,0.0,0.0,5.0,32.85,0.0
94.0,1494.0,5.0,0.0,0.0,0.0,0.0,5.0,9.33,0.0
94.0,1494.0,5.0,0.0,0.0,22.0,0.0,12.0,407.28,1.0
95.0,1494.0,5.0,0.0,0.0,0.0,0.0,5.0,48.15,0.0
96.0,1494.0,5.0,0.0,0.0,38.0,0.0,19.0,402.0,1.0
96.0,1494.0,5.0,0.0,0.0,0.0,0.0,5.0,12.51,0.0
97.0,1494.0,5.0,0.0,0.0,0.0,0.0,5.0,3.44,0.0
100.0,1494.0,5.0,0.0,0.0,0.0,0.0,5.0,21.72,0.0
101.0,1494.0,5.0,0.0,0.0,0.0,0.0,5.0,50.09,0.0
102.0,1494.0,5.0,0.0,0.0,6.0,0.0,6.0,374.39,1.0
105.0,1494.0,5.0,0.0,0.0,0.0,0.0,5.0,23.34,0.0
105.0,1494.0,5.0,0.0,0.0,3.0,0.0,7.0,100.26,1.0
106.0,1494.0,5.0,0.0,0.0,0.0,0.0,5.0,53.26,0.0
106.0,1494.0,5.0,0.0,0.0,18.0,0.0,9.0,476.54,1.0
107.0,1494.0,5.0,0.0,0.0,0.0,0.0,5.0,13.28,0.0
135.0,1494.0,5.0,0.0,0.0,5.0,0.0,8.0,67.21,0.0
136.0,1494.0,5.0,0.0,0.0,1.0,0.0,5.0,9.97,0.0
137.0,1494.0,5.0,0.0,0.0,9.0,0.0,10.0,275.55,1.0
137.0,1494.0,5.0,0.0,0.0,1.0,0.0,5.0,66.2,0.0
138.0,1494.0,5.0,0.0,0.0,5.0,0.0,8.0,46.02,0.0
164.0,1494.0,5.0,0.0,0.0,5.0,0.0,8.0,39.77,0.0
165.0,1494.0,5.0,0.0,0.0,1.0,0.0,5.0,3.21,0.0
165.0,1494.0,5.0,0.0,0.0,22.0,0.0,12.0,60.19,1.0
166.0,1494.0,5.0,0.0,0.0,1.0,0.0,5.0,23.7,0.0
167.0,1494.0,5.0,0.0,0.0,1.0,0.0,5.0,16.14,0.0
170.0,1494.0,5.0,0.0,0.0,1.0,0.0,5.0,42.77,0.0
171.0,1494.0,5.0,0.0,0.0,1.0,0.0,5.0,22.36,0.0
171.0,1494.0,5.0,0.0,0.0,22.0,0.0,12.0,341.27,1.0
172.0,1494.0,5.0,0.0,0.0,1.0,0.0,5.0,57.29,0.0
173.0,1494.0,5.0,0.0,0.0,28.0,0.0,13.0,66.3,0.0
138.0,1502.0,0.0,1.0,0.0,0.0,0.0,5.0,20.74,0.0
139.0,1502.0,0.0,1.0,0.0,0.0,0.0,5.0,38.56,0.0
140.0,1502.0,0.0,1.0,0.0,12.0,0.0,13.0,184.24,1.0
141.0,1502.0,0.0,1.0,0.0,0.0,0.0,5.0,22.54,0.0
142.0,1502.0,0.0,1.0,0.0,0.0,0.0,5.0,39.2,0.0
165.0,1502.0,0.0,1.0,0.0,1.0,0.0,5.0,53.26,0.0
166.0,1502.0,0.0,1.0,0.0,1.0,0.0,5.0,11.09,0.0
167.0,1502.0,0.0,1.0,0.0,6.0,0.0,6.0,40.15,1.0
167.0,1502.0,0.0,1.0,0.0,1.0,0.0,5.0,37.01,0.0
168.0,1502.0,0.0,1.0,0.0,1.0,0.0,5.0,46.76,0.0
16.0,1505.0,1.0,0.0,0.0,0.0,0.0,5.0,11.11,0.0
17.0,1505.0,1.0,0.0,0.0,0.0,0.0,5.0,55.52,0.0
18.0,1505.0,1.0,0.0,0.0,22.0,0.0,12.0,339.76,1.0
18.0,1505.0,1.0,0.0,0.0,0.0,0.0,5.0,46.32,0.0
19.0,1505.0,1.0,0.0,0.0,0.0,0.0,5.0,82.57,0.0
92.0,1505.0,1.0,0.0,0.0,1.0,0.0,5.0,53.28,0.0
93.0,1505.0,1.0,0.0,0.0,1.0,0.0,5.0,12.12,0.0
94.0,1505.0,1.0,0.0,0.0,18.0,0.0,9.0,417.46,1.0
94.0,1505.0,1.0,0.0,0.0,1.0,0.0,5.0,11.71,0.0
96.0,1505.0,1.0,0.0,0.0,1.0,0.0,5.0,18.62,0.0
104.0,1505.0,1.0,0.0,0.0,1.0,0.0,5.0,20.31,0.0
105.0,1505.0,1.0,0.0,0.0,1.0,0.0,5.0,18.45,0.0
106.0,1505.0,1.0,0.0,0.0,17.0,0.0,9.0,649.14,1.0
107.0,1505.0,1.0,0.0,0.0,1.0,0.0,5.0,1.23,0.0
109.0,1505.0,1.0,0.0,0.0,5.0,0.0,8.0,23.59,0.0
71.0,1506.0,2.0,1.0,0.0,0.0,0.0,5.0,4.6,0.0
72.0,1506.0,2.0,1.0,0.0,0.0,0.0,5.0,28.48,0.0
72.0,1506.0,2.0,1.0,0.0,6.0,0.0,6.0,827.57,1.0
73.0,1506.0,2.0,1.0,0.0,0.0,0.0,5.0,32.27,0.0
74.0,1506.0,2.0,1.0,0.0,0.0,0.0,5.0,16.74,0.0
88.0,1506.0,2.0,1.0,0.0,0.0,0.0,5.0,0.06,0.0
89.0,1506.0,2.0,1.0,0.0,0.0,0.0,5.0,55.22,0.0
89.0,1506.0,2.0,1.0,0.0,6.0,0.0,6.0,45.23,1.0
90.0,1506.0,2.0,1.0,0.0,0.0,0.0,5.0,2.81,0.0
92.0,1506.0,2.0,1.0,0.0,0.0,0.0,5.0,40.24,0.0
92.0,1506.0,2.0,1.0,0.0,12.0,0.0,13.0,111.42,1.0
93.0,1506.0,2.0,1.0,0.0,0.0,0.0,5.0,2.02,0.0
94.0,1506.0,2.0,1.0,0.0,0.0,0.0,5.0,39.19,0.0
115.0,1506.0,2.0,1.0,0.0,0.0,0.0,5.0,39.09,0.0
116.0,1506.0,2.0,1.0,0.0,0.0,0.0,5.0,55.77,0.0
116.0,1506.0,2.0,1.0,0.0,6.0,0.0,6.0,388.79,1.0
117.0,1506.0,2.0,1.0,0.0,0.0,0.0,5.0,4.94,0.0
118.0,1506.0,2.0,1.0,0.0,0.0,0.0,5.0,4.37,0.0
121.0,1509.0,4.0,1.0,0.0,2.0,0.0,6.0,33.64,0.0
125.0,1509.0,4.0,1.0,0.0,25.0,0.0,15.0,22.13,0.0
139.0,1509.0,4.0,1.0,0.0,11.0,0.0,12.0,366.59,1.0
140.0,1509.0,4.0,1.0,0.0,6.0,0.0,6.0,57.58,0.0
140.0,1509.0,4.0,1.0,0.0,7.0,0.0,6.0,64.77,0.0
151.0,1509.0,4.0,1.0,0.0,7.0,0.0,6.0,25.64,0.0
151.0,1509.0,4.0,1.0,0.0,2.0,0.0,6.0,89.44,0.0
153.0,1509.0,4.0,1.0,0.0,19.0,0.0,9.0,1429.04,1.0
167.0,1509.0,4.0,1.0,0.0,12.0,0.0,13.0,260.12,0.0
159.0,1509.0,4.0,1.0,0.0,35.0,0.0,18.0,2147.03,1.0
178.0,1509.0,4.0,1.0,0.0,16.0,0.0,16.0,145.24,0.0
57.0,1511.0,0.0,0.0,0.0,0.0,0.0,5.0,10.16,0.0
58.0,1511.0,0.0,0.0,0.0,0.0,0.0,5.0,44.16,0.0
58.0,1511.0,0.0,0.0,0.0,26.0,0.0,12.0,474.82,1.0
59.0,1511.0,0.0,0.0,0.0,0.0,0.0,5.0,12.43,0.0
60.0,1511.0,0.0,0.0,0.0,0.0,0.0,5.0,2.22,0.0
96.0,1519.0,1.0,0.0,0.0,25.0,0.0,15.0,1.81,0.0
116.0,1519.0,1.0,0.0,0.0,25.0,0.0,15.0,50.45,0.0
177.0,1519.0,1.0,0.0,0.0,11.0,0.0,12.0,837.7,1.0
61.0,1520.0,1.0,1.0,0.0,4.0,0.0,6.0,38.63,0.0
62.0,1520.0,1.0,1.0,0.0,26.0,0.0,12.0,7.32,0.0
73.0,1520.0,1.0,1.0,0.0,38.0,0.0,19.0,300.62,1.0
75.0,1520.0,1.0,1.0,0.0,2.0,0.0,6.0,120.56,0.0
77.0,1520.0,1.0,1.0,0.0,12.0,0.0,13.0,333.57,1.0
84.0,1520.0,1.0,1.0,0.0,11.0,0.0,12.0,17.56,0.0
92.0,1520.0,1.0,1.0,0.0,16.0,0.0,16.0,649.68,1.0
97.0,1520.0,1.0,1.0,0.0,25.0,0.0,15.0,2.68,0.0
99.0,1520.0,1.0,1.0,0.0,12.0,0.0,13.0,76.66,0.0
125.0,1520.0,1.0,1.0,0.0,1.0,0.0,5.0,16.1,0.0
126.0,1520.0,1.0,1.0,0.0,1.0,0.0,5.0,59.44,0.0
126.0,1520.0,1.0,1.0,0.0,38.0,0.0,19.0,285.63,1.0
127.0,1520.0,1.0,1.0,0.0,1.0,0.0,5.0,45.23,0.0
128.0,1520.0,1.0,1.0,0.0,1.0,0.0,5.0,32.46,0.0
157.0,1520.0,1.0,1.0,0.0,1.0,0.0,5.0,2.69,0.0
159.0,1520.0,1.0,1.0,0.0,1.0,0.0,5.0,32.58,0.0
159.0,1520.0,1.0,1.0,0.0,6.0,0.0,6.0,207.08,1.0
160.0,1520.0,1.0,1.0,0.0,1.0,0.0,5.0,45.44,0.0
161.0,1520.0,1.0,1.0,0.0,1.0,0.0,5.0,25.17,0.0
164.0,1520.0,1.0,1.0,0.0,1.0,0.0,5.0,24.52,0.0
165.0,1520.0,1.0,1.0,0.0,1.0,0.0,5.0,36.01,0.0
165.0,1520.0,1.0,1.0,0.0,20.0,0.0,13.0,365.65,1.0
166.0,1520.0,1.0,1.0,0.0,1.0,0.0,5.0,23.1,0.0
167.0,1520.0,1.0,1.0,0.0,1.0,0.0,5.0,45.77,0.0
174.0,1520.0,1.0,1.0,0.0,1.0,0.0,5.0,16.77,0.0
175.0,1520.0,1.0,1.0,0.0,1.0,0.0,5.0,31.24,0.0
176.0,1520.0,1.0,1.0,0.0,18.0,0.0,9.0,280.44,1.0
176.0,1520.0,1.0,1.0,0.0,5.0,0.0,8.0,52.32,0.0
177.0,1520.0,1.0,1.0,0.0,1.0,0.0,5.0,7.74,0.0
38.0,1526.0,0.0,0.0,0.0,2.0,0.0,6.0,15.83,0.0
41.0,1526.0,0.0,0.0,0.0,12.0,0.0,13.0,58.04,0.0
56.0,1526.0,0.0,0.0,0.0,7.0,0.0,6.0,411.01,1.0
70.0,1526.0,0.0,0.0,0.0,6.0,0.0,6.0,57.72,0.0
75.0,1526.0,0.0,0.0,0.0,12.0,0.0,13.0,62.55,0.0
136.0,1529.0,0.0,0.0,0.0,1.0,0.0,5.0,22.95,0.0
137.0,1529.0,0.0,0.0,0.0,5.0,0.0,8.0,74.66,0.0
138.0,1529.0,0.0,0.0,0.0,35.0,0.0,18.0,645.02,1.0
140.0,1529.0,0.0,0.0,0.0,1.0,0.0,5.0,11.38,0.0
141.0,1529.0,0.0,0.0,0.0,1.0,0.0,5.0,3.35,0.0
113.0,1536.0,1.0,0.0,0.0,0.0,0.0,5.0,16.45,0.0
115.0,1536.0,1.0,0.0,0.0,0.0,0.0,5.0,34.8,0.0
115.0,1536.0,1.0,0.0,0.0,12.0,0.0,13.0,541.79,1.0
117.0,1536.0,1.0,0.0,0.0,0.0,0.0,5.0,18.78,0.0
118.0,1536.0,1.0,0.0,0.0,0.0,0.0,5.0,55.03,0.0
155.0,1536.0,1.0,0.0,0.0,13.0,0.0,14.0,29.96,0.0
156.0,1536.0,1.0,0.0,0.0,0.0,0.0,5.0,36.33,0.0
157.0,1536.0,1.0,0.0,0.0,6.0,0.0,6.0,98.84,1.0
157.0,1536.0,1.0,0.0,0.0,0.0,0.0,5.0,30.43,0.0
159.0,1536.0,1.0,0.0,0.0,0.0,0.0,5.0,28.05,0.0
25.0,1540.0,1.0,0.0,0.0,1.0,0.0,5.0,26.0,0.0
26.0,1540.0,1.0,0.0,0.0,1.0,0.0,5.0,44.45,0.0
27.0,1540.0,1.0,0.0,0.0,10.0,0.0,11.0,39.33,1.0
28.0,1540.0,1.0,0.0,0.0,1.0,0.0,5.0,19.87,0.0
29.0,1540.0,1.0,0.0,0.0,22.0,0.0,12.0,940.85,1.0
29.0,1540.0,1.0,0.0,0.0,1.0,0.0,5.0,10.76,0.0
29.0,1540.0,1.0,0.0,0.0,22.0,0.0,12.0,389.04,1.0
30.0,1540.0,1.0,0.0,0.0,43.0,0.0,9.0,119.46,0.0
145.0,1540.0,1.0,0.0,0.0,1.0,0.0,5.0,4.62,0.0
146.0,1540.0,1.0,0.0,0.0,1.0,0.0,5.0,7.27,0.0
146.0,1540.0,1.0,0.0,0.0,22.0,0.0,12.0,379.23,1.0
147.0,1540.0,1.0,0.0,0.0,1.0,0.0,5.0,35.96,0.0
148.0,1540.0,1.0,0.0,0.0,1.0,0.0,5.0,45.88,0.0
151.0,1542.0,0.0,0.0,0.0,0.0,0.0,5.0,5.5,0.0
152.0,1542.0,0.0,0.0,0.0,0.0,0.0,5.0,30.77,0.0
152.0,1542.0,0.0,0.0,0.0,44.0,0.0,13.0,124.35,1.0
153.0,1542.0,0.0,0.0,0.0,0.0,0.0,5.0,29.84,0.0
154.0,1542.0,0.0,0.0,0.0,0.0,0.0,5.0,23.96,0.0
163.0,1548.0,1.0,1.0,0.0,1.0,0.0,5.0,24.91,0.0
164.0,1548.0,1.0,1.0,0.0,5.0,0.0,8.0,45.29,0.0
165.0,1548.0,1.0,1.0,0.0,8.0,0.0,9.0,598.72,1.0
165.0,1548.0,1.0,1.0,0.0,1.0,0.0,5.0,26.95,0.0
166.0,1548.0,1.0,1.0,0.0,1.0,0.0,5.0,22.69,0.0
81.0,1555.0,0.0,0.0,0.0,0.0,0.0,5.0,41.8,0.0
82.0,1555.0,0.0,0.0,0.0,0.0,0.0,5.0,42.71,0.0
82.0,1555.0,0.0,0.0,0.0,35.0,0.0,18.0,1927.71,1.0
83.0,1555.0,0.0,0.0,0.0,0.0,0.0,5.0,13.21,0.0
84.0,1555.0,0.0,0.0,0.0,0.0,0.0,5.0,42.98,0.0
133.0,1555.0,0.0,0.0,0.0,1.0,0.0,5.0,67.41,0.0
134.0,1555.0,0.0,0.0,0.0,1.0,0.0,5.0,19.64,0.0
134.0,1555.0,0.0,0.0,0.0,17.0,0.0,9.0,761.66,1.0
135.0,1555.0,0.0,0.0,0.0,1.0,0.0,5.0,16.95,0.0
136.0,1555.0,0.0,0.0,0.0,5.0,0.0,8.0,43.88,0.0
114.0,1558.0,3.0,1.0,0.0,12.0,0.0,13.0,22.37,0.0
120.0,1558.0,3.0,1.0,0.0,6.0,0.0,6.0,20.72,0.0
134.0,1558.0,3.0,1.0,0.0,6.0,0.0,6.0,137.46,1.0
170.0,1558.0,3.0,1.0,0.0,6.0,0.0,6.0,69.96,0.0
170.0,1558.0,3.0,1.0,0.0,2.0,0.0,6.0,157.22,0.0
62.0,1565.0,0.0,0.0,0.0,6.0,0.0,6.0,17.32,0.0
62.0,1565.0,0.0,0.0,0.0,2.0,0.0,6.0,18.6,0.0
69.0,1565.0,0.0,0.0,0.0,19.0,0.0,9.0,368.69,1.0
121.0,1565.0,0.0,0.0,0.0,12.0,0.0,13.0,71.75,0.0
75.0,1565.0,0.0,0.0,0.0,12.0,0.0,13.0,357.77,1.0
121.0,1565.0,0.0,0.0,0.0,20.0,0.0,13.0,30.42,0.0
166.0,1565.0,0.0,0.0,0.0,23.0,0.0,9.0,163.26,0.0
167.0,1565.0,0.0,0.0,0.0,0.0,0.0,5.0,26.81,0.0
168.0,1565.0,0.0,0.0,0.0,26.0,0.0,12.0,358.35,1.0
168.0,1565.0,0.0,0.0,0.0,0.0,0.0,5.0,12.85,0.0
169.0,1565.0,0.0,0.0,0.0,0.0,0.0,5.0,0.78,0.0
116.0,1566.0,0.0,1.0,0.0,0.0,0.0,5.0,34.04,0.0
117.0,1566.0,0.0,1.0,0.0,0.0,0.0,5.0,35.25,0.0
118.0,1566.0,0.0,1.0,0.0,35.0,0.0,18.0,6260.89,1.0
118.0,1566.0,0.0,1.0,0.0,0.0,0.0,5.0,12.03,0.0
119.0,1566.0,0.0,1.0,0.0,0.0,0.0,5.0,12.36,0.0
95.0,1567.0,1.0,1.0,0.0,0.0,0.0,5.0,31.36,0.0
96.0,1567.0,1.0,1.0,0.0,0.0,0.0,5.0,29.82,0.0
96.0,1567.0,1.0,1.0,0.0,3.0,0.0,7.0,160.66,1.0
97.0,1567.0,1.0,1.0,0.0,0.0,0.0,5.0,34.43,0.0
98.0,1567.0,1.0,1.0,0.0,0.0,0.0,5.0,19.77,0.0
99.0,1568.0,1.0,1.0,0.0,6.0,0.0,6.0,202.73,0.0
99.0,1568.0,1.0,1.0,0.0,7.0,0.0,6.0,15.81,0.0
127.0,1568.0,1.0,1.0,0.0,17.0,0.0,9.0,901.31,1.0
141.0,1568.0,1.0,1.0,0.0,6.0,0.0,6.0,383.25,1.0
177.0,1568.0,1.0,1.0,0.0,38.0,0.0,19.0,247.15,1.0
178.0,1568.0,1.0,1.0,0.0,41.0,0.0,19.0,367.23,1.0
8.0,1572.0,1.0,1.0,0.0,9.0,0.0,10.0,21.97,0.0
11.0,1572.0,1.0,1.0,0.0,30.0,0.0,16.0,223.87,0.0
12.0,1572.0,1.0,1.0,0.0,30.0,0.0,16.0,574.46,1.0
24.0,1572.0,1.0,1.0,0.0,12.0,0.0,13.0,145.87,1.0
29.0,1572.0,1.0,1.0,0.0,16.0,0.0,16.0,953.85,1.0
39.0,1572.0,1.0,1.0,0.0,13.0,0.0,14.0,195.81,1.0
46.0,1572.0,1.0,1.0,0.0,17.0,0.0,9.0,191.41,1.0
59.0,1572.0,1.0,1.0,0.0,35.0,0.0,18.0,3881.78,1.0
62.0,1572.0,1.0,1.0,0.0,6.0,0.0,6.0,713.98,1.0
68.0,1572.0,1.0,1.0,0.0,41.0,0.0,19.0,286.28,1.0
80.0,1572.0,1.0,1.0,0.0,11.0,0.0,12.0,121.05,1.0
80.0,1572.0,1.0,1.0,0.0,16.0,0.0,16.0,418.37,1.0
90.0,1572.0,1.0,1.0,0.0,6.0,0.0,6.0,19.89,0.0
86.0,1572.0,1.0,1.0,0.0,15.0,0.0,13.0,155.04,1.0
91.0,1572.0,1.0,1.0,0.0,22.0,0.0,12.0,548.79,1.0
100.0,1572.0,1.0,1.0,0.0,6.0,0.0,6.0,67.75,0.0
94.0,1572.0,1.0,1.0,0.0,22.0,0.0,12.0,414.87,1.0
100.0,1572.0,1.0,1.0,0.0,2.0,0.0,6.0,38.96,0.0
101.0,1572.0,1.0,1.0,0.0,7.0,0.0,6.0,151.8,0.0
103.0,1572.0,1.0,1.0,0.0,25.0,0.0,15.0,5.38,0.0
118.0,1572.0,1.0,1.0,0.0,16.0,0.0,16.0,162.4,1.0
118.0,1572.0,1.0,1.0,0.0,11.0,0.0,12.0,30.74,1.0
120.0,1572.0,1.0,1.0,0.0,22.0,0.0,12.0,165.73,1.0
126.0,1572.0,1.0,1.0,0.0,6.0,0.0,6.0,398.25,1.0
126.0,1572.0,1.0,1.0,0.0,6.0,0.0,6.0,163.7,1.0
137.0,1572.0,1.0,1.0,0.0,35.0,0.0,18.0,2546.2,1.0
163.0,1572.0,1.0,1.0,0.0,6.0,0.0,6.0,13.63,0.0
155.0,1572.0,1.0,1.0,0.0,12.0,0.0,13.0,640.55,1.0
163.0,1572.0,1.0,1.0,0.0,7.0,0.0,6.0,162.66,0.0
56.0,1578.0,4.0,1.0,0.0,0.0,0.0,5.0,58.86,0.0
57.0,1578.0,4.0,1.0,0.0,0.0,0.0,5.0,52.71,0.0
58.0,1578.0,4.0,1.0,0.0,3.0,0.0,7.0,295.39,1.0
58.0,1578.0,4.0,1.0,0.0,0.0,0.0,5.0,43.57,0.0
59.0,1578.0,4.0,1.0,0.0,0.0,0.0,5.0,13.14,0.0
69.0,1578.0,4.0,1.0,0.0,0.0,0.0,5.0,2.42,0.0
70.0,1578.0,4.0,1.0,0.0,0.0,0.0,5.0,40.66,0.0
71.0,1578.0,4.0,1.0,0.0,6.0,0.0,6.0,453.11,1.0
71.0,1578.0,4.0,1.0,0.0,0.0,0.0,5.0,12.04,0.0
72.0,1578.0,4.0,1.0,0.0,0.0,0.0,5.0,33.28,0.0
123.0,1578.0,4.0,1.0,0.0,1.0,0.0,5.0,54.42,0.0
125.0,1578.0,4.0,1.0,0.0,1.0,0.0,5.0,0.15,0.0
125.0,1578.0,4.0,1.0,0.0,25.0,0.0,15.0,228.19,1.0
127.0,1578.0,4.0,1.0,0.0,5.0,0.0,8.0,67.36,0.0
128.0,1578.0,4.0,1.0,0.0,1.0,0.0,5.0,35.29,0.0
131.0,1578.0,4.0,1.0,0.0,1.0,0.0,5.0,31.28,0.0
132.0,1578.0,4.0,1.0,0.0,1.0,0.0,5.0,25.66,0.0
133.0,1578.0,4.0,1.0,0.0,6.0,0.0,6.0,366.7,1.0
133.0,1578.0,4.0,1.0,0.0,1.0,0.0,5.0,25.35,0.0
134.0,1578.0,4.0,1.0,0.0,1.0,0.0,5.0,22.51,0.0
160.0,1578.0,4.0,1.0,0.0,1.0,0.0,5.0,10.12,0.0
161.0,1578.0,4.0,1.0,0.0,1.0,0.0,5.0,27.46,0.0
162.0,1578.0,4.0,1.0,0.0,26.0,0.0,12.0,106.09,1.0
162.0,1578.0,4.0,1.0,0.0,14.0,0.0,15.0,59.44,0.0
163.0,1578.0,4.0,1.0,0.0,1.0,0.0,5.0,9.68,0.0
6.0,1587.0,5.0,1.0,0.0,0.0,0.0,5.0,4.95,0.0
7.0,1587.0,5.0,1.0,0.0,9.0,0.0,10.0,105.59,0.0
9.0,1587.0,5.0,1.0,0.0,9.0,0.0,10.0,171.67,1.0
10.0,1587.0,5.0,1.0,0.0,0.0,0.0,5.0,35.48,0.0
12.0,1587.0,5.0,1.0,0.0,0.0,0.0,5.0,10.77,0.0
15.0,1587.0,5.0,1.0,0.0,0.0,0.0,5.0,2.93,0.0
16.0,1587.0,5.0,1.0,0.0,0.0,0.0,5.0,36.08,0.0
16.0,1587.0,5.0,1.0,0.0,22.0,0.0,12.0,503.5,1.0
17.0,1587.0,5.0,1.0,0.0,0.0,0.0,5.0,15.36,0.0
18.0,1587.0,5.0,1.0,0.0,33.0,0.0,17.0,6.96,0.0
108.0,1591.0,4.0,1.0,0.0,13.0,0.0,14.0,50.01,0.0
109.0,1591.0,4.0,1.0,0.0,11.0,0.0,12.0,110.36,0.0
132.0,1591.0,4.0,1.0,0.0,27.0,0.0,12.0,730.57,1.0
141.0,1591.0,4.0,1.0,0.0,13.0,0.0,14.0,141.06,0.0
142.0,1591.0,4.0,1.0,0.0,0.0,0.0,5.0,50.3,0.0
144.0,1591.0,4.0,1.0,0.0,0.0,0.0,5.0,12.76,0.0
145.0,1591.0,4.0,1.0,0.0,0.0,0.0,5.0,98.64,0.0
146.0,1591.0,4.0,1.0,0.0,6.0,0.0,6.0,396.67,1.0
146.0,1591.0,4.0,1.0,0.0,0.0,0.0,5.0,62.43,0.0
147.0,1591.0,4.0,1.0,0.0,0.0,0.0,5.0,10.75,0.0
155.0,1591.0,4.0,1.0,0.0,1.0,0.0,5.0,30.94,0.0
156.0,1591.0,4.0,1.0,0.0,1.0,0.0,5.0,54.45,0.0
157.0,1591.0,4.0,1.0,0.0,9.0,0.0,10.0,382.52,1.0
157.0,1591.0,4.0,1.0,0.0,1.0,0.0,5.0,17.21,0.0
159.0,1591.0,4.0,1.0,0.0,1.0,0.0,5.0,24.65,0.0
170.0,1591.0,4.0,1.0,0.0,1.0,0.0,5.0,36.84,0.0
171.0,1591.0,4.0,1.0,0.0,1.0,0.0,5.0,37.79,0.0
172.0,1591.0,4.0,1.0,0.0,12.0,0.0,13.0,61.48,1.0
172.0,1591.0,4.0,1.0,0.0,1.0,0.0,5.0,40.18,0.0
173.0,1591.0,4.0,1.0,0.0,1.0,0.0,5.0,50.75,0.0
93.0,1592.0,1.0,1.0,0.0,20.0,0.0,13.0,53.21,0.0
104.0,1592.0,1.0,1.0,0.0,30.0,0.0,16.0,60.32,0.0
106.0,1592.0,1.0,1.0,0.0,44.0,0.0,13.0,333.01,1.0
111.0,1592.0,1.0,1.0,0.0,20.0,0.0,13.0,31.71,0.0
111.0,1592.0,1.0,1.0,0.0,15.0,0.0,13.0,16.11,0.0
124.0,1592.0,1.0,1.0,0.0,1.0,0.0,5.0,35.31,0.0
125.0,1592.0,1.0,1.0,0.0,14.0,0.0,15.0,88.63,0.0
125.0,1592.0,1.0,1.0,0.0,6.0,0.0,6.0,339.22,1.0
126.0,1592.0,1.0,1.0,0.0,1.0,0.0,5.0,43.73,0.0
128.0,1592.0,1.0,1.0,0.0,1.0,0.0,5.0,12.37,0.0
137.0,1592.0,1.0,1.0,0.0,0.0,0.0,5.0,14.68,0.0
137.0,1592.0,1.0,1.0,0.0,1.0,0.0,5.0,10.31,0.0
138.0,1592.0,1.0,1.0,0.0,6.0,0.0,6.0,93.14,1.0
138.0,1592.0,1.0,1.0,0.0,1.0,0.0,5.0,5.62,0.0
139.0,1592.0,1.0,1.0,0.0,4.0,0.0,6.0,99.26,0.0
41.0,1597.0,2.0,0.0,0.0,0.0,0.0,5.0,6.06,0.0
42.0,1597.0,2.0,0.0,0.0,0.0,0.0,5.0,45.32,0.0
42.0,1597.0,2.0,0.0,0.0,6.0,0.0,6.0,196.06,1.0
44.0,1597.0,2.0,0.0,0.0,0.0,0.0,5.0,18.89,0.0
45.0,1597.0,2.0,0.0,0.0,0.0,0.0,5.0,2.14,0.0
51.0,1597.0,2.0,0.0,0.0,0.0,0.0,5.0,29.21,0.0
53.0,1597.0,2.0,0.0,0.0,0.0,0.0,5.0,20.11,0.0
54.0,1597.0,2.0,0.0,0.0,6.0,0.0,6.0,452.56,1.0
54.0,1597.0,2.0,0.0,0.0,0.0,0.0,5.0,1.64,0.0
56.0,1597.0,2.0,0.0,0.0,0.0,0.0,5.0,8.94,0.0
73.0,1597.0,2.0,0.0,0.0,1.0,0.0,5.0,53.12,0.0
74.0,1597.0,2.0,0.0,0.0,1.0,0.0,5.0,21.26,0.0
74.0,1597.0,2.0,0.0,0.0,16.0,0.0,16.0,266.77,1.0
75.0,1597.0,2.0,0.0,0.0,1.0,0.0,5.0,34.6,0.0
76.0,1597.0,2.0,0.0,0.0,1.0,0.0,5.0,79.42,0.0
126.0,1597.0,2.0,0.0,0.0,1.0,0.0,5.0,22.02,0.0
127.0,1597.0,2.0,0.0,0.0,1.0,0.0,5.0,29.58,0.0
128.0,1597.0,2.0,0.0,0.0,41.0,0.0,19.0,377.47,1.0
128.0,1597.0,2.0,0.0,0.0,1.0,0.0,5.0,23.04,0.0
129.0,1597.0,2.0,0.0,0.0,1.0,0.0,5.0,25.68,0.0
132.0,1597.0,2.0,0.0,0.0,1.0,0.0,5.0,35.72,0.0
133.0,1597.0,2.0,0.0,0.0,1.0,0.0,5.0,27.88,0.0
134.0,1597.0,2.0,0.0,0.0,22.0,0.0,12.0,648.79,1.0
134.0,1597.0,2.0,0.0,0.0,5.0,0.0,8.0,13.27,0.0
135.0,1597.0,2.0,0.0,0.0,1.0,0.0,5.0,12.25,0.0
30.0,1598.0,2.0,1.0,0.0,2.0,0.0,6.0,57.64,0.0
32.0,1598.0,2.0,1.0,0.0,6.0,0.0,6.0,39.16,0.0
38.0,1598.0,2.0,1.0,0.0,6.0,0.0,6.0,343.02,1.0
51.0,1598.0,2.0,1.0,0.0,6.0,0.0,6.0,57.42,0.0
51.0,1598.0,2.0,1.0,0.0,2.0,0.0,6.0,72.24,0.0
56.0,1598.0,2.0,1.0,0.0,6.0,0.0,6.0,590.58,1.0
92.0,1598.0,2.0,1.0,0.0,6.0,0.0,6.0,1068.04,1.0
98.0,1598.0,2.0,1.0,0.0,12.0,0.0,13.0,20.52,0.0
93.0,1598.0,2.0,1.0,0.0,15.0,0.0,13.0,14.26,1.0
113.0,1598.0,2.0,1.0,0.0,11.0,0.0,12.0,61.45,1.0
117.0,1598.0,2.0,1.0,0.0,6.0,0.0,6.0,134.07,0.0
117.0,1598.0,2.0,1.0,0.0,2.0,0.0,6.0,146.8,0.0
95.0,1600.0,1.0,1.0,0.0,12.0,0.0,13.0,14.66,0.0
95.0,1600.0,1.0,1.0,0.0,20.0,0.0,13.0,109.33,0.0
97.0,1600.0,1.0,1.0,0.0,16.0,0.0,16.0,532.01,1.0
112.0,1600.0,1.0,1.0,0.0,9.0,0.0,10.0,7.27,0.0
113.0,1600.0,1.0,1.0,0.0,0.0,0.0,5.0,17.62,0.0
131.0,1600.0,1.0,1.0,0.0,0.0,0.0,5.0,48.46,0.0
132.0,1600.0,1.0,1.0,0.0,0.0,0.0,5.0,17.88,0.0
132.0,1600.0,1.0,1.0,0.0,13.0,0.0,14.0,38.99,1.0
134.0,1600.0,1.0,1.0,0.0,0.0,0.0,5.0,56.99,0.0
135.0,1600.0,1.0,1.0,0.0,0.0,0.0,5.0,21.36,0.0
28.0,1601.0,1.0,0.0,0.0,0.0,0.0,5.0,22.37,0.0
29.0,1601.0,1.0,0.0,0.0,0.0,0.0,5.0,0.49,0.0
30.0,1601.0,1.0,0.0,0.0,41.0,0.0,19.0,476.75,1.0
30.0,1601.0,1.0,0.0,0.0,0.0,0.0,5.0,40.18,0.0
31.0,1601.0,1.0,0.0,0.0,0.0,0.0,5.0,34.65,0.0
73.0,1601.0,1.0,0.0,0.0,0.0,0.0,5.0,53.03,0.0
74.0,1601.0,1.0,0.0,0.0,0.0,0.0,5.0,15.24,0.0
75.0,1601.0,1.0,0.0,0.0,41.0,0.0,19.0,295.6,1.0
75.0,1601.0,1.0,0.0,0.0,36.0,0.0,15.0,20.78,0.0
76.0,1601.0,1.0,0.0,0.0,21.0,0.0,13.0,60.86,1.0
76.0,1601.0,1.0,0.0,0.0,0.0,0.0,5.0,59.85,0.0
76.0,1601.0,1.0,0.0,0.0,1.0,0.0,5.0,45.1,0.0
77.0,1601.0,1.0,0.0,0.0,11.0,0.0,12.0,668.06,1.0
78.0,1601.0,1.0,0.0,0.0,1.0,0.0,5.0,18.15,0.0
79.0,1601.0,1.0,0.0,0.0,16.0,0.0,16.0,416.72,1.0
79.0,1601.0,1.0,0.0,0.0,1.0,0.0,5.0,34.85,0.0
80.0,1601.0,1.0,0.0,0.0,1.0,0.0,5.0,15.53,0.0
124.0,1601.0,1.0,0.0,0.0,1.0,0.0,5.0,0.37,0.0
125.0,1601.0,1.0,0.0,0.0,34.0,0.0,17.0,105.35,0.0
127.0,1601.0,1.0,0.0,0.0,31.0,0.0,9.0,635.36,1.0
127.0,1601.0,1.0,0.0,0.0,1.0,0.0,5.0,23.9,0.0
128.0,1601.0,1.0,0.0,0.0,1.0,0.0,5.0,66.92,0.0
146.0,1601.0,1.0,0.0,0.0,1.0,0.0,5.0,10.34,0.0
147.0,1601.0,1.0,0.0,0.0,1.0,0.0,5.0,38.71,0.0
147.0,1601.0,1.0,0.0,0.0,6.0,0.0,6.0,451.57,1.0
148.0,1601.0,1.0,0.0,0.0,1.0,0.0,5.0,78.92,0.0
149.0,1601.0,1.0,0.0,0.0,1.0,0.0,5.0,56.27,0.0
26.0,1603.0,4.0,1.0,0.0,0.0,0.0,5.0,48.96,0.0
27.0,1603.0,4.0,1.0,0.0,0.0,0.0,5.0,22.36,0.0
27.0,1603.0,4.0,1.0,0.0,10.0,0.0,11.0,214.21,1.0
28.0,1603.0,4.0,1.0,0.0,0.0,0.0,5.0,38.61,0.0
29.0,1603.0,4.0,1.0,0.0,0.0,0.0,5.0,33.18,0.0
55.0,1603.0,4.0,1.0,0.0,0.0,0.0,5.0,33.11,0.0
56.0,1603.0,4.0,1.0,0.0,0.0,0.0,5.0,43.35,0.0
56.0,1603.0,4.0,1.0,0.0,17.0,0.0,9.0,434.86,1.0
57.0,1603.0,4.0,1.0,0.0,0.0,0.0,5.0,45.06,0.0
58.0,1603.0,4.0,1.0,0.0,13.0,0.0,14.0,8.67,0.0
59.0,1603.0,4.0,1.0,0.0,0.0,0.0,5.0,2.19,0.0
60.0,1603.0,4.0,1.0,0.0,0.0,0.0,5.0,43.91,0.0
60.0,1603.0,4.0,1.0,0.0,6.0,0.0,6.0,522.97,1.0
61.0,1603.0,4.0,1.0,0.0,0.0,0.0,5.0,55.54,0.0
62.0,1603.0,4.0,1.0,0.0,0.0,0.0,5.0,76.38,0.0
92.0,1603.0,4.0,1.0,0.0,0.0,0.0,5.0,22.74,0.0
93.0,1603.0,4.0,1.0,0.0,0.0,0.0,5.0,30.51,0.0
94.0,1603.0,4.0,1.0,0.0,9.0,0.0,10.0,174.09,1.0
94.0,1603.0,4.0,1.0,0.0,0.0,0.0,5.0,12.11,0.0
95.0,1603.0,4.0,1.0,0.0,0.0,0.0,5.0,27.12,0.0
170.0,1603.0,4.0,1.0,0.0,5.0,0.0,8.0,15.3,0.0
171.0,1603.0,4.0,1.0,0.0,1.0,0.0,5.0,8.67,0.0
172.0,1603.0,4.0,1.0,0.0,18.0,0.0,9.0,1019.26,1.0
173.0,1603.0,4.0,1.0,0.0,5.0,0.0,8.0,44.49,0.0
175.0,1603.0,4.0,1.0,0.0,4.0,0.0,6.0,33.45,0.0
38.0,1611.0,1.0,0.0,0.0,0.0,0.0,5.0,35.3,0.0
39.0,1611.0,1.0,0.0,0.0,0.0,0.0,5.0,13.86,0.0
41.0,1611.0,1.0,0.0,0.0,19.0,0.0,9.0,891.17,1.0
41.0,1611.0,1.0,0.0,0.0,33.0,0.0,17.0,66.35,0.0
42.0,1611.0,1.0,0.0,0.0,5.0,0.0,8.0,45.61,0.0
71.0,1611.0,1.0,0.0,0.0,4.0,0.0,6.0,155.76,0.0
72.0,1611.0,1.0,0.0,0.0,1.0,0.0,5.0,42.08,0.0
73.0,1611.0,1.0,0.0,0.0,35.0,0.0,18.0,4583.23,1.0
73.0,1611.0,1.0,0.0,0.0,5.0,0.0,8.0,41.75,0.0
74.0,1611.0,1.0,0.0,0.0,1.0,0.0,5.0,22.09,0.0
70.0,1614.0,5.0,0.0,0.0,0.0,0.0,5.0,7.06,0.0
72.0,1614.0,5.0,0.0,0.0,0.0,0.0,5.0,50.7,0.0
72.0,1614.0,5.0,0.0,0.0,22.0,0.0,12.0,153.47,1.0
73.0,1614.0,5.0,0.0,0.0,0.0,0.0,5.0,3.49,0.0
75.0,1614.0,5.0,0.0,0.0,0.0,0.0,5.0,77.84,0.0
40.0,1615.0,2.0,1.0,0.0,12.0,0.0,13.0,48.5,0.0
53.0,1615.0,2.0,1.0,0.0,6.0,0.0,6.0,113.91,0.0
78.0,1615.0,2.0,1.0,0.0,20.0,0.0,13.0,203.35,1.0
87.0,1615.0,2.0,1.0,0.0,25.0,0.0,15.0,33.68,0.0
82.0,1615.0,2.0,1.0,0.0,38.0,0.0,19.0,444.56,1.0
88.0,1615.0,2.0,1.0,0.0,3.0,0.0,7.0,60.54,1.0
89.0,1615.0,2.0,1.0,0.0,25.0,0.0,15.0,123.39,0.0
91.0,1615.0,2.0,1.0,0.0,6.0,0.0,6.0,89.42,1.0
95.0,1615.0,2.0,1.0,0.0,11.0,0.0,12.0,433.71,1.0
95.0,1615.0,2.0,1.0,0.0,22.0,0.0,12.0,430.85,1.0
95.0,1615.0,2.0,1.0,0.0,10.0,0.0,11.0,358.81,1.0
98.0,1615.0,2.0,1.0,0.0,22.0,0.0,12.0,313.31,1.0
108.0,1615.0,2.0,1.0,0.0,22.0,0.0,12.0,23.81,0.0
106.0,1615.0,2.0,1.0,0.0,6.0,0.0,6.0,290.68,1.0
109.0,1615.0,2.0,1.0,0.0,6.0,0.0,6.0,16.66,1.0
110.0,1615.0,2.0,1.0,0.0,13.0,0.0,14.0,237.04,1.0
111.0,1615.0,2.0,1.0,0.0,22.0,0.0,12.0,241.97,1.0
139.0,1615.0,2.0,1.0,0.0,22.0,0.0,12.0,18.51,0.0
120.0,1615.0,2.0,1.0,0.0,26.0,0.0,12.0,550.66,1.0
139.0,1615.0,2.0,1.0,0.0,48.0,0.0,12.0,9.94,0.0
139.0,1615.0,2.0,1.0,0.0,38.0,0.0,19.0,223.06,1.0
146.0,1615.0,2.0,1.0,0.0,13.0,0.0,14.0,240.42,1.0
148.0,1615.0,2.0,1.0,0.0,6.0,0.0,6.0,108.46,1.0
153.0,1615.0,2.0,1.0,0.0,20.0,0.0,13.0,49.32,0.0
151.0,1615.0,2.0,1.0,0.0,22.0,0.0,12.0,272.97,1.0
155.0,1615.0,2.0,1.0,0.0,22.0,0.0,12.0,903.19,1.0
163.0,1615.0,2.0,1.0,0.0,6.0,0.0,6.0,176.48,0.0
163.0,1615.0,2.0,1.0,0.0,7.0,0.0,6.0,4.25,0.0
174.0,1615.0,2.0,1.0,0.0,20.0,0.0,13.0,41.7,0.0
175.0,1615.0,2.0,1.0,0.0,10.0,0.0,11.0,350.34,1.0
20.0,1616.0,2.0,1.0,0.0,9.0,0.0,10.0,5.57,0.0
21.0,1616.0,2.0,1.0,0.0,7.0,0.0,6.0,155.36,0.0
29.0,1616.0,2.0,1.0,0.0,6.0,0.0,6.0,308.75,1.0
39.0,1616.0,2.0,1.0,0.0,7.0,0.0,6.0,76.61,0.0
39.0,1616.0,2.0,1.0,0.0,2.0,0.0,6.0,107.63,0.0
46.0,1616.0,2.0,1.0,0.0,22.0,0.0,12.0,106.19,1.0
57.0,1616.0,2.0,1.0,0.0,39.0,0.0,18.0,779.22,0.0
71.0,1616.0,2.0,1.0,0.0,20.0,0.0,13.0,5.07,1.0
85.0,1616.0,2.0,1.0,0.0,12.0,0.0,13.0,93.37,0.0
88.0,1616.0,2.0,1.0,0.0,6.0,0.0,6.0,377.89,1.0
107.0,1616.0,2.0,1.0,0.0,25.0,0.0,15.0,88.11,0.0
129.0,1616.0,2.0,1.0,0.0,6.0,0.0,6.0,146.03,0.0
150.0,1617.0,1.0,1.0,0.0,0.0,0.0,5.0,19.55,0.0
151.0,1617.0,1.0,1.0,0.0,0.0,0.0,5.0,20.42,0.0
152.0,1617.0,1.0,1.0,0.0,35.0,0.0,18.0,4247.32,1.0
153.0,1617.0,1.0,1.0,0.0,0.0,0.0,5.0,44.33,0.0
154.0,1617.0,1.0,1.0,0.0,0.0,0.0,5.0,25.26,0.0
4.0,1620.0,1.0,0.0,0.0,9.0,0.0,10.0,60.86,0.0
6.0,1620.0,1.0,0.0,0.0,0.0,0.0,5.0,13.68,0.0
7.0,1620.0,1.0,0.0,0.0,22.0,0.0,12.0,152.74,1.0
7.0,1620.0,1.0,0.0,0.0,0.0,0.0,5.0,34.73,0.0
8.0,1620.0,1.0,0.0,0.0,0.0,0.0,5.0,7.91,0.0
16.0,1620.0,1.0,0.0,0.0,0.0,0.0,5.0,47.58,0.0
17.0,1620.0,1.0,0.0,0.0,0.0,0.0,5.0,36.95,0.0
18.0,1620.0,1.0,0.0,0.0,48.0,0.0,12.0,186.83,1.0
19.0,1620.0,1.0,0.0,0.0,0.0,0.0,5.0,25.19,0.0
20.0,1620.0,1.0,0.0,0.0,0.0,0.0,5.0,31.41,0.0
54.0,1620.0,1.0,0.0,0.0,1.0,0.0,5.0,5.7,0.0
55.0,1620.0,1.0,0.0,0.0,1.0,0.0,5.0,14.62,0.0
55.0,1620.0,1.0,0.0,0.0,20.0,0.0,13.0,11.9,1.0
56.0,1620.0,1.0,0.0,0.0,1.0,0.0,5.0,10.83,0.0
57.0,1620.0,1.0,0.0,0.0,1.0,0.0,5.0,12.79,0.0
77.0,1620.0,1.0,0.0,0.0,1.0,0.0,5.0,28.93,0.0
78.0,1620.0,1.0,0.0,0.0,1.0,0.0,5.0,74.09,0.0
79.0,1620.0,1.0,0.0,0.0,16.0,0.0,16.0,567.97,1.0
79.0,1620.0,1.0,0.0,0.0,5.0,0.0,8.0,54.26,0.0
80.0,1620.0,1.0,0.0,0.0,1.0,0.0,5.0,36.27,0.0
83.0,1620.0,1.0,0.0,0.0,1.0,0.0,5.0,37.53,0.0
84.0,1620.0,1.0,0.0,0.0,1.0,0.0,5.0,18.07,0.0
84.0,1620.0,1.0,0.0,0.0,13.0,0.0,14.0,68.59,1.0
85.0,1620.0,1.0,0.0,0.0,1.0,0.0,5.0,56.82,0.0
86.0,1620.0,1.0,0.0,0.0,1.0,0.0,5.0,17.66,0.0
144.0,1622.0,2.0,0.0,0.0,7.0,0.0,6.0,146.84,0.0
144.0,1622.0,2.0,0.0,0.0,2.0,0.0,6.0,141.52,0.0
146.0,1622.0,2.0,0.0,0.0,20.0,0.0,13.0,487.23,1.0
156.0,1622.0,2.0,0.0,0.0,6.0,0.0,6.0,185.16,0.0
156.0,1622.0,2.0,0.0,0.0,7.0,0.0,6.0,65.16,0.0
171.0,1628.0,1.0,1.0,0.0,0.0,0.0,5.0,32.7,0.0
172.0,1628.0,1.0,1.0,0.0,0.0,0.0,5.0,9.29,0.0
172.0,1628.0,1.0,1.0,0.0,6.0,0.0,6.0,878.9,1.0
173.0,1628.0,1.0,1.0,0.0,0.0,0.0,5.0,38.86,0.0
174.0,1628.0,1.0,1.0,0.0,0.0,0.0,5.0,48.41,0.0
70.0,1635.0,4.0,1.0,0.0,9.0,0.0,10.0,21.6,0.0
71.0,1635.0,4.0,1.0,0.0,0.0,0.0,5.0,33.54,0.0
71.0,1635.0,4.0,1.0,0.0,35.0,0.0,18.0,2769.03,1.0
72.0,1635.0,4.0,1.0,0.0,0.0,0.0,5.0,5.18,0.0
73.0,1635.0,4.0,1.0,0.0,0.0,0.0,5.0,4.87,0.0
87.0,1638.0,2.0,1.0,0.0,2.0,0.0,6.0,169.05,0.0
88.0,1638.0,2.0,1.0,0.0,25.0,0.0,15.0,43.91,0.0
160.0,1638.0,2.0,1.0,0.0,6.0,0.0,6.0,83.87,1.0
161.0,1638.0,2.0,1.0,0.0,6.0,0.0,6.0,108.24,0.0
161.0,1638.0,2.0,1.0,0.0,7.0,0.0,6.0,32.93,0.0
174.0,1638.0,2.0,1.0,0.0,7.0,0.0,6.0,7.19,0.0
174.0,1638.0,2.0,1.0,0.0,2.0,0.0,6.0,158.63,0.0
179.0,1638.0,2.0,1.0,0.0,16.0,0.0,16.0,608.59,1.0
134.0,1640.0,2.0,1.0,0.0,34.0,0.0,17.0,15.13,0.0
135.0,1640.0,2.0,1.0,0.0,1.0,0.0,5.0,28.13,0.0
136.0,1640.0,2.0,1.0,0.0,27.0,0.0,12.0,308.68,1.0
136.0,1640.0,2.0,1.0,0.0,1.0,0.0,5.0,18.08,0.0
138.0,1640.0,2.0,1.0,0.0,1.0,0.0,5.0,53.29,0.0
144.0,1640.0,2.0,1.0,0.0,1.0,0.0,5.0,9.43,0.0
145.0,1640.0,2.0,1.0,0.0,1.0,0.0,5.0,59.27,0.0
146.0,1640.0,2.0,1.0,0.0,6.0,0.0,6.0,219.66,1.0
147.0,1640.0,2.0,1.0,0.0,4.0,0.0,6.0,166.05,0.0
147.0,1640.0,2.0,1.0,0.0,42.0,0.0,6.0,111.46,0.0
130.0,1642.0,1.0,1.0,0.0,0.0,0.0,5.0,0.55,0.0
132.0,1642.0,1.0,1.0,0.0,0.0,0.0,5.0,22.65,0.0
132.0,1642.0,1.0,1.0,0.0,22.0,0.0,12.0,363.36,1.0
133.0,1642.0,1.0,1.0,0.0,0.0,0.0,5.0,32.68,0.0
134.0,1642.0,1.0,1.0,0.0,0.0,0.0,5.0,47.79,0.0
138.0,1644.0,5.0,1.0,0.0,1.0,0.0,5.0,52.43,0.0
139.0,1644.0,5.0,1.0,0.0,1.0,0.0,5.0,9.23,0.0
139.0,1644.0,5.0,1.0,0.0,7.0,0.0,6.0,116.28,1.0
140.0,1644.0,5.0,1.0,0.0,1.0,0.0,5.0,44.52,0.0
142.0,1644.0,5.0,1.0,0.0,1.0,0.0,5.0,51.38,0.0
110.0,1646.0,1.0,1.0,0.0,15.0,0.0,13.0,1.02,0.0
111.0,1646.0,1.0,1.0,0.0,2.0,0.0,6.0,66.24,0.0
121.0,1646.0,1.0,1.0,0.0,35.0,0.0,18.0,153.35,1.0
125.0,1646.0,1.0,1.0,0.0,6.0,0.0,6.0,127.38,0.0
127.0,1646.0,1.0,1.0,0.0,6.0,0.0,6.0,67.21,0.0
14.0,1650.0,2.0,1.0,0.0,42.0,0.0,6.0,17.29,0.0
15.0,1650.0,2.0,1.0,0.0,3.0,0.0,7.0,32.03,0.0
26.0,1650.0,2.0,1.0,0.0,22.0,0.0,12.0,720.35,1.0
50.0,1650.0,2.0,1.0,0.0,6.0,0.0,6.0,122.61,0.0
101.0,1650.0,2.0,1.0,0.0,3.0,0.0,7.0,106.11,0.0
171.0,1654.0,2.0,1.0,0.0,1.0,0.0,5.0,43.09,0.0
172.0,1654.0,2.0,1.0,0.0,5.0,0.0,8.0,4.08,0.0
174.0,1654.0,2.0,1.0,0.0,19.0,0.0,9.0,265.94,1.0
174.0,1654.0,2.0,1.0,0.0,1.0,0.0,5.0,57.07,0.0
175.0,1654.0,2.0,1.0,0.0,1.0,0.0,5.0,8.3,0.0
25.0,1655.0,1.0,1.0,0.0,0.0,0.0,5.0,21.36,0.0
26.0,1655.0,1.0,1.0,0.0,0.0,0.0,5.0,38.18,0.0
26.0,1655.0,1.0,1.0,0.0,41.0,0.0,19.0,354.65,1.0
27.0,1655.0,1.0,1.0,0.0,0.0,0.0,5.0,22.49,0.0
28.0,1655.0,1.0,1.0,0.0,0.0,0.0,5.0,1.86,0.0
50.0,1655.0,1.0,1.0,0.0,1.0,0.0,5.0,7.62,0.0
51.0,1655.0,1.0,1.0,0.0,1.0,0.0,5.0,55.88,0.0
51.0,1655.0,1.0,1.0,0.0,30.0,0.0,16.0,202.17,1.0
52.0,1655.0,1.0,1.0,0.0,1.0,0.0,5.0,28.65,0.0
53.0,1655.0,1.0,1.0,0.0,1.0,0.0,5.0,27.92,0.0
56.0,1655.0,1.0,1.0,0.0,1.0,0.0,5.0,33.61,0.0
57.0,1655.0,1.0,1.0,0.0,1.0,0.0,5.0,48.15,0.0
58.0,1655.0,1.0,1.0,0.0,22.0,0.0,12.0,11.56,1.0
58.0,1655.0,1.0,1.0,0.0,1.0,0.0,5.0,34.62,0.0
60.0,1655.0,1.0,1.0,0.0,4.0,0.0,6.0,64.33,0.0
154.0,1655.0,1.0,1.0,0.0,1.0,0.0,5.0,42.29,0.0
155.0,1655.0,1.0,1.0,0.0,1.0,0.0,5.0,22.11,0.0
155.0,1655.0,1.0,1.0,0.0,41.0,0.0,19.0,366.3,1.0
156.0,1655.0,1.0,1.0,0.0,1.0,0.0,5.0,56.39,0.0
157.0,1655.0,1.0,1.0,0.0,1.0,0.0,5.0,11.7,0.0
68.0,1663.0,1.0,1.0,0.0,0.0,0.0,5.0,4.88,0.0
69.0,1663.0,1.0,1.0,0.0,0.0,0.0,5.0,33.73,0.0
70.0,1663.0,1.0,1.0,0.0,22.0,0.0,12.0,147.21,1.0
71.0,1663.0,1.0,1.0,0.0,0.0,0.0,5.0,17.51,0.0
72.0,1663.0,1.0,1.0,0.0,0.0,0.0,5.0,12.8,0.0
94.0,1664.0,5.0,0.0,0.0,1.0,0.0,5.0,54.24,0.0
97.0,1664.0,5.0,0.0,0.0,5.0,0.0,8.0,51.97,0.0
97.0,1664.0,5.0,0.0,0.0,35.0,0.0,18.0,1850.62,1.0
98.0,1664.0,5.0,0.0,0.0,1.0,0.0,5.0,4.97,0.0
99.0,1664.0,5.0,0.0,0.0,1.0,0.0,5.0,29.26,0.0
0.0,1668.0,2.0,1.0,0.0,20.0,0.0,13.0,135.11,1.0
0.0,1668.0,2.0,1.0,0.0,20.0,0.0,13.0,256.37,1.0
5.0,1668.0,2.0,1.0,0.0,9.0,0.0,10.0,48.73,0.0
4.0,1668.0,2.0,1.0,0.0,22.0,0.0,12.0,591.16,1.0
6.0,1668.0,2.0,1.0,0.0,0.0,0.0,5.0,33.64,0.0
20.0,1668.0,2.0,1.0,0.0,1.0,0.0,5.0,47.49,0.0
21.0,1668.0,2.0,1.0,0.0,1.0,0.0,5.0,9.88,0.0
22.0,1668.0,2.0,1.0,0.0,26.0,0.0,12.0,648.32,1.0
22.0,1668.0,2.0,1.0,0.0,1.0,0.0,5.0,45.6,0.0
23.0,1668.0,2.0,1.0,0.0,1.0,0.0,5.0,43.33,0.0
46.0,1668.0,2.0,1.0,0.0,0.0,0.0,5.0,27.95,0.0
46.0,1668.0,2.0,1.0,0.0,1.0,0.0,5.0,41.38,0.0
46.0,1668.0,2.0,1.0,0.0,27.0,0.0,12.0,208.06,1.0
47.0,1668.0,2.0,1.0,0.0,1.0,0.0,5.0,48.93,0.0
48.0,1668.0,2.0,1.0,0.0,15.0,0.0,13.0,457.77,1.0
48.0,1668.0,2.0,1.0,0.0,1.0,0.0,5.0,43.09,0.0
50.0,1668.0,2.0,1.0,0.0,1.0,0.0,5.0,12.07,0.0
66.0,1677.0,1.0,0.0,0.0,0.0,0.0,5.0,33.62,0.0
67.0,1677.0,1.0,0.0,0.0,27.0,0.0,12.0,78.09,0.0
68.0,1677.0,1.0,0.0,0.0,27.0,0.0,12.0,275.81,1.0
68.0,1677.0,1.0,0.0,0.0,0.0,0.0,5.0,22.84,0.0
69.0,1677.0,1.0,0.0,0.0,13.0,0.0,14.0,58.21,0.0
26.0,1678.0,2.0,1.0,0.0,1.0,0.0,5.0,25.98,0.0
27.0,1678.0,2.0,1.0,0.0,1.0,0.0,5.0,47.7,0.0
27.0,1678.0,2.0,1.0,0.0,35.0,0.0,18.0,5347.74,1.0
28.0,1678.0,2.0,1.0,0.0,1.0,0.0,5.0,36.8,0.0
29.0,1678.0,2.0,1.0,0.0,13.0,0.0,14.0,218.63,1.0
29.0,1678.0,2.0,1.0,0.0,1.0,0.0,5.0,11.68,0.0
30.0,1678.0,2.0,1.0,0.0,1.0,0.0,5.0,6.48,0.0
71.0,1678.0,2.0,1.0,0.0,1.0,0.0,5.0,35.28,0.0
72.0,1678.0,2.0,1.0,0.0,1.0,0.0,5.0,43.99,0.0
73.0,1678.0,2.0,1.0,0.0,41.0,0.0,19.0,190.21,1.0
73.0,1678.0,2.0,1.0,0.0,1.0,0.0,5.0,20.59,0.0
74.0,1678.0,2.0,1.0,0.0,1.0,0.0,5.0,7.67,0.0
76.0,1680.0,1.0,1.0,0.0,14.0,0.0,15.0,13.12,0.0
77.0,1680.0,1.0,1.0,0.0,26.0,0.0,12.0,218.92,0.0
87.0,1680.0,1.0,1.0,0.0,26.0,0.0,12.0,303.15,1.0
90.0,1680.0,1.0,1.0,0.0,0.0,0.0,5.0,20.88,0.0
91.0,1680.0,1.0,1.0,0.0,0.0,0.0,5.0,12.54,0.0
114.0,1680.0,1.0,1.0,0.0,0.0,0.0,5.0,1.28,0.0
115.0,1680.0,1.0,1.0,0.0,0.0,0.0,5.0,34.69,0.0
116.0,1680.0,1.0,1.0,0.0,38.0,0.0,19.0,277.48,1.0
116.0,1680.0,1.0,1.0,0.0,0.0,0.0,5.0,41.72,0.0
117.0,1680.0,1.0,1.0,0.0,0.0,0.0,5.0,32.27,0.0
122.0,1680.0,1.0,1.0,0.0,0.0,0.0,5.0,21.41,0.0
123.0,1680.0,1.0,1.0,0.0,0.0,0.0,5.0,34.0,0.0
124.0,1680.0,1.0,1.0,0.0,38.0,0.0,19.0,374.87,1.0
124.0,1680.0,1.0,1.0,0.0,0.0,0.0,5.0,52.18,0.0
125.0,1680.0,1.0,1.0,0.0,0.0,0.0,5.0,27.95,0.0
92.0,1682.0,2.0,0.0,0.0,0.0,0.0,5.0,48.03,0.0
93.0,1682.0,2.0,0.0,0.0,0.0,0.0,5.0,43.35,0.0
94.0,1682.0,2.0,0.0,0.0,35.0,0.0,18.0,330.44,1.0
94.0,1682.0,2.0,0.0,0.0,0.0,0.0,5.0,5.79,0.0
95.0,1682.0,2.0,0.0,0.0,0.0,0.0,5.0,24.63,0.0
96.0,1682.0,2.0,0.0,0.0,0.0,0.0,5.0,15.32,0.0
97.0,1682.0,2.0,0.0,0.0,0.0,0.0,5.0,27.05,0.0
98.0,1682.0,2.0,0.0,0.0,6.0,0.0,6.0,221.84,1.0
99.0,1682.0,2.0,0.0,0.0,0.0,0.0,5.0,19.1,0.0
100.0,1682.0,2.0,0.0,0.0,0.0,0.0,5.0,42.09,0.0
101.0,1682.0,2.0,0.0,0.0,0.0,0.0,5.0,24.05,0.0
102.0,1682.0,2.0,0.0,0.0,0.0,0.0,5.0,35.02,0.0
102.0,1682.0,2.0,0.0,0.0,22.0,0.0,12.0,376.56,1.0
103.0,1682.0,2.0,0.0,0.0,0.0,0.0,5.0,36.73,0.0
104.0,1682.0,2.0,0.0,0.0,0.0,0.0,5.0,26.1,0.0
118.0,1682.0,2.0,0.0,0.0,1.0,0.0,5.0,38.93,0.0
119.0,1682.0,2.0,0.0,0.0,1.0,0.0,5.0,34.17,0.0
119.0,1682.0,2.0,0.0,0.0,22.0,0.0,12.0,228.6,1.0
120.0,1682.0,2.0,0.0,0.0,1.0,0.0,5.0,5.37,0.0
121.0,1682.0,2.0,0.0,0.0,1.0,0.0,5.0,34.45,0.0
161.0,1682.0,2.0,0.0,0.0,1.0,0.0,5.0,50.4,0.0
162.0,1682.0,2.0,0.0,0.0,1.0,0.0,5.0,25.32,0.0
162.0,1682.0,2.0,0.0,0.0,38.0,0.0,19.0,358.82,1.0
163.0,1682.0,2.0,0.0,0.0,1.0,0.0,5.0,5.73,0.0
164.0,1682.0,2.0,0.0,0.0,28.0,0.0,13.0,33.43,0.0
23.0,1687.0,0.0,0.0,0.0,0.0,0.0,5.0,1.71,0.0
24.0,1687.0,0.0,0.0,0.0,0.0,0.0,5.0,46.58,0.0
25.0,1687.0,0.0,0.0,0.0,20.0,0.0,13.0,315.95,1.0
25.0,1687.0,0.0,0.0,0.0,0.0,0.0,5.0,14.91,0.0
26.0,1687.0,0.0,0.0,0.0,0.0,0.0,5.0,28.03,0.0
52.0,1687.0,0.0,0.0,0.0,0.0,0.0,5.0,41.09,0.0
53.0,1687.0,0.0,0.0,0.0,0.0,0.0,5.0,17.8,0.0
54.0,1687.0,0.0,0.0,0.0,38.0,0.0,19.0,254.47,1.0
55.0,1687.0,0.0,0.0,0.0,9.0,0.0,10.0,50.2,0.0
56.0,1687.0,0.0,0.0,0.0,0.0,0.0,5.0,63.7,0.0
57.0,1689.0,1.0,0.0,0.0,0.0,0.0,5.0,81.36,0.0
58.0,1689.0,1.0,0.0,0.0,0.0,0.0,5.0,37.81,0.0
59.0,1689.0,1.0,0.0,0.0,35.0,0.0,18.0,3537.59,1.0
59.0,1689.0,1.0,0.0,0.0,0.0,0.0,5.0,4.68,0.0
60.0,1689.0,1.0,0.0,0.0,0.0,0.0,5.0,6.02,0.0
46.0,1697.0,1.0,0.0,0.0,27.0,0.0,12.0,17.55,0.0
47.0,1697.0,1.0,0.0,0.0,0.0,0.0,5.0,2.37,0.0
48.0,1697.0,1.0,0.0,0.0,17.0,0.0,9.0,210.08,1.0
48.0,1697.0,1.0,0.0,0.0,0.0,0.0,5.0,22.93,0.0
50.0,1697.0,1.0,0.0,0.0,0.0,0.0,5.0,0.35,0.0
128.0,1697.0,1.0,0.0,0.0,1.0,0.0,5.0,20.0,0.0
129.0,1697.0,1.0,0.0,0.0,1.0,0.0,5.0,48.57,0.0
129.0,1697.0,1.0,0.0,0.0,11.0,0.0,12.0,1097.59,1.0
131.0,1697.0,1.0,0.0,0.0,1.0,0.0,5.0,23.05,0.0
132.0,1697.0,1.0,0.0,0.0,1.0,0.0,5.0,30.55,0.0
151.0,1697.0,1.0,0.0,0.0,1.0,0.0,5.0,2.69,0.0
152.0,1697.0,1.0,0.0,0.0,28.0,0.0,13.0,45.06,0.0
153.0,1697.0,1.0,0.0,0.0,22.0,0.0,12.0,717.49,1.0
153.0,1697.0,1.0,0.0,0.0,0.0,0.0,5.0,4.26,0.0
153.0,1697.0,1.0,0.0,0.0,1.0,0.0,5.0,30.6,0.0
160.0,1697.0,1.0,0.0,0.0,1.0,0.0,5.0,29.56,0.0
161.0,1697.0,1.0,0.0,0.0,1.0,0.0,5.0,0.3,0.0
161.0,1697.0,1.0,0.0,0.0,9.0,0.0,10.0,183.89,1.0
162.0,1697.0,1.0,0.0,0.0,1.0,0.0,5.0,17.59,0.0
163.0,1697.0,1.0,0.0,0.0,1.0,0.0,5.0,11.96,0.0
44.0,1698.0,5.0,0.0,0.0,1.0,0.0,5.0,18.93,0.0
45.0,1698.0,5.0,0.0,0.0,1.0,0.0,5.0,49.87,0.0
46.0,1698.0,5.0,0.0,0.0,10.0,0.0,11.0,205.57,1.0
46.0,1698.0,5.0,0.0,0.0,1.0,0.0,5.0,34.97,0.0
47.0,1698.0,5.0,0.0,0.0,1.0,0.0,5.0,6.71,0.0
92.0,1698.0,5.0,0.0,0.0,1.0,0.0,5.0,70.87,0.0
94.0,1698.0,5.0,0.0,0.0,1.0,0.0,5.0,30.98,0.0
94.0,1698.0,5.0,0.0,0.0,18.0,0.0,9.0,27.47,1.0
95.0,1698.0,5.0,0.0,0.0,1.0,0.0,5.0,42.88,0.0
96.0,1698.0,5.0,0.0,0.0,1.0,0.0,5.0,32.07,0.0
55.0,1702.0,1.0,1.0,0.0,3.0,0.0,7.0,48.77,0.0
80.0,1702.0,1.0,1.0,0.0,6.0,0.0,6.0,185.42,0.0
106.0,1702.0,1.0,1.0,0.0,18.0,0.0,9.0,407.04,1.0
112.0,1702.0,1.0,1.0,0.0,3.0,0.0,7.0,18.26,0.0
113.0,1702.0,1.0,1.0,0.0,6.0,0.0,6.0,29.69,0.0
0.0,1705.0,2.0,0.0,0.0,6.0,0.0,6.0,143.07,0.0
65.0,1705.0,2.0,0.0,0.0,25.0,0.0,15.0,2.27,0.0
66.0,1705.0,2.0,0.0,0.0,22.0,0.0,12.0,98.0,1.0
68.0,1705.0,2.0,0.0,0.0,27.0,0.0,12.0,617.33,1.0
68.0,1705.0,2.0,0.0,0.0,16.0,0.0,16.0,306.13,1.0
68.0,1705.0,2.0,0.0,0.0,16.0,0.0,16.0,13.27,1.0
72.0,1705.0,2.0,0.0,0.0,22.0,0.0,12.0,322.86,1.0
75.0,1705.0,2.0,0.0,0.0,25.0,0.0,15.0,119.91,0.0
74.0,1705.0,2.0,0.0,0.0,20.0,0.0,13.0,228.09,1.0
76.0,1705.0,2.0,0.0,0.0,6.0,0.0,6.0,610.59,1.0
79.0,1705.0,2.0,0.0,0.0,20.0,0.0,13.0,301.55,1.0
89.0,1705.0,2.0,0.0,0.0,6.0,0.0,6.0,386.76,1.0
92.0,1705.0,2.0,0.0,0.0,22.0,0.0,12.0,286.55,1.0
93.0,1705.0,2.0,0.0,0.0,15.0,0.0,13.0,177.8,1.0
94.0,1705.0,2.0,0.0,0.0,35.0,0.0,18.0,482.06,1.0
98.0,1705.0,2.0,0.0,0.0,30.0,0.0,16.0,0.19,1.0
100.0,1705.0,2.0,0.0,0.0,38.0,0.0,19.0,358.25,1.0
101.0,1705.0,2.0,0.0,0.0,6.0,0.0,6.0,802.38,1.0
105.0,1705.0,2.0,0.0,0.0,25.0,0.0,15.0,39.28,0.0
103.0,1705.0,2.0,0.0,0.0,18.0,0.0,9.0,66.31,1.0
106.0,1705.0,2.0,0.0,0.0,38.0,0.0,19.0,161.99,1.0
110.0,1705.0,2.0,0.0,0.0,12.0,0.0,13.0,21.29,0.0
108.0,1705.0,2.0,0.0,0.0,3.0,0.0,7.0,281.6,1.0
112.0,1705.0,2.0,0.0,0.0,38.0,0.0,19.0,331.58,1.0
117.0,1705.0,2.0,0.0,0.0,6.0,0.0,6.0,65.44,1.0
122.0,1705.0,2.0,0.0,0.0,45.0,0.0,18.0,2444.86,1.0
128.0,1705.0,2.0,0.0,0.0,6.0,0.0,6.0,182.77,0.0
126.0,1705.0,2.0,0.0,0.0,38.0,0.0,19.0,193.59,1.0
128.0,1705.0,2.0,0.0,0.0,2.0,0.0,6.0,101.85,0.0
129.0,1705.0,2.0,0.0,0.0,6.0,0.0,6.0,154.47,1.0
134.0,1705.0,2.0,0.0,0.0,22.0,0.0,12.0,315.38,1.0
136.0,1705.0,2.0,0.0,0.0,6.0,0.0,6.0,599.56,1.0
142.0,1705.0,2.0,0.0,0.0,13.0,0.0,14.0,38.5,0.0
141.0,1705.0,2.0,0.0,0.0,10.0,0.0,11.0,73.56,1.0
143.0,1705.0,2.0,0.0,0.0,10.0,0.0,11.0,191.54,0.0
150.0,1705.0,2.0,0.0,0.0,5.0,0.0,8.0,32.17,0.0
151.0,1705.0,2.0,0.0,0.0,1.0,0.0,5.0,21.17,0.0
152.0,1705.0,2.0,0.0,0.0,22.0,0.0,12.0,774.79,1.0
152.0,1705.0,2.0,0.0,0.0,1.0,0.0,5.0,26.51,0.0
153.0,1705.0,2.0,0.0,0.0,1.0,0.0,5.0,29.96,0.0
156.0,1705.0,2.0,0.0,0.0,1.0,0.0,5.0,47.19,0.0
157.0,1705.0,2.0,0.0,0.0,5.0,0.0,8.0,2.92,0.0
157.0,1705.0,2.0,0.0,0.0,6.0,0.0,6.0,341.59,1.0
158.0,1705.0,2.0,0.0,0.0,1.0,0.0,5.0,9.9,0.0
159.0,1705.0,2.0,0.0,0.0,1.0,0.0,5.0,10.12,0.0
162.0,1705.0,2.0,0.0,0.0,1.0,0.0,5.0,67.66,0.0
163.0,1705.0,2.0,0.0,0.0,5.0,0.0,8.0,9.12,0.0
164.0,1705.0,2.0,0.0,0.0,26.0,0.0,12.0,351.1,1.0
164.0,1705.0,2.0,0.0,0.0,1.0,0.0,5.0,31.33,0.0
165.0,1705.0,2.0,0.0,0.0,1.0,0.0,5.0,0.38,0.0
148.0,1712.0,1.0,0.0,0.0,1.0,0.0,5.0,4.0,0.0
149.0,1712.0,1.0,0.0,0.0,1.0,0.0,5.0,21.89,0.0
149.0,1712.0,1.0,0.0,0.0,35.0,0.0,18.0,2731.95,1.0
150.0,1712.0,1.0,0.0,0.0,1.0,0.0,5.0,30.01,0.0
151.0,1712.0,1.0,0.0,0.0,1.0,0.0,5.0,37.77,0.0
43.0,1715.0,1.0,0.0,0.0,1.0,0.0,5.0,51.11,0.0
44.0,1715.0,1.0,0.0,0.0,1.0,0.0,5.0,35.01,0.0
45.0,1715.0,1.0,0.0,0.0,30.0,0.0,16.0,421.39,1.0
45.0,1715.0,1.0,0.0,0.0,1.0,0.0,5.0,22.8,0.0
46.0,1715.0,1.0,0.0,0.0,1.0,0.0,5.0,10.36,0.0
82.0,1715.0,1.0,0.0,0.0,5.0,0.0,8.0,1.38,0.0
83.0,1715.0,1.0,0.0,0.0,1.0,0.0,5.0,24.01,0.0
84.0,1715.0,1.0,0.0,0.0,6.0,0.0,6.0,353.62,1.0
84.0,1715.0,1.0,0.0,0.0,1.0,0.0,5.0,16.26,0.0
85.0,1715.0,1.0,0.0,0.0,1.0,0.0,5.0,10.3,0.0
144.0,1718.0,0.0,0.0,0.0,20.0,0.0,13.0,30.91,0.0
159.0,1718.0,0.0,0.0,0.0,12.0,0.0,13.0,48.5,0.0
173.0,1718.0,0.0,0.0,0.0,15.0,0.0,13.0,61.16,1.0
96.0,1723.0,1.0,0.0,0.0,21.0,0.0,13.0,23.7,0.0
116.0,1723.0,1.0,0.0,0.0,12.0,0.0,13.0,46.04,0.0
145.0,1723.0,1.0,0.0,0.0,22.0,0.0,12.0,409.8,1.0
152.0,1723.0,1.0,0.0,0.0,16.0,0.0,16.0,31.44,0.0
160.0,1723.0,1.0,0.0,0.0,3.0,0.0,7.0,7.83,0.0
165.0,1723.0,1.0,0.0,0.0,18.0,0.0,9.0,82.74,0.0
168.0,1723.0,1.0,0.0,0.0,22.0,0.0,12.0,17.37,1.0
175.0,1723.0,1.0,0.0,0.0,25.0,0.0,15.0,107.45,0.0
154.0,1726.0,2.0,0.0,0.0,4.0,0.0,6.0,6.71,0.0
154.0,1726.0,2.0,0.0,0.0,42.0,0.0,6.0,12.72,0.0
154.0,1726.0,2.0,0.0,0.0,7.0,0.0,6.0,693.76,1.0
155.0,1726.0,2.0,0.0,0.0,1.0,0.0,5.0,40.39,0.0
157.0,1726.0,2.0,0.0,0.0,1.0,0.0,5.0,25.51,0.0
31.0,1727.0,3.0,1.0,0.0,0.0,0.0,5.0,29.75,0.0
32.0,1727.0,3.0,1.0,0.0,0.0,0.0,5.0,89.06,0.0
34.0,1727.0,3.0,1.0,0.0,35.0,0.0,18.0,2431.87,1.0
34.0,1727.0,3.0,1.0,0.0,0.0,0.0,5.0,21.42,0.0
35.0,1727.0,3.0,1.0,0.0,0.0,0.0,5.0,37.6,0.0
58.0,1727.0,3.0,1.0,0.0,0.0,0.0,5.0,4.78,0.0
59.0,1727.0,3.0,1.0,0.0,0.0,0.0,5.0,11.53,0.0
61.0,1727.0,3.0,1.0,0.0,2.0,0.0,6.0,809.22,1.0
61.0,1727.0,3.0,1.0,0.0,0.0,0.0,5.0,9.06,0.0
62.0,1727.0,3.0,1.0,0.0,0.0,0.0,5.0,25.78,0.0
3.0,1731.0,0.0,1.0,0.0,9.0,0.0,10.0,39.58,0.0
4.0,1731.0,0.0,1.0,0.0,20.0,0.0,13.0,21.53,0.0
9.0,1731.0,0.0,1.0,0.0,20.0,0.0,13.0,196.12,1.0
12.0,1731.0,0.0,1.0,0.0,22.0,0.0,12.0,134.43,0.0
13.0,1731.0,0.0,1.0,0.0,7.0,0.0,6.0,66.79,0.0
56.0,1731.0,0.0,1.0,0.0,0.0,0.0,5.0,15.32,0.0
59.0,1731.0,0.0,1.0,0.0,0.0,0.0,5.0,28.51,0.0
59.0,1731.0,0.0,1.0,0.0,18.0,0.0,9.0,280.32,1.0
60.0,1731.0,0.0,1.0,0.0,0.0,0.0,5.0,2.63,0.0
62.0,1731.0,0.0,1.0,0.0,0.0,0.0,5.0,33.0,0.0
78.0,1731.0,0.0,1.0,0.0,0.0,0.0,5.0,6.45,0.0
79.0,1731.0,0.0,1.0,0.0,0.0,0.0,5.0,33.68,0.0
79.0,1731.0,0.0,1.0,0.0,20.0,0.0,13.0,357.75,1.0
80.0,1731.0,0.0,1.0,0.0,0.0,0.0,5.0,46.77,0.0
81.0,1731.0,0.0,1.0,0.0,0.0,0.0,5.0,6.49,0.0
133.0,1731.0,0.0,1.0,0.0,0.0,0.0,5.0,10.71,0.0
134.0,1731.0,0.0,1.0,0.0,0.0,0.0,5.0,28.88,0.0
136.0,1731.0,0.0,1.0,0.0,6.0,0.0,6.0,65.13,1.0
137.0,1731.0,0.0,1.0,0.0,0.0,0.0,5.0,28.99,0.0
138.0,1731.0,0.0,1.0,0.0,0.0,0.0,5.0,20.26,0.0
112.0,1739.0,1.0,1.0,0.0,1.0,0.0,5.0,17.18,0.0
113.0,1739.0,1.0,1.0,0.0,1.0,0.0,5.0,20.78,0.0
113.0,1739.0,1.0,1.0,0.0,35.0,0.0,18.0,385.3,1.0
114.0,1739.0,1.0,1.0,0.0,1.0,0.0,5.0,67.58,0.0
115.0,1739.0,1.0,1.0,0.0,1.0,0.0,5.0,27.61,0.0
132.0,1739.0,1.0,1.0,0.0,1.0,0.0,5.0,43.34,0.0
133.0,1739.0,1.0,1.0,0.0,1.0,0.0,5.0,59.39,0.0
134.0,1739.0,1.0,1.0,0.0,6.0,0.0,6.0,243.12,1.0
134.0,1739.0,1.0,1.0,0.0,1.0,0.0,5.0,39.43,0.0
136.0,1739.0,1.0,1.0,0.0,1.0,0.0,5.0,12.66,0.0
59.0,1743.0,1.0,0.0,0.0,0.0,0.0,5.0,59.36,0.0
60.0,1743.0,1.0,0.0,0.0,0.0,0.0,5.0,22.68,0.0
60.0,1743.0,1.0,0.0,0.0,6.0,0.0,6.0,431.27,1.0
61.0,1743.0,1.0,0.0,0.0,0.0,0.0,5.0,15.81,0.0
62.0,1743.0,1.0,0.0,0.0,20.0,0.0,13.0,326.82,1.0
62.0,1743.0,1.0,0.0,0.0,13.0,0.0,14.0,86.73,0.0
63.0,1743.0,1.0,0.0,0.0,5.0,0.0,8.0,43.92,0.0
144.0,1754.0,0.0,0.0,0.0,1.0,0.0,5.0,40.33,0.0
145.0,1754.0,0.0,0.0,0.0,1.0,0.0,5.0,0.41,0.0
146.0,1754.0,0.0,0.0,0.0,15.0,0.0,13.0,8.7,1.0
146.0,1754.0,0.0,0.0,0.0,1.0,0.0,5.0,3.42,0.0
147.0,1754.0,0.0,0.0,0.0,1.0,0.0,5.0,68.21,0.0
36.0,1762.0,3.0,1.0,0.0,4.0,0.0,6.0,243.17,0.0
37.0,1762.0,3.0,1.0,0.0,3.0,0.0,7.0,48.14,0.0
42.0,1762.0,3.0,1.0,0.0,22.0,0.0,12.0,217.91,1.0
51.0,1762.0,3.0,1.0,0.0,6.0,0.0,6.0,87.95,0.0
56.0,1762.0,3.0,1.0,0.0,12.0,0.0,13.0,75.4,0.0
154.0,1762.0,3.0,1.0,0.0,1.0,0.0,5.0,24.05,0.0
155.0,1762.0,3.0,1.0,0.0,1.0,0.0,5.0,1.15,0.0
155.0,1762.0,3.0,1.0,0.0,41.0,0.0,19.0,474.48,1.0
156.0,1762.0,3.0,1.0,0.0,1.0,0.0,5.0,30.9,0.0
157.0,1762.0,3.0,1.0,0.0,5.0,0.0,8.0,42.81,0.0
73.0,1763.0,0.0,0.0,0.0,18.0,0.0,9.0,92.74,0.0
98.0,1763.0,0.0,0.0,0.0,17.0,0.0,9.0,177.34,0.0
108.0,1763.0,0.0,0.0,0.0,17.0,0.0,9.0,690.21,1.0
112.0,1763.0,0.0,0.0,0.0,13.0,0.0,14.0,18.13,0.0
113.0,1763.0,0.0,0.0,0.0,0.0,0.0,5.0,39.86,0.0
173.0,1763.0,0.0,0.0,0.0,0.0,0.0,5.0,26.63,0.0
174.0,1763.0,0.0,0.0,0.0,0.0,0.0,5.0,1.05,0.0
174.0,1763.0,0.0,0.0,0.0,9.0,0.0,10.0,41.49,1.0
175.0,1763.0,0.0,0.0,0.0,0.0,0.0,5.0,12.92,0.0
176.0,1763.0,0.0,0.0,0.0,0.0,0.0,5.0,9.87,0.0
87.0,1774.0,1.0,0.0,0.0,9.0,0.0,10.0,41.08,0.0
88.0,1774.0,1.0,0.0,0.0,7.0,0.0,6.0,55.12,0.0
90.0,1774.0,1.0,0.0,0.0,9.0,0.0,10.0,174.57,1.0
108.0,1774.0,1.0,0.0,0.0,22.0,0.0,12.0,17.59,0.0
93.0,1774.0,1.0,0.0,0.0,6.0,0.0,6.0,334.28,1.0
133.0,1774.0,1.0,0.0,0.0,22.0,0.0,12.0,344.54,1.0
141.0,1774.0,1.0,0.0,0.0,13.0,0.0,14.0,200.38,1.0
163.0,1774.0,1.0,0.0,0.0,25.0,0.0,15.0,1.28,0.0
154.0,1774.0,1.0,0.0,0.0,38.0,0.0,19.0,356.64,1.0
171.0,1774.0,1.0,0.0,0.0,6.0,0.0,6.0,1449.38,1.0
176.0,1774.0,1.0,0.0,0.0,12.0,0.0,13.0,83.38,0.0
174.0,1774.0,1.0,0.0,0.0,20.0,0.0,13.0,186.56,1.0
169.0,1775.0,1.0,1.0,0.0,0.0,0.0,5.0,32.11,0.0
170.0,1775.0,1.0,1.0,0.0,0.0,0.0,5.0,42.31,0.0
170.0,1775.0,1.0,1.0,0.0,22.0,0.0,12.0,618.6,1.0
171.0,1775.0,1.0,1.0,0.0,0.0,0.0,5.0,11.07,0.0
172.0,1775.0,1.0,1.0,0.0,0.0,0.0,5.0,11.46,0.0
10.0,1779.0,2.0,1.0,0.0,0.0,0.0,5.0,32.31,0.0
11.0,1779.0,2.0,1.0,0.0,0.0,0.0,5.0,48.55,0.0
11.0,1779.0,2.0,1.0,0.0,9.0,0.0,10.0,137.29,1.0
13.0,1779.0,2.0,1.0,0.0,0.0,0.0,5.0,53.8,0.0
14.0,1779.0,2.0,1.0,0.0,0.0,0.0,5.0,69.17,0.0
16.0,1779.0,2.0,1.0,0.0,0.0,0.0,5.0,4.52,0.0
17.0,1779.0,2.0,1.0,0.0,0.0,0.0,5.0,31.43,0.0
18.0,1779.0,2.0,1.0,0.0,22.0,0.0,12.0,105.73,1.0
18.0,1779.0,2.0,1.0,0.0,0.0,0.0,5.0,0.38,0.0
19.0,1779.0,2.0,1.0,0.0,0.0,0.0,5.0,7.2,0.0
20.0,1779.0,2.0,1.0,0.0,6.0,0.0,6.0,308.71,1.0
21.0,1779.0,2.0,1.0,0.0,0.0,0.0,5.0,37.67,0.0
22.0,1779.0,2.0,1.0,0.0,0.0,0.0,5.0,1.08,0.0
64.0,1779.0,2.0,1.0,0.0,0.0,0.0,5.0,23.3,0.0
65.0,1779.0,2.0,1.0,0.0,0.0,0.0,5.0,2.62,0.0
65.0,1779.0,2.0,1.0,0.0,18.0,0.0,9.0,534.82,1.0
66.0,1779.0,2.0,1.0,0.0,0.0,0.0,5.0,0.6,0.0
67.0,1779.0,2.0,1.0,0.0,0.0,0.0,5.0,33.25,0.0
68.0,1779.0,2.0,1.0,0.0,0.0,0.0,5.0,16.31,0.0
69.0,1779.0,2.0,1.0,0.0,44.0,0.0,13.0,566.31,1.0
69.0,1779.0,2.0,1.0,0.0,0.0,0.0,5.0,24.91,0.0
70.0,1779.0,2.0,1.0,0.0,0.0,0.0,5.0,40.83,0.0
95.0,1779.0,2.0,1.0,0.0,0.0,0.0,5.0,49.57,0.0
96.0,1779.0,2.0,1.0,0.0,0.0,0.0,5.0,64.37,0.0
97.0,1779.0,2.0,1.0,0.0,44.0,0.0,13.0,52.96,1.0
97.0,1779.0,2.0,1.0,0.0,0.0,0.0,5.0,17.32,0.0
98.0,1779.0,2.0,1.0,0.0,0.0,0.0,5.0,29.8,0.0
104.0,1779.0,2.0,1.0,0.0,0.0,0.0,5.0,5.86,0.0
105.0,1779.0,2.0,1.0,0.0,0.0,0.0,5.0,14.97,0.0
105.0,1779.0,2.0,1.0,0.0,6.0,0.0,6.0,195.35,1.0
106.0,1779.0,2.0,1.0,0.0,9.0,0.0,10.0,2.85,0.0
107.0,1779.0,2.0,1.0,0.0,0.0,0.0,5.0,37.38,0.0
148.0,1779.0,2.0,1.0,0.0,0.0,0.0,5.0,4.04,0.0
149.0,1779.0,2.0,1.0,0.0,0.0,0.0,5.0,27.96,0.0
149.0,1779.0,2.0,1.0,0.0,6.0,0.0,6.0,332.58,1.0
150.0,1779.0,2.0,1.0,0.0,0.0,0.0,5.0,5.85,0.0
151.0,1779.0,2.0,1.0,0.0,0.0,0.0,5.0,2.93,0.0
111.0,1783.0,3.0,1.0,0.0,0.0,0.0,5.0,21.7,0.0
112.0,1783.0,3.0,1.0,0.0,0.0,0.0,5.0,38.21,0.0
112.0,1783.0,3.0,1.0,0.0,25.0,0.0,15.0,61.61,1.0
113.0,1783.0,3.0,1.0,0.0,0.0,0.0,5.0,19.42,0.0
114.0,1783.0,3.0,1.0,0.0,0.0,0.0,5.0,18.18,0.0
129.0,1783.0,3.0,1.0,0.0,0.0,0.0,5.0,38.55,0.0
130.0,1783.0,3.0,1.0,0.0,0.0,0.0,5.0,14.44,0.0
130.0,1783.0,3.0,1.0,0.0,38.0,0.0,19.0,333.16,1.0
131.0,1783.0,3.0,1.0,0.0,0.0,0.0,5.0,9.01,0.0
132.0,1783.0,3.0,1.0,0.0,0.0,0.0,5.0,38.33,0.0
153.0,1783.0,3.0,1.0,0.0,0.0,0.0,5.0,2.96,0.0
154.0,1783.0,3.0,1.0,0.0,9.0,0.0,10.0,17.77,0.0
155.0,1783.0,3.0,1.0,0.0,17.0,0.0,9.0,707.09,1.0
155.0,1783.0,3.0,1.0,0.0,0.0,0.0,5.0,4.09,0.0
156.0,1783.0,3.0,1.0,0.0,0.0,0.0,5.0,19.19,0.0
56.0,1784.0,2.0,0.0,0.0,1.0,0.0,5.0,25.36,0.0
57.0,1784.0,2.0,0.0,0.0,1.0,0.0,5.0,41.93,0.0
58.0,1784.0,2.0,0.0,0.0,35.0,0.0,18.0,2792.32,1.0
58.0,1784.0,2.0,0.0,0.0,1.0,0.0,5.0,33.55,0.0
59.0,1784.0,2.0,0.0,0.0,1.0,0.0,5.0,61.05,0.0
73.0,1784.0,2.0,0.0,0.0,1.0,0.0,5.0,5.52,0.0
74.0,1784.0,2.0,0.0,0.0,1.0,0.0,5.0,47.64,0.0
75.0,1784.0,2.0,0.0,0.0,22.0,0.0,12.0,81.69,1.0
75.0,1784.0,2.0,0.0,0.0,1.0,0.0,5.0,11.34,0.0
76.0,1784.0,2.0,0.0,0.0,1.0,0.0,5.0,8.69,0.0
104.0,1784.0,2.0,0.0,0.0,5.0,0.0,8.0,3.97,0.0
105.0,1784.0,2.0,0.0,0.0,1.0,0.0,5.0,29.63,0.0
106.0,1784.0,2.0,0.0,0.0,35.0,0.0,18.0,1011.0,1.0
106.0,1784.0,2.0,0.0,0.0,1.0,0.0,5.0,24.68,0.0
107.0,1784.0,2.0,0.0,0.0,1.0,0.0,5.0,59.52,0.0
110.0,1784.0,2.0,0.0,0.0,5.0,0.0,8.0,93.33,0.0
111.0,1784.0,2.0,0.0,0.0,1.0,0.0,5.0,12.26,0.0
111.0,1784.0,2.0,0.0,0.0,16.0,0.0,16.0,190.63,1.0
112.0,1784.0,2.0,0.0,0.0,1.0,0.0,5.0,29.81,0.0
114.0,1784.0,2.0,0.0,0.0,1.0,0.0,5.0,41.25,0.0
134.0,1784.0,2.0,0.0,0.0,1.0,0.0,5.0,32.24,0.0
135.0,1784.0,2.0,0.0,0.0,1.0,0.0,5.0,38.54,0.0
136.0,1784.0,2.0,0.0,0.0,17.0,0.0,9.0,152.98,1.0
136.0,1784.0,2.0,0.0,0.0,1.0,0.0,5.0,21.18,0.0
137.0,1784.0,2.0,0.0,0.0,1.0,0.0,5.0,20.15,0.0
113.0,1785.0,3.0,1.0,0.0,0.0,0.0,5.0,14.78,0.0
114.0,1785.0,3.0,1.0,0.0,0.0,0.0,5.0,3.1,0.0
115.0,1785.0,3.0,1.0,0.0,35.0,0.0,18.0,2620.43,1.0
116.0,1785.0,3.0,1.0,0.0,0.0,0.0,5.0,29.0,0.0
117.0,1785.0,3.0,1.0,0.0,0.0,0.0,5.0,42.42,0.0
121.0,1785.0,3.0,1.0,0.0,9.0,0.0,10.0,88.5,0.0
122.0,1785.0,3.0,1.0,0.0,0.0,0.0,5.0,14.73,0.0
124.0,1785.0,3.0,1.0,0.0,11.0,0.0,12.0,61.75,1.0
124.0,1785.0,3.0,1.0,0.0,0.0,0.0,5.0,4.65,0.0
125.0,1785.0,3.0,1.0,0.0,0.0,0.0,5.0,37.8,0.0
126.0,1785.0,3.0,1.0,0.0,3.0,0.0,7.0,58.23,1.0
126.0,1785.0,3.0,1.0,0.0,33.0,0.0,17.0,39.0,0.0
127.0,1785.0,3.0,1.0,0.0,0.0,0.0,5.0,38.24,0.0
25.0,1787.0,1.0,1.0,0.0,0.0,0.0,5.0,5.6,0.0
26.0,1787.0,1.0,1.0,0.0,0.0,0.0,5.0,48.0,0.0
26.0,1787.0,1.0,1.0,0.0,22.0,0.0,12.0,53.33,1.0
27.0,1787.0,1.0,1.0,0.0,0.0,0.0,5.0,29.97,0.0
28.0,1787.0,1.0,1.0,0.0,0.0,0.0,5.0,24.07,0.0
63.0,1787.0,1.0,1.0,0.0,30.0,0.0,16.0,221.72,0.0
68.0,1787.0,1.0,1.0,0.0,8.0,0.0,9.0,121.58,0.0
83.0,1787.0,1.0,1.0,0.0,6.0,0.0,6.0,369.61,1.0
86.0,1787.0,1.0,1.0,0.0,8.0,0.0,9.0,126.56,0.0
86.0,1787.0,1.0,1.0,0.0,19.0,0.0,9.0,181.94,0.0
88.0,1787.0,1.0,1.0,0.0,22.0,0.0,12.0,373.58,1.0
93.0,1787.0,1.0,1.0,0.0,22.0,0.0,12.0,134.3,0.0
89.0,1787.0,1.0,1.0,0.0,6.0,0.0,6.0,530.16,1.0
94.0,1787.0,1.0,1.0,0.0,9.0,0.0,10.0,100.38,1.0
104.0,1787.0,1.0,1.0,0.0,25.0,0.0,15.0,86.75,0.0
139.0,1787.0,1.0,1.0,0.0,22.0,0.0,12.0,512.27,1.0
141.0,1787.0,1.0,1.0,0.0,6.0,0.0,6.0,183.2,0.0
141.0,1787.0,1.0,1.0,0.0,25.0,0.0,15.0,773.61,1.0
145.0,1787.0,1.0,1.0,0.0,16.0,0.0,16.0,109.58,1.0
148.0,1787.0,1.0,1.0,0.0,35.0,0.0,18.0,2378.15,1.0
162.0,1787.0,1.0,1.0,0.0,9.0,0.0,10.0,140.47,1.0
168.0,1787.0,1.0,1.0,0.0,6.0,0.0,6.0,569.6,1.0
169.0,1787.0,1.0,1.0,0.0,9.0,0.0,10.0,200.69,1.0
176.0,1787.0,1.0,1.0,0.0,35.0,0.0,18.0,246.8,1.0
178.0,1787.0,1.0,1.0,0.0,6.0,0.0,6.0,164.56,0.0
177.0,1787.0,1.0,1.0,0.0,20.0,0.0,13.0,179.59,1.0
178.0,1787.0,1.0,1.0,0.0,2.0,0.0,6.0,142.28,0.0
85.0,1794.0,2.0,1.0,0.0,0.0,0.0,5.0,26.7,0.0
87.0,1794.0,2.0,1.0,0.0,0.0,0.0,5.0,17.8,0.0
88.0,1794.0,2.0,1.0,0.0,27.0,0.0,12.0,556.08,1.0
88.0,1794.0,2.0,1.0,0.0,0.0,0.0,5.0,1.15,0.0
89.0,1794.0,2.0,1.0,0.0,9.0,0.0,10.0,4.57,0.0
33.0,1797.0,1.0,0.0,0.0,13.0,0.0,14.0,20.2,0.0
34.0,1797.0,1.0,0.0,0.0,11.0,0.0,12.0,4.86,0.0
64.0,1797.0,1.0,0.0,0.0,25.0,0.0,15.0,325.62,1.0
80.0,1797.0,1.0,0.0,0.0,12.0,0.0,13.0,40.72,0.0
87.0,1797.0,1.0,0.0,0.0,6.0,0.0,6.0,89.77,0.0
109.0,1797.0,1.0,0.0,0.0,7.0,0.0,6.0,90.06,0.0
111.0,1797.0,1.0,0.0,0.0,9.0,0.0,10.0,30.29,0.0
113.0,1797.0,1.0,0.0,0.0,10.0,0.0,11.0,227.93,1.0
113.0,1797.0,1.0,0.0,0.0,0.0,0.0,5.0,10.92,0.0
114.0,1797.0,1.0,0.0,0.0,0.0,0.0,5.0,19.29,0.0
138.0,1797.0,1.0,0.0,0.0,1.0,0.0,5.0,15.78,0.0
139.0,1797.0,1.0,0.0,0.0,1.0,0.0,5.0,38.99,0.0
140.0,1797.0,1.0,0.0,0.0,10.0,0.0,11.0,639.88,1.0
140.0,1797.0,1.0,0.0,0.0,1.0,0.0,5.0,25.49,0.0
141.0,1797.0,1.0,0.0,0.0,1.0,0.0,5.0,18.7,0.0
130.0,1802.0,1.0,0.0,0.0,1.0,0.0,5.0,44.12,0.0
131.0,1802.0,1.0,0.0,0.0,1.0,0.0,5.0,22.14,0.0
131.0,1802.0,1.0,0.0,0.0,6.0,0.0,6.0,381.16,1.0
132.0,1802.0,1.0,0.0,0.0,1.0,0.0,5.0,18.84,0.0
133.0,1802.0,1.0,0.0,0.0,1.0,0.0,5.0,66.03,0.0
147.0,1802.0,1.0,0.0,0.0,1.0,0.0,5.0,11.47,0.0
148.0,1802.0,1.0,0.0,0.0,1.0,0.0,5.0,12.64,0.0
149.0,1802.0,1.0,0.0,0.0,35.0,0.0,18.0,2948.13,1.0
150.0,1802.0,1.0,0.0,0.0,1.0,0.0,5.0,64.07,0.0
151.0,1802.0,1.0,0.0,0.0,1.0,0.0,5.0,42.45,0.0
51.0,1803.0,0.0,1.0,0.0,1.0,0.0,5.0,44.8,0.0
52.0,1803.0,0.0,1.0,0.0,1.0,0.0,5.0,45.21,0.0
53.0,1803.0,0.0,1.0,0.0,6.0,0.0,6.0,365.63,1.0
53.0,1803.0,0.0,1.0,0.0,1.0,0.0,5.0,16.29,0.0
54.0,1803.0,0.0,1.0,0.0,4.0,0.0,6.0,69.75,0.0
109.0,1803.0,0.0,1.0,0.0,1.0,0.0,5.0,10.07,0.0
110.0,1803.0,0.0,1.0,0.0,1.0,0.0,5.0,34.58,0.0
110.0,1803.0,0.0,1.0,0.0,11.0,0.0,12.0,154.97,1.0
112.0,1803.0,0.0,1.0,0.0,1.0,0.0,5.0,29.2,0.0
113.0,1803.0,0.0,1.0,0.0,14.0,0.0,15.0,23.96,0.0
143.0,1805.0,5.0,0.0,0.0,1.0,0.0,5.0,23.98,0.0
144.0,1805.0,5.0,0.0,0.0,1.0,0.0,5.0,67.93,0.0
144.0,1805.0,5.0,0.0,0.0,6.0,0.0,6.0,78.11,1.0
145.0,1805.0,5.0,0.0,0.0,1.0,0.0,5.0,27.02,0.0
146.0,1805.0,5.0,0.0,0.0,1.0,0.0,5.0,50.59,0.0
147.0,1813.0,0.0,0.0,0.0,0.0,0.0,5.0,11.52,0.0
148.0,1813.0,0.0,0.0,0.0,13.0,0.0,14.0,79.98,0.0
149.0,1813.0,0.0,0.0,0.0,13.0,0.0,14.0,123.93,1.0
149.0,1813.0,0.0,0.0,0.0,0.0,0.0,5.0,25.94,0.0
150.0,1813.0,0.0,0.0,0.0,0.0,0.0,5.0,14.54,0.0
161.0,1816.0,1.0,1.0,0.0,1.0,0.0,5.0,47.06,0.0
163.0,1816.0,1.0,1.0,0.0,1.0,0.0,5.0,36.18,0.0
164.0,1816.0,1.0,1.0,0.0,6.0,0.0,6.0,304.64,1.0
164.0,1816.0,1.0,1.0,0.0,1.0,0.0,5.0,15.58,0.0
165.0,1816.0,1.0,1.0,0.0,14.0,0.0,15.0,78.04,0.0
102.0,1830.0,0.0,0.0,0.0,1.0,0.0,5.0,11.66,0.0
103.0,1830.0,0.0,0.0,0.0,1.0,0.0,5.0,46.39,0.0
104.0,1830.0,0.0,0.0,0.0,18.0,0.0,9.0,668.44,1.0
104.0,1830.0,0.0,0.0,0.0,1.0,0.0,5.0,33.02,0.0
105.0,1830.0,0.0,0.0,0.0,1.0,0.0,5.0,5.35,0.0
109.0,1830.0,0.0,0.0,0.0,1.0,0.0,5.0,1.61,0.0
110.0,1830.0,0.0,0.0,0.0,1.0,0.0,5.0,17.67,0.0
111.0,1830.0,0.0,0.0,0.0,6.0,0.0,6.0,1356.17,1.0
111.0,1830.0,0.0,0.0,0.0,1.0,0.0,5.0,12.49,0.0
112.0,1830.0,0.0,0.0,0.0,5.0,0.0,8.0,4.85,0.0
164.0,1830.0,0.0,0.0,0.0,0.0,0.0,5.0,29.45,0.0
164.0,1830.0,0.0,0.0,0.0,1.0,0.0,5.0,15.93,0.0
164.0,1830.0,0.0,0.0,0.0,22.0,0.0,12.0,11.2,1.0
165.0,1830.0,0.0,0.0,0.0,1.0,0.0,5.0,21.26,0.0
166.0,1830.0,0.0,0.0,0.0,1.0,0.0,5.0,42.62,0.0
176.0,1830.0,0.0,0.0,0.0,1.0,0.0,5.0,38.02,0.0
177.0,1830.0,0.0,0.0,0.0,1.0,0.0,5.0,20.18,0.0
177.0,1830.0,0.0,0.0,0.0,22.0,0.0,12.0,2.63,1.0
178.0,1830.0,0.0,0.0,0.0,1.0,0.0,5.0,28.39,0.0
179.0,1830.0,0.0,0.0,0.0,1.0,0.0,5.0,40.49,0.0
87.0,1839.0,0.0,0.0,0.0,1.0,0.0,5.0,30.81,0.0
88.0,1839.0,0.0,0.0,0.0,1.0,0.0,5.0,34.86,0.0
89.0,1839.0,0.0,0.0,0.0,30.0,0.0,16.0,729.11,1.0
91.0,1839.0,0.0,0.0,0.0,1.0,0.0,5.0,59.79,0.0
92.0,1839.0,0.0,0.0,0.0,1.0,0.0,5.0,38.98,0.0
29.0,1840.0,3.0,1.0,0.0,0.0,0.0,5.0,19.22,0.0
30.0,1840.0,3.0,1.0,0.0,0.0,0.0,5.0,48.78,0.0
30.0,1840.0,3.0,1.0,0.0,25.0,0.0,15.0,118.27,1.0
31.0,1840.0,3.0,1.0,0.0,0.0,0.0,5.0,20.83,0.0
32.0,1840.0,3.0,1.0,0.0,13.0,0.0,14.0,5.68,0.0
113.0,1843.0,0.0,0.0,0.0,22.0,0.0,12.0,28.14,0.0
131.0,1843.0,0.0,0.0,0.0,30.0,0.0,16.0,34.82,0.0
145.0,1843.0,0.0,0.0,0.0,17.0,0.0,9.0,349.98,1.0
150.0,1843.0,0.0,0.0,0.0,7.0,0.0,6.0,92.45,0.0
161.0,1843.0,0.0,0.0,0.0,38.0,0.0,19.0,246.07,1.0
41.0,1845.0,4.0,0.0,0.0,0.0,0.0,5.0,24.22,0.0
42.0,1845.0,4.0,0.0,0.0,0.0,0.0,5.0,18.27,0.0
43.0,1845.0,4.0,0.0,0.0,11.0,0.0,12.0,751.48,1.0
43.0,1845.0,4.0,0.0,0.0,0.0,0.0,5.0,42.06,0.0
44.0,1845.0,4.0,0.0,0.0,0.0,0.0,5.0,52.61,0.0
14.0,1846.0,1.0,1.0,0.0,9.0,0.0,10.0,1.69,0.0
15.0,1846.0,1.0,1.0,0.0,0.0,0.0,5.0,35.21,0.0
16.0,1846.0,1.0,1.0,0.0,22.0,0.0,12.0,129.57,1.0
17.0,1846.0,1.0,1.0,0.0,0.0,0.0,5.0,33.72,0.0
18.0,1846.0,1.0,1.0,0.0,26.0,0.0,12.0,346.43,1.0
18.0,1846.0,1.0,1.0,0.0,0.0,0.0,5.0,38.92,0.0
19.0,1846.0,1.0,1.0,0.0,0.0,0.0,5.0,3.27,0.0
154.0,1846.0,1.0,1.0,0.0,0.0,0.0,5.0,18.36,0.0
154.0,1846.0,1.0,1.0,0.0,1.0,0.0,5.0,2.27,0.0
154.0,1846.0,1.0,1.0,0.0,21.0,0.0,13.0,454.62,1.0
155.0,1846.0,1.0,1.0,0.0,5.0,0.0,8.0,27.1,0.0
156.0,1846.0,1.0,1.0,0.0,1.0,0.0,5.0,43.46,0.0
121.0,1847.0,2.0,1.0,0.0,34.0,0.0,17.0,19.83,0.0
122.0,1847.0,2.0,1.0,0.0,26.0,0.0,12.0,43.96,0.0
135.0,1847.0,2.0,1.0,0.0,6.0,0.0,6.0,690.89,1.0
142.0,1847.0,2.0,1.0,0.0,2.0,0.0,6.0,95.43,0.0
150.0,1847.0,2.0,1.0,0.0,19.0,0.0,9.0,329.45,1.0
151.0,1847.0,2.0,1.0,0.0,6.0,0.0,6.0,245.47,0.0
4.0,1851.0,0.0,1.0,0.0,38.0,0.0,19.0,86.65,0.0
5.0,1851.0,0.0,1.0,0.0,0.0,0.0,5.0,36.11,0.0
5.0,1851.0,0.0,1.0,0.0,13.0,0.0,14.0,384.63,1.0
6.0,1851.0,0.0,1.0,0.0,0.0,0.0,5.0,25.75,0.0
7.0,1851.0,0.0,1.0,0.0,0.0,0.0,5.0,2.25,0.0
102.0,1851.0,0.0,1.0,0.0,1.0,0.0,5.0,63.45,0.0
103.0,1851.0,0.0,1.0,0.0,1.0,0.0,5.0,4.76,0.0
104.0,1851.0,0.0,1.0,0.0,18.0,0.0,9.0,396.41,1.0
104.0,1851.0,0.0,1.0,0.0,28.0,0.0,13.0,30.16,0.0
105.0,1851.0,0.0,1.0,0.0,0.0,0.0,5.0,43.72,0.0
67.0,1854.0,1.0,0.0,0.0,0.0,0.0,5.0,18.84,0.0
69.0,1854.0,1.0,0.0,0.0,0.0,0.0,5.0,17.37,0.0
70.0,1854.0,1.0,0.0,0.0,6.0,0.0,6.0,297.76,1.0
70.0,1854.0,1.0,0.0,0.0,0.0,0.0,5.0,16.09,0.0
71.0,1854.0,1.0,0.0,0.0,0.0,0.0,5.0,4.61,0.0
15.0,1856.0,3.0,1.0,0.0,1.0,0.0,5.0,20.25,0.0
16.0,1856.0,3.0,1.0,0.0,1.0,0.0,5.0,68.92,0.0
16.0,1856.0,3.0,1.0,0.0,2.0,0.0,6.0,520.11,1.0
17.0,1856.0,3.0,1.0,0.0,1.0,0.0,5.0,16.27,0.0
18.0,1856.0,3.0,1.0,0.0,1.0,0.0,5.0,22.7,0.0
81.0,1856.0,3.0,1.0,0.0,1.0,0.0,5.0,22.42,0.0
82.0,1856.0,3.0,1.0,0.0,1.0,0.0,5.0,4.97,0.0
82.0,1856.0,3.0,1.0,0.0,6.0,0.0,6.0,780.65,1.0
83.0,1856.0,3.0,1.0,0.0,1.0,0.0,5.0,62.39,0.0
84.0,1856.0,3.0,1.0,0.0,1.0,0.0,5.0,10.43,0.0
29.0,1868.0,1.0,1.0,0.0,0.0,0.0,5.0,63.04,0.0
30.0,1868.0,1.0,1.0,0.0,0.0,0.0,5.0,20.26,0.0
30.0,1868.0,1.0,1.0,0.0,22.0,0.0,12.0,327.87,1.0
31.0,1868.0,1.0,1.0,0.0,0.0,0.0,5.0,7.9,0.0
31.0,1868.0,1.0,1.0,0.0,22.0,0.0,12.0,321.56,1.0
32.0,1868.0,1.0,1.0,0.0,0.0,0.0,5.0,9.97,0.0
37.0,1868.0,1.0,1.0,0.0,4.0,0.0,6.0,102.02,0.0
38.0,1868.0,1.0,1.0,0.0,1.0,0.0,5.0,14.34,0.0
38.0,1868.0,1.0,1.0,0.0,22.0,0.0,12.0,532.32,1.0
39.0,1868.0,1.0,1.0,0.0,1.0,0.0,5.0,10.73,0.0
40.0,1868.0,1.0,1.0,0.0,1.0,0.0,5.0,23.93,0.0
42.0,1868.0,1.0,1.0,0.0,1.0,0.0,5.0,15.67,0.0
43.0,1868.0,1.0,1.0,0.0,1.0,0.0,5.0,5.92,0.0
43.0,1868.0,1.0,1.0,0.0,35.0,0.0,18.0,5821.37,1.0
44.0,1868.0,1.0,1.0,0.0,5.0,0.0,8.0,60.05,0.0
45.0,1868.0,1.0,1.0,0.0,1.0,0.0,5.0,32.59,0.0
51.0,1868.0,1.0,1.0,0.0,1.0,0.0,5.0,12.34,0.0
52.0,1868.0,1.0,1.0,0.0,1.0,0.0,5.0,8.82,0.0
52.0,1868.0,1.0,1.0,0.0,22.0,0.0,12.0,598.25,1.0
53.0,1868.0,1.0,1.0,0.0,1.0,0.0,5.0,24.54,0.0
54.0,1868.0,1.0,1.0,0.0,1.0,0.0,5.0,18.16,0.0
55.0,1868.0,1.0,1.0,0.0,1.0,0.0,5.0,18.46,0.0
56.0,1868.0,1.0,1.0,0.0,1.0,0.0,5.0,14.48,0.0
57.0,1868.0,1.0,1.0,0.0,22.0,0.0,12.0,572.95,1.0
58.0,1868.0,1.0,1.0,0.0,1.0,0.0,5.0,18.21,0.0
59.0,1868.0,1.0,1.0,0.0,1.0,0.0,5.0,51.68,0.0
66.0,1868.0,1.0,1.0,0.0,1.0,0.0,5.0,39.72,0.0
67.0,1868.0,1.0,1.0,0.0,1.0,0.0,5.0,1.9,0.0
68.0,1868.0,1.0,1.0,0.0,6.0,0.0,6.0,207.4,1.0
68.0,1868.0,1.0,1.0,0.0,1.0,0.0,5.0,41.67,0.0
69.0,1868.0,1.0,1.0,0.0,1.0,0.0,5.0,32.41,0.0
69.0,1868.0,1.0,1.0,0.0,38.0,0.0,19.0,224.63,1.0
70.0,1868.0,1.0,1.0,0.0,1.0,0.0,5.0,18.39,0.0
71.0,1868.0,1.0,1.0,0.0,1.0,0.0,5.0,6.31,0.0
84.0,1868.0,1.0,1.0,0.0,14.0,0.0,15.0,85.69,0.0
85.0,1868.0,1.0,1.0,0.0,1.0,0.0,5.0,25.15,0.0
85.0,1868.0,1.0,1.0,0.0,10.0,0.0,11.0,150.88,1.0
86.0,1868.0,1.0,1.0,0.0,1.0,0.0,5.0,23.54,0.0
87.0,1868.0,1.0,1.0,0.0,1.0,0.0,5.0,36.86,0.0
66.0,1870.0,4.0,1.0,0.0,2.0,0.0,6.0,163.14,0.0
109.0,1870.0,4.0,1.0,0.0,12.0,0.0,13.0,18.89,0.0
115.0,1870.0,4.0,1.0,0.0,22.0,0.0,12.0,1012.38,1.0
149.0,1870.0,4.0,1.0,0.0,12.0,0.0,13.0,15.47,0.0
149.0,1870.0,4.0,1.0,0.0,20.0,0.0,13.0,24.08,0.0
64.0,1880.0,1.0,0.0,0.0,20.0,0.0,13.0,30.98,0.0
82.0,1880.0,1.0,0.0,0.0,12.0,0.0,13.0,34.68,0.0
83.0,1880.0,1.0,0.0,0.0,6.0,0.0,6.0,76.8,1.0
93.0,1880.0,1.0,0.0,0.0,13.0,0.0,14.0,24.03,0.0
94.0,1880.0,1.0,0.0,0.0,0.0,0.0,5.0,47.45,0.0
108.0,1880.0,1.0,0.0,0.0,0.0,0.0,5.0,46.99,0.0
109.0,1880.0,1.0,0.0,0.0,0.0,0.0,5.0,27.14,0.0
109.0,1880.0,1.0,0.0,0.0,6.0,0.0,6.0,709.36,1.0
110.0,1880.0,1.0,0.0,0.0,0.0,0.0,5.0,28.79,0.0
111.0,1880.0,1.0,0.0,0.0,0.0,0.0,5.0,6.57,0.0
51.0,1884.0,2.0,0.0,0.0,0.0,0.0,5.0,12.47,0.0
52.0,1884.0,2.0,0.0,0.0,0.0,0.0,5.0,44.95,0.0
52.0,1884.0,2.0,0.0,0.0,9.0,0.0,10.0,120.54,1.0
53.0,1884.0,2.0,0.0,0.0,0.0,0.0,5.0,9.88,0.0
54.0,1884.0,2.0,0.0,0.0,13.0,0.0,14.0,84.98,0.0
169.0,1888.0,2.0,0.0,0.0,1.0,0.0,5.0,31.81,0.0
170.0,1888.0,2.0,0.0,0.0,1.0,0.0,5.0,16.69,0.0
171.0,1888.0,2.0,0.0,0.0,31.0,0.0,9.0,582.45,1.0
171.0,1888.0,2.0,0.0,0.0,1.0,0.0,5.0,7.18,0.0
172.0,1888.0,2.0,0.0,0.0,1.0,0.0,5.0,6.92,0.0
43.0,1890.0,1.0,0.0,0.0,0.0,0.0,5.0,39.02,0.0
44.0,1890.0,1.0,0.0,0.0,9.0,0.0,10.0,71.27,0.0
46.0,1890.0,1.0,0.0,0.0,9.0,0.0,10.0,42.01,1.0
46.0,1890.0,1.0,0.0,0.0,0.0,0.0,5.0,8.13,0.0
47.0,1890.0,1.0,0.0,0.0,0.0,0.0,5.0,13.16,0.0
48.0,1890.0,1.0,0.0,0.0,0.0,0.0,5.0,21.67,0.0
49.0,1890.0,1.0,0.0,0.0,41.0,0.0,19.0,179.15,1.0
49.0,1890.0,1.0,0.0,0.0,0.0,0.0,5.0,11.21,0.0
50.0,1890.0,1.0,0.0,0.0,0.0,0.0,5.0,12.12,0.0
107.0,1890.0,1.0,0.0,0.0,1.0,0.0,5.0,43.99,0.0
108.0,1890.0,1.0,0.0,0.0,1.0,0.0,5.0,40.21,0.0
108.0,1890.0,1.0,0.0,0.0,38.0,0.0,19.0,288.76,1.0
109.0,1890.0,1.0,0.0,0.0,1.0,0.0,5.0,45.7,0.0
110.0,1890.0,1.0,0.0,0.0,1.0,0.0,5.0,22.01,0.0
119.0,1890.0,1.0,0.0,0.0,1.0,0.0,5.0,27.51,0.0
120.0,1890.0,1.0,0.0,0.0,1.0,0.0,5.0,14.31,0.0
120.0,1890.0,1.0,0.0,0.0,6.0,0.0,6.0,148.42,1.0
121.0,1890.0,1.0,0.0,0.0,1.0,0.0,5.0,35.91,0.0
122.0,1890.0,1.0,0.0,0.0,1.0,0.0,5.0,37.95,0.0
37.0,1893.0,1.0,1.0,0.0,0.0,0.0,5.0,17.84,0.0
39.0,1893.0,1.0,1.0,0.0,0.0,0.0,5.0,2.33,0.0
39.0,1893.0,1.0,1.0,0.0,6.0,0.0,6.0,324.34,1.0
40.0,1893.0,1.0,1.0,0.0,0.0,0.0,5.0,13.22,0.0
42.0,1893.0,1.0,1.0,0.0,15.0,0.0,13.0,80.55,0.0
59.0,1899.0,3.0,0.0,0.0,0.0,0.0,5.0,46.49,0.0
61.0,1899.0,3.0,0.0,0.0,0.0,0.0,5.0,10.64,0.0
62.0,1899.0,3.0,0.0,0.0,38.0,0.0,19.0,432.43,1.0
62.0,1899.0,3.0,0.0,0.0,0.0,0.0,5.0,57.22,0.0
63.0,1899.0,3.0,0.0,0.0,9.0,0.0,10.0,51.96,0.0
66.0,1899.0,3.0,0.0,0.0,15.0,0.0,13.0,147.75,0.0
66.0,1899.0,3.0,0.0,0.0,44.0,0.0,13.0,5.98,0.0
67.0,1899.0,3.0,0.0,0.0,6.0,0.0,6.0,224.88,1.0
69.0,1899.0,3.0,0.0,0.0,0.0,0.0,5.0,21.03,0.0
70.0,1899.0,3.0,0.0,0.0,0.0,0.0,5.0,13.74,0.0
87.0,1899.0,3.0,0.0,0.0,1.0,0.0,5.0,37.19,0.0
88.0,1899.0,3.0,0.0,0.0,1.0,0.0,5.0,1.82,0.0
89.0,1899.0,3.0,0.0,0.0,35.0,0.0,18.0,3843.72,1.0
89.0,1899.0,3.0,0.0,0.0,1.0,0.0,5.0,32.86,0.0
90.0,1899.0,3.0,0.0,0.0,1.0,0.0,5.0,9.64,0.0
168.0,1899.0,3.0,0.0,0.0,1.0,0.0,5.0,2.27,0.0
169.0,1899.0,3.0,0.0,0.0,5.0,0.0,8.0,59.41,0.0
170.0,1899.0,3.0,0.0,0.0,6.0,0.0,6.0,37.68,1.0
170.0,1899.0,3.0,0.0,0.0,1.0,0.0,5.0,57.94,0.0
171.0,1899.0,3.0,0.0,0.0,1.0,0.0,5.0,53.35,0.0
5.0,1912.0,1.0,0.0,0.0,0.0,0.0,5.0,33.95,0.0
7.0,1912.0,1.0,0.0,0.0,36.0,0.0,15.0,7.1,0.0
8.0,1912.0,1.0,0.0,0.0,22.0,0.0,12.0,656.54,1.0
8.0,1912.0,1.0,0.0,0.0,0.0,0.0,5.0,5.9,0.0
8.0,1912.0,1.0,0.0,0.0,1.0,0.0,5.0,7.69,0.0
9.0,1912.0,1.0,0.0,0.0,1.0,0.0,5.0,55.96,0.0
9.0,1912.0,1.0,0.0,0.0,11.0,0.0,12.0,456.64,1.0
10.0,1912.0,1.0,0.0,0.0,1.0,0.0,5.0,31.51,0.0
11.0,1912.0,1.0,0.0,0.0,1.0,0.0,5.0,23.13,0.0
161.0,1912.0,1.0,0.0,0.0,12.0,0.0,13.0,0.86,0.0
170.0,1912.0,1.0,0.0,0.0,6.0,0.0,6.0,0.36,0.0
174.0,1912.0,1.0,0.0,0.0,12.0,0.0,13.0,173.77,1.0
17.0,1915.0,0.0,1.0,0.0,4.0,0.0,6.0,43.18,0.0
18.0,1915.0,0.0,1.0,0.0,21.0,0.0,13.0,8.68,0.0
33.0,1915.0,0.0,1.0,0.0,22.0,0.0,12.0,81.92,1.0
39.0,1915.0,0.0,1.0,0.0,12.0,0.0,13.0,52.33,0.0
44.0,1915.0,0.0,1.0,0.0,6.0,0.0,6.0,161.87,0.0
53.0,1915.0,0.0,1.0,0.0,35.0,0.0,18.0,5856.7,1.0
57.0,1915.0,0.0,1.0,0.0,12.0,0.0,13.0,109.25,0.0
57.0,1915.0,0.0,1.0,0.0,20.0,0.0,13.0,7.26,0.0
145.0,1915.0,0.0,1.0,0.0,0.0,0.0,5.0,13.13,0.0
146.0,1915.0,0.0,1.0,0.0,35.0,0.0,18.0,131.32,0.0
147.0,1915.0,0.0,1.0,0.0,35.0,0.0,18.0,2371.07,1.0
147.0,1915.0,0.0,1.0,0.0,0.0,0.0,5.0,21.24,0.0
148.0,1915.0,0.0,1.0,0.0,0.0,0.0,5.0,46.7,0.0
153.0,1915.0,0.0,1.0,0.0,1.0,0.0,5.0,21.06,0.0
154.0,1915.0,0.0,1.0,0.0,1.0,0.0,5.0,5.98,0.0
155.0,1915.0,0.0,1.0,0.0,6.0,0.0,6.0,563.22,1.0
155.0,1915.0,0.0,1.0,0.0,5.0,0.0,8.0,45.87,0.0
156.0,1915.0,0.0,1.0,0.0,5.0,0.0,8.0,40.34,0.0
158.0,1915.0,0.0,1.0,0.0,1.0,0.0,5.0,53.34,0.0
159.0,1915.0,0.0,1.0,0.0,1.0,0.0,5.0,20.57,0.0
159.0,1915.0,0.0,1.0,0.0,6.0,0.0,6.0,318.25,1.0
160.0,1915.0,0.0,1.0,0.0,1.0,0.0,5.0,11.16,0.0
161.0,1915.0,0.0,1.0,0.0,1.0,0.0,5.0,16.17,0.0
29.0,1917.0,5.0,0.0,0.0,0.0,0.0,5.0,36.77,0.0
30.0,1917.0,5.0,0.0,0.0,0.0,0.0,5.0,22.81,0.0
30.0,1917.0,5.0,0.0,0.0,13.0,0.0,14.0,89.28,1.0
31.0,1917.0,5.0,0.0,0.0,0.0,0.0,5.0,13.72,0.0
32.0,1917.0,5.0,0.0,0.0,0.0,0.0,5.0,22.39,0.0
34.0,1917.0,5.0,0.0,0.0,9.0,0.0,10.0,80.28,0.0
35.0,1917.0,5.0,0.0,0.0,0.0,0.0,5.0,7.23,0.0
35.0,1917.0,5.0,0.0,0.0,6.0,0.0,6.0,227.11,1.0
36.0,1917.0,5.0,0.0,0.0,0.0,0.0,5.0,9.26,0.0
37.0,1917.0,5.0,0.0,0.0,0.0,0.0,5.0,29.39,0.0
100.0,1917.0,5.0,0.0,0.0,1.0,0.0,5.0,56.15,0.0
101.0,1917.0,5.0,0.0,0.0,1.0,0.0,5.0,27.77,0.0
101.0,1917.0,5.0,0.0,0.0,13.0,0.0,14.0,388.84,1.0
102.0,1917.0,5.0,0.0,0.0,1.0,0.0,5.0,43.11,0.0
103.0,1917.0,5.0,0.0,0.0,1.0,0.0,5.0,34.32,0.0
142.0,1917.0,5.0,0.0,0.0,42.0,0.0,6.0,242.24,0.0
143.0,1917.0,5.0,0.0,0.0,26.0,0.0,12.0,54.61,0.0
147.0,1917.0,5.0,0.0,0.0,26.0,0.0,12.0,271.93,1.0
154.0,1917.0,5.0,0.0,0.0,10.0,0.0,11.0,75.26,0.0
155.0,1917.0,5.0,0.0,0.0,1.0,0.0,5.0,38.75,0.0
159.0,1917.0,5.0,0.0,0.0,1.0,0.0,5.0,29.08,0.0
160.0,1917.0,5.0,0.0,0.0,1.0,0.0,5.0,11.28,0.0
161.0,1917.0,5.0,0.0,0.0,22.0,0.0,12.0,317.17,1.0
161.0,1917.0,5.0,0.0,0.0,1.0,0.0,5.0,28.11,0.0
162.0,1917.0,5.0,0.0,0.0,1.0,0.0,5.0,0.48,0.0
163.0,1917.0,5.0,0.0,0.0,1.0,0.0,5.0,20.32,0.0
164.0,1917.0,5.0,0.0,0.0,1.0,0.0,5.0,9.69,0.0
164.0,1917.0,5.0,0.0,0.0,13.0,0.0,14.0,133.66,1.0
166.0,1917.0,5.0,0.0,0.0,1.0,0.0,5.0,21.15,0.0
167.0,1917.0,5.0,0.0,0.0,1.0,0.0,5.0,1.22,0.0
75.0,1918.0,1.0,1.0,0.0,1.0,0.0,5.0,7.29,0.0
76.0,1918.0,1.0,1.0,0.0,1.0,0.0,5.0,45.13,0.0
77.0,1918.0,1.0,1.0,0.0,13.0,0.0,14.0,127.9,1.0
77.0,1918.0,1.0,1.0,0.0,1.0,0.0,5.0,58.45,0.0
78.0,1918.0,1.0,1.0,0.0,1.0,0.0,5.0,23.44,0.0
121.0,1924.0,1.0,1.0,0.0,0.0,0.0,5.0,17.68,0.0
121.0,1924.0,1.0,1.0,0.0,1.0,0.0,5.0,5.56,0.0
122.0,1924.0,1.0,1.0,0.0,6.0,0.0,6.0,15.06,1.0
122.0,1924.0,1.0,1.0,0.0,1.0,0.0,5.0,41.29,0.0
123.0,1924.0,1.0,1.0,0.0,1.0,0.0,5.0,4.18,0.0
145.0,1924.0,1.0,1.0,0.0,0.0,0.0,5.0,32.6,0.0
146.0,1924.0,1.0,1.0,0.0,0.0,0.0,5.0,25.03,0.0
146.0,1924.0,1.0,1.0,0.0,6.0,0.0,6.0,537.56,1.0
147.0,1924.0,1.0,1.0,0.0,0.0,0.0,5.0,21.23,0.0
148.0,1924.0,1.0,1.0,0.0,0.0,0.0,5.0,8.81,0.0
126.0,1926.0,1.0,1.0,0.0,4.0,0.0,6.0,4.79,0.0
126.0,1926.0,1.0,1.0,0.0,42.0,0.0,6.0,195.87,0.0
127.0,1926.0,1.0,1.0,0.0,22.0,0.0,12.0,363.1,1.0
127.0,1926.0,1.0,1.0,0.0,28.0,0.0,13.0,22.38,0.0
128.0,1926.0,1.0,1.0,0.0,0.0,0.0,5.0,31.65,0.0
118.0,1929.0,3.0,1.0,0.0,12.0,0.0,13.0,31.93,0.0
118.0,1929.0,3.0,1.0,0.0,20.0,0.0,13.0,34.38,0.0
122.0,1929.0,3.0,1.0,0.0,3.0,0.0,7.0,470.3,1.0
123.0,1929.0,3.0,1.0,0.0,30.0,0.0,16.0,4.58,0.0
135.0,1929.0,3.0,1.0,0.0,9.0,0.0,10.0,20.84,0.0
147.0,1933.0,3.0,1.0,0.0,0.0,0.0,5.0,21.67,0.0
149.0,1933.0,3.0,1.0,0.0,0.0,0.0,5.0,32.86,0.0
149.0,1933.0,3.0,1.0,0.0,3.0,0.0,7.0,120.19,1.0
150.0,1933.0,3.0,1.0,0.0,0.0,0.0,5.0,28.25,0.0
151.0,1933.0,3.0,1.0,0.0,9.0,0.0,10.0,87.15,0.0
123.0,1956.0,3.0,1.0,0.0,1.0,0.0,5.0,52.96,0.0
124.0,1956.0,3.0,1.0,0.0,5.0,0.0,8.0,72.91,0.0
124.0,1956.0,3.0,1.0,0.0,20.0,0.0,13.0,271.56,1.0
125.0,1956.0,3.0,1.0,0.0,1.0,0.0,5.0,62.87,0.0
126.0,1956.0,3.0,1.0,0.0,1.0,0.0,5.0,0.09,0.0
139.0,1956.0,3.0,1.0,0.0,1.0,0.0,5.0,11.42,0.0
140.0,1956.0,3.0,1.0,0.0,1.0,0.0,5.0,2.07,0.0
141.0,1956.0,3.0,1.0,0.0,31.0,0.0,9.0,386.49,1.0
141.0,1956.0,3.0,1.0,0.0,1.0,0.0,5.0,12.59,0.0
143.0,1956.0,3.0,1.0,0.0,1.0,0.0,5.0,3.7,0.0
170.0,1956.0,3.0,1.0,0.0,1.0,0.0,5.0,31.6,0.0
171.0,1956.0,3.0,1.0,0.0,1.0,0.0,5.0,16.47,0.0
171.0,1956.0,3.0,1.0,0.0,31.0,0.0,9.0,134.23,1.0
172.0,1956.0,3.0,1.0,0.0,1.0,0.0,5.0,26.89,0.0
173.0,1956.0,3.0,1.0,0.0,1.0,0.0,5.0,7.83,0.0
95.0,1959.0,1.0,1.0,0.0,5.0,0.0,8.0,14.56,0.0
96.0,1959.0,1.0,1.0,0.0,1.0,0.0,5.0,25.87,0.0
96.0,1959.0,1.0,1.0,0.0,22.0,0.0,12.0,101.81,1.0
97.0,1959.0,1.0,1.0,0.0,14.0,0.0,15.0,150.14,0.0
98.0,1959.0,1.0,1.0,0.0,1.0,0.0,5.0,17.48,0.0
98.0,1959.0,1.0,1.0,0.0,25.0,0.0,15.0,149.65,1.0
99.0,1959.0,1.0,1.0,0.0,1.0,0.0,5.0,4.1,0.0
100.0,1959.0,1.0,1.0,0.0,1.0,0.0,5.0,7.42,0.0
102.0,1959.0,1.0,1.0,0.0,1.0,0.0,5.0,8.5,0.0
103.0,1959.0,1.0,1.0,0.0,5.0,0.0,8.0,67.98,0.0
104.0,1959.0,1.0,1.0,0.0,38.0,0.0,19.0,298.47,1.0
104.0,1959.0,1.0,1.0,0.0,1.0,0.0,5.0,17.44,0.0
105.0,1959.0,1.0,1.0,0.0,1.0,0.0,5.0,45.7,0.0
111.0,1959.0,1.0,1.0,0.0,1.0,0.0,5.0,44.63,0.0
112.0,1959.0,1.0,1.0,0.0,1.0,0.0,5.0,32.19,0.0
112.0,1959.0,1.0,1.0,0.0,26.0,0.0,12.0,356.06,1.0
113.0,1959.0,1.0,1.0,0.0,1.0,0.0,5.0,54.12,0.0
114.0,1959.0,1.0,1.0,0.0,1.0,0.0,5.0,10.45,0.0
2.0,1965.0,0.0,0.0,0.0,0.0,0.0,5.0,32.92,0.0
3.0,1965.0,0.0,0.0,0.0,9.0,0.0,10.0,4.07,0.0
4.0,1965.0,0.0,0.0,0.0,38.0,0.0,19.0,427.51,1.0
5.0,1965.0,0.0,0.0,0.0,0.0,0.0,5.0,21.36,0.0
6.0,1965.0,0.0,0.0,0.0,0.0,0.0,5.0,34.8,0.0
9.0,1965.0,0.0,0.0,0.0,0.0,0.0,5.0,12.87,0.0
10.0,1965.0,0.0,0.0,0.0,0.0,0.0,5.0,4.64,0.0
10.0,1965.0,0.0,0.0,0.0,10.0,0.0,11.0,399.81,1.0
11.0,1965.0,0.0,0.0,0.0,0.0,0.0,5.0,63.25,0.0
12.0,1965.0,0.0,0.0,0.0,0.0,0.0,5.0,11.8,0.0
18.0,1965.0,0.0,0.0,0.0,0.0,0.0,5.0,36.32,0.0
19.0,1965.0,0.0,0.0,0.0,0.0,0.0,5.0,7.72,0.0
20.0,1965.0,0.0,0.0,0.0,17.0,0.0,9.0,886.98,1.0
20.0,1965.0,0.0,0.0,0.0,0.0,0.0,5.0,27.61,0.0
21.0,1965.0,0.0,0.0,0.0,0.0,0.0,5.0,65.24,0.0
37.0,1965.0,0.0,0.0,0.0,0.0,0.0,5.0,53.32,0.0
38.0,1965.0,0.0,0.0,0.0,0.0,0.0,5.0,25.37,0.0
38.0,1965.0,0.0,0.0,0.0,38.0,0.0,19.0,351.9,1.0
39.0,1965.0,0.0,0.0,0.0,0.0,0.0,5.0,4.28,0.0
40.0,1965.0,0.0,0.0,0.0,0.0,0.0,5.0,42.12,0.0
42.0,1965.0,0.0,0.0,0.0,0.0,0.0,5.0,44.76,0.0
42.0,1965.0,0.0,0.0,0.0,30.0,0.0,16.0,312.28,1.0
43.0,1965.0,0.0,0.0,0.0,0.0,0.0,5.0,21.27,0.0
44.0,1965.0,0.0,0.0,0.0,0.0,0.0,5.0,15.54,0.0
51.0,1965.0,0.0,0.0,0.0,1.0,0.0,5.0,16.16,0.0
52.0,1965.0,0.0,0.0,0.0,1.0,0.0,5.0,9.83,0.0
52.0,1965.0,0.0,0.0,0.0,30.0,0.0,16.0,1003.97,1.0
53.0,1965.0,0.0,0.0,0.0,1.0,0.0,5.0,20.86,0.0
54.0,1965.0,0.0,0.0,0.0,1.0,0.0,5.0,15.79,0.0
62.0,1965.0,0.0,0.0,0.0,1.0,0.0,5.0,3.35,0.0
63.0,1965.0,0.0,0.0,0.0,1.0,0.0,5.0,11.3,0.0
63.0,1965.0,0.0,0.0,0.0,35.0,0.0,18.0,3395.62,1.0
64.0,1965.0,0.0,0.0,0.0,5.0,0.0,8.0,38.51,0.0
65.0,1965.0,0.0,0.0,0.0,1.0,0.0,5.0,29.62,0.0
70.0,1965.0,0.0,0.0,0.0,1.0,0.0,5.0,29.3,0.0
71.0,1965.0,0.0,0.0,0.0,5.0,0.0,8.0,7.63,0.0
72.0,1965.0,0.0,0.0,0.0,6.0,0.0,6.0,19.72,1.0
72.0,1965.0,0.0,0.0,0.0,34.0,0.0,17.0,55.38,0.0
73.0,1965.0,0.0,0.0,0.0,1.0,0.0,5.0,41.92,0.0
161.0,1965.0,0.0,0.0,0.0,1.0,0.0,5.0,43.9,0.0
162.0,1965.0,0.0,0.0,0.0,1.0,0.0,5.0,34.48,0.0
163.0,1965.0,0.0,0.0,0.0,20.0,0.0,13.0,41.11,1.0
164.0,1965.0,0.0,0.0,0.0,1.0,0.0,5.0,3.21,0.0
164.0,1965.0,0.0,0.0,0.0,26.0,0.0,12.0,477.81,1.0
165.0,1965.0,0.0,0.0,0.0,1.0,0.0,5.0,16.18,0.0
170.0,1965.0,0.0,0.0,0.0,1.0,0.0,5.0,62.41,0.0
171.0,1965.0,0.0,0.0,0.0,1.0,0.0,5.0,9.65,0.0
171.0,1965.0,0.0,0.0,0.0,35.0,0.0,18.0,3007.78,1.0
172.0,1965.0,0.0,0.0,0.0,1.0,0.0,5.0,51.42,0.0
173.0,1965.0,0.0,0.0,0.0,1.0,0.0,5.0,68.74,0.0
2.0,1967.0,2.0,1.0,0.0,18.0,0.0,9.0,116.67,0.0
18.0,1967.0,2.0,1.0,0.0,25.0,0.0,15.0,67.67,0.0
37.0,1967.0,2.0,1.0,0.0,22.0,0.0,12.0,350.72,1.0
38.0,1967.0,2.0,1.0,0.0,6.0,0.0,6.0,93.22,0.0
37.0,1967.0,2.0,1.0,0.0,22.0,0.0,12.0,698.48,1.0
57.0,1967.0,2.0,1.0,0.0,6.0,0.0,6.0,79.43,0.0
57.0,1967.0,2.0,1.0,0.0,2.0,0.0,6.0,1.53,0.0
60.0,1967.0,2.0,1.0,0.0,6.0,0.0,6.0,781.09,1.0
76.0,1967.0,2.0,1.0,0.0,25.0,0.0,15.0,93.15,0.0
69.0,1967.0,2.0,1.0,0.0,3.0,0.0,7.0,354.55,1.0
100.0,1967.0,2.0,1.0,0.0,12.0,0.0,13.0,22.39,0.0
55.0,1968.0,7.0,1.0,0.0,34.0,0.0,17.0,23.95,0.0
56.0,1968.0,7.0,1.0,0.0,1.0,0.0,5.0,59.97,0.0
56.0,1968.0,7.0,1.0,0.0,35.0,0.0,18.0,4170.56,1.0
57.0,1968.0,7.0,1.0,0.0,10.0,0.0,11.0,191.89,0.0
57.0,1968.0,7.0,1.0,0.0,47.0,0.0,11.0,82.03,0.0
82.0,1968.0,7.0,1.0,0.0,5.0,0.0,8.0,62.66,0.0
83.0,1968.0,7.0,1.0,0.0,1.0,0.0,5.0,43.3,0.0
84.0,1968.0,7.0,1.0,0.0,20.0,0.0,13.0,121.45,1.0
84.0,1968.0,7.0,1.0,0.0,1.0,0.0,5.0,23.91,0.0
85.0,1968.0,7.0,1.0,0.0,1.0,0.0,5.0,77.63,0.0
90.0,1968.0,7.0,1.0,0.0,4.0,0.0,6.0,68.94,0.0
91.0,1968.0,7.0,1.0,0.0,1.0,0.0,5.0,33.53,0.0
92.0,1968.0,7.0,1.0,0.0,6.0,0.0,6.0,275.05,1.0
92.0,1968.0,7.0,1.0,0.0,1.0,0.0,5.0,10.28,0.0
93.0,1968.0,7.0,1.0,0.0,1.0,0.0,5.0,48.3,0.0
125.0,1968.0,7.0,1.0,0.0,1.0,0.0,5.0,14.63,0.0
126.0,1968.0,7.0,1.0,0.0,1.0,0.0,5.0,35.64,0.0
126.0,1968.0,7.0,1.0,0.0,6.0,0.0,6.0,490.5,1.0
127.0,1968.0,7.0,1.0,0.0,1.0,0.0,5.0,33.03,0.0
128.0,1968.0,7.0,1.0,0.0,5.0,0.0,8.0,32.65,0.0
141.0,1968.0,7.0,1.0,0.0,1.0,0.0,5.0,3.91,0.0
142.0,1968.0,7.0,1.0,0.0,1.0,0.0,5.0,26.02,0.0
143.0,1968.0,7.0,1.0,0.0,6.0,0.0,6.0,225.38,1.0
143.0,1968.0,7.0,1.0,0.0,1.0,0.0,5.0,31.26,0.0
144.0,1968.0,7.0,1.0,0.0,1.0,0.0,5.0,11.67,0.0
158.0,1968.0,7.0,1.0,0.0,1.0,0.0,5.0,18.0,0.0
160.0,1968.0,7.0,1.0,0.0,1.0,0.0,5.0,32.52,0.0
161.0,1968.0,7.0,1.0,0.0,22.0,0.0,12.0,111.47,1.0
161.0,1968.0,7.0,1.0,0.0,1.0,0.0,5.0,21.47,0.0
162.0,1968.0,7.0,1.0,0.0,1.0,0.0,5.0,49.98,0.0
0.0,1969.0,1.0,1.0,0.0,3.0,0.0,7.0,66.6,1.0
0.0,1969.0,1.0,1.0,0.0,0.0,0.0,5.0,57.97,0.0
1.0,1969.0,1.0,1.0,0.0,36.0,0.0,15.0,10.99,0.0
2.0,1969.0,1.0,1.0,0.0,22.0,0.0,12.0,532.05,1.0
2.0,1969.0,1.0,1.0,0.0,0.0,0.0,5.0,10.97,0.0
2.0,1969.0,1.0,1.0,0.0,1.0,0.0,5.0,21.28,0.0
3.0,1969.0,1.0,1.0,0.0,1.0,0.0,5.0,2.99,0.0
3.0,1969.0,1.0,1.0,0.0,38.0,0.0,19.0,504.97,1.0
4.0,1969.0,1.0,1.0,0.0,1.0,0.0,5.0,0.8,0.0
5.0,1969.0,1.0,1.0,0.0,1.0,0.0,5.0,9.81,0.0
7.0,1969.0,1.0,1.0,0.0,1.0,0.0,5.0,36.0,0.0
8.0,1969.0,1.0,1.0,0.0,5.0,0.0,8.0,0.09,0.0
8.0,1969.0,1.0,1.0,0.0,22.0,0.0,12.0,245.49,1.0
9.0,1969.0,1.0,1.0,0.0,1.0,0.0,5.0,50.89,0.0
10.0,1969.0,1.0,1.0,0.0,1.0,0.0,5.0,32.39,0.0
14.0,1969.0,1.0,1.0,0.0,1.0,0.0,5.0,12.97,0.0
15.0,1969.0,1.0,1.0,0.0,1.0,0.0,5.0,21.48,0.0
16.0,1969.0,1.0,1.0,0.0,22.0,0.0,12.0,60.62,1.0
17.0,1969.0,1.0,1.0,0.0,1.0,0.0,5.0,38.95,0.0
18.0,1969.0,1.0,1.0,0.0,1.0,0.0,5.0,53.89,0.0
30.0,1969.0,1.0,1.0,0.0,1.0,0.0,5.0,10.73,0.0
31.0,1969.0,1.0,1.0,0.0,1.0,0.0,5.0,27.91,0.0
31.0,1969.0,1.0,1.0,0.0,22.0,0.0,12.0,27.8,1.0
32.0,1969.0,1.0,1.0,0.0,1.0,0.0,5.0,22.97,0.0
33.0,1969.0,1.0,1.0,0.0,1.0,0.0,5.0,29.35,0.0
0.0,1970.0,3.0,0.0,0.0,3.0,0.0,7.0,189.22,1.0
0.0,1970.0,3.0,0.0,0.0,0.0,0.0,5.0,43.34,0.0
1.0,1970.0,3.0,0.0,0.0,0.0,0.0,5.0,11.07,0.0
112.0,1970.0,3.0,0.0,0.0,0.0,0.0,5.0,38.75,0.0
113.0,1970.0,3.0,0.0,0.0,0.0,0.0,5.0,6.55,0.0
113.0,1970.0,3.0,0.0,0.0,19.0,0.0,9.0,419.02,1.0
114.0,1970.0,3.0,0.0,0.0,0.0,0.0,5.0,37.16,0.0
115.0,1970.0,3.0,0.0,0.0,0.0,0.0,5.0,49.55,0.0
129.0,1970.0,3.0,0.0,0.0,9.0,0.0,10.0,41.96,0.0
130.0,1970.0,3.0,0.0,0.0,0.0,0.0,5.0,13.89,0.0
131.0,1970.0,3.0,0.0,0.0,13.0,0.0,14.0,238.07,1.0
131.0,1970.0,3.0,0.0,0.0,36.0,0.0,15.0,27.57,0.0
132.0,1970.0,3.0,0.0,0.0,0.0,0.0,5.0,30.9,0.0
132.0,1970.0,3.0,0.0,0.0,1.0,0.0,5.0,11.7,0.0
133.0,1970.0,3.0,0.0,0.0,22.0,0.0,12.0,566.61,1.0
133.0,1970.0,3.0,0.0,0.0,1.0,0.0,5.0,33.07,0.0
134.0,1970.0,3.0,0.0,0.0,1.0,0.0,5.0,22.6,0.0
133.0,1973.0,1.0,1.0,0.0,25.0,0.0,15.0,138.69,0.0
135.0,1973.0,1.0,1.0,0.0,12.0,0.0,13.0,110.77,0.0
150.0,1973.0,1.0,1.0,0.0,38.0,0.0,19.0,199.55,1.0
150.0,1973.0,1.0,1.0,0.0,6.0,0.0,6.0,104.44,0.0
150.0,1973.0,1.0,1.0,0.0,2.0,0.0,6.0,131.05,0.0
176.0,1973.0,1.0,1.0,0.0,25.0,0.0,15.0,93.09,0.0
177.0,1973.0,1.0,1.0,0.0,20.0,0.0,13.0,329.55,1.0
179.0,1973.0,1.0,1.0,0.0,25.0,0.0,15.0,21.17,0.0
162.0,1979.0,2.0,1.0,0.0,1.0,0.0,5.0,8.88,0.0
163.0,1979.0,2.0,1.0,0.0,1.0,0.0,5.0,29.85,0.0
164.0,1979.0,2.0,1.0,0.0,6.0,0.0,6.0,53.71,1.0
164.0,1979.0,2.0,1.0,0.0,1.0,0.0,5.0,20.59,0.0
165.0,1979.0,2.0,1.0,0.0,1.0,0.0,5.0,24.63,0.0
0.0,1982.0,2.0,0.0,0.0,7.0,0.0,6.0,100.12,0.0
3.0,1982.0,2.0,0.0,0.0,22.0,0.0,12.0,332.47,1.0
18.0,1982.0,2.0,0.0,0.0,25.0,0.0,15.0,22.69,0.0
29.0,1982.0,2.0,0.0,0.0,12.0,0.0,13.0,46.87,0.0
43.0,1982.0,2.0,0.0,0.0,3.0,0.0,7.0,28.24,0.0
45.0,1982.0,2.0,0.0,0.0,3.0,0.0,7.0,173.36,0.0
50.0,1982.0,2.0,0.0,0.0,3.0,0.0,7.0,257.44,1.0
55.0,1982.0,2.0,0.0,0.0,6.0,0.0,6.0,80.35,0.0
55.0,1982.0,2.0,0.0,0.0,4.0,0.0,6.0,27.55,0.0
119.0,1982.0,2.0,0.0,0.0,1.0,0.0,5.0,22.54,0.0
120.0,1982.0,2.0,0.0,0.0,1.0,0.0,5.0,5.15,0.0
120.0,1982.0,2.0,0.0,0.0,15.0,0.0,13.0,135.91,1.0
121.0,1982.0,2.0,0.0,0.0,1.0,0.0,5.0,32.69,0.0
122.0,1982.0,2.0,0.0,0.0,1.0,0.0,5.0,23.43,0.0
129.0,1982.0,2.0,0.0,0.0,1.0,0.0,5.0,21.19,0.0
131.0,1982.0,2.0,0.0,0.0,1.0,0.0,5.0,32.83,0.0
131.0,1982.0,2.0,0.0,0.0,31.0,0.0,9.0,763.3,1.0
132.0,1982.0,2.0,0.0,0.0,1.0,0.0,5.0,9.1,0.0
133.0,1982.0,2.0,0.0,0.0,1.0,0.0,5.0,48.2,0.0
37.0,1984.0,1.0,1.0,0.0,0.0,0.0,5.0,6.42,0.0
38.0,1984.0,1.0,1.0,0.0,9.0,0.0,10.0,19.74,0.0
40.0,1984.0,1.0,1.0,0.0,9.0,0.0,10.0,212.39,1.0
40.0,1984.0,1.0,1.0,0.0,27.0,0.0,12.0,206.66,0.0
41.0,1984.0,1.0,1.0,0.0,0.0,0.0,5.0,34.25,0.0
69.0,1984.0,1.0,1.0,0.0,0.0,0.0,5.0,35.39,0.0
70.0,1984.0,1.0,1.0,0.0,0.0,0.0,5.0,15.26,0.0
71.0,1984.0,1.0,1.0,0.0,12.0,0.0,13.0,237.7,1.0
71.0,1984.0,1.0,1.0,0.0,0.0,0.0,5.0,20.67,0.0
72.0,1984.0,1.0,1.0,0.0,0.0,0.0,5.0,49.08,0.0
136.0,1986.0,1.0,1.0,0.0,1.0,0.0,5.0,24.66,0.0
137.0,1986.0,1.0,1.0,0.0,1.0,0.0,5.0,34.4,0.0
137.0,1986.0,1.0,1.0,0.0,9.0,0.0,10.0,344.72,1.0
138.0,1986.0,1.0,1.0,0.0,5.0,0.0,8.0,2.41,0.0
139.0,1986.0,1.0,1.0,0.0,1.0,0.0,5.0,9.79,0.0
142.0,1993.0,1.0,1.0,0.0,1.0,0.0,5.0,22.82,0.0
143.0,1993.0,1.0,1.0,0.0,1.0,0.0,5.0,39.62,0.0
145.0,1993.0,1.0,1.0,0.0,12.0,0.0,13.0,606.71,1.0
145.0,1993.0,1.0,1.0,0.0,1.0,0.0,5.0,3.11,0.0
146.0,1993.0,1.0,1.0,0.0,1.0,0.0,5.0,41.73,0.0
13.0,1994.0,1.0,1.0,0.0,44.0,0.0,13.0,23.4,0.0
13.0,1994.0,1.0,1.0,0.0,29.0,0.0,13.0,72.4,0.0
13.0,1994.0,1.0,1.0,0.0,22.0,0.0,12.0,769.75,1.0
14.0,1994.0,1.0,1.0,0.0,0.0,0.0,5.0,31.17,0.0
15.0,1994.0,1.0,1.0,0.0,0.0,0.0,5.0,48.17,0.0
33.0,1994.0,1.0,1.0,0.0,0.0,0.0,5.0,27.21,0.0
35.0,1994.0,1.0,1.0,0.0,0.0,0.0,5.0,37.77,0.0
35.0,1994.0,1.0,1.0,0.0,35.0,0.0,18.0,2859.43,1.0
36.0,1994.0,1.0,1.0,0.0,0.0,0.0,5.0,34.1,0.0
38.0,1994.0,1.0,1.0,0.0,23.0,0.0,9.0,110.12,0.0
54.0,1994.0,1.0,1.0,0.0,1.0,0.0,5.0,31.28,0.0
55.0,1994.0,1.0,1.0,0.0,1.0,0.0,5.0,26.09,0.0
56.0,1994.0,1.0,1.0,0.0,17.0,0.0,9.0,434.26,1.0
56.0,1994.0,1.0,1.0,0.0,1.0,0.0,5.0,46.05,0.0
57.0,1994.0,1.0,1.0,0.0,5.0,0.0,8.0,21.69,0.0
91.0,1994.0,1.0,1.0,0.0,0.0,0.0,5.0,37.19,0.0
91.0,1994.0,1.0,1.0,0.0,1.0,0.0,5.0,29.87,0.0
92.0,1994.0,1.0,1.0,0.0,20.0,0.0,13.0,367.07,1.0
93.0,1994.0,1.0,1.0,0.0,28.0,0.0,13.0,44.16,0.0
94.0,1994.0,1.0,1.0,0.0,0.0,0.0,5.0,14.68,0.0
78.0,2000.0,2.0,1.0,0.0,0.0,0.0,5.0,35.45,0.0
79.0,2000.0,2.0,1.0,0.0,0.0,0.0,5.0,12.15,0.0
80.0,2000.0,2.0,1.0,0.0,35.0,0.0,18.0,3381.93,1.0
80.0,2000.0,2.0,1.0,0.0,0.0,0.0,5.0,48.15,0.0
81.0,2000.0,2.0,1.0,0.0,0.0,0.0,5.0,32.35,0.0
97.0,2000.0,2.0,1.0,0.0,7.0,0.0,6.0,88.98,0.0
110.0,2000.0,2.0,1.0,0.0,25.0,0.0,15.0,40.23,0.0
126.0,2000.0,2.0,1.0,0.0,6.0,0.0,6.0,693.21,1.0
142.0,2000.0,2.0,1.0,0.0,22.0,0.0,12.0,62.19,0.0
139.0,2000.0,2.0,1.0,0.0,41.0,0.0,19.0,402.09,1.0
142.0,2000.0,2.0,1.0,0.0,11.0,0.0,12.0,191.94,0.0
166.0,2000.0,2.0,1.0,0.0,4.0,0.0,6.0,90.62,0.0
167.0,2000.0,2.0,1.0,0.0,1.0,0.0,5.0,1.16,0.0
167.0,2000.0,2.0,1.0,0.0,25.0,0.0,15.0,230.31,1.0
168.0,2000.0,2.0,1.0,0.0,5.0,0.0,8.0,6.13,0.0
169.0,2000.0,2.0,1.0,0.0,1.0,0.0,5.0,25.74,0.0
133.0,2001.0,2.0,0.0,0.0,12.0,0.0,13.0,59.81,0.0
133.0,2001.0,2.0,0.0,0.0,21.0,0.0,13.0,0.14,0.0
134.0,2001.0,2.0,0.0,0.0,20.0,0.0,13.0,338.54,1.0
135.0,2001.0,2.0,0.0,0.0,13.0,0.0,14.0,35.07,0.0
136.0,2001.0,2.0,0.0,0.0,11.0,0.0,12.0,216.35,0.0
142.0,2001.0,2.0,0.0,0.0,25.0,0.0,15.0,154.01,0.0
165.0,2001.0,2.0,0.0,0.0,17.0,0.0,9.0,434.93,1.0
109.0,2002.0,3.0,1.0,0.0,15.0,0.0,13.0,96.06,0.0
110.0,2002.0,3.0,1.0,0.0,20.0,0.0,13.0,7.47,0.0
149.0,2002.0,3.0,1.0,0.0,22.0,0.0,12.0,139.08,1.0
149.0,2002.0,3.0,1.0,0.0,9.0,0.0,10.0,79.34,0.0
149.0,2002.0,3.0,1.0,0.0,17.0,0.0,9.0,127.18,1.0
150.0,2002.0,3.0,1.0,0.0,0.0,0.0,5.0,25.26,0.0
153.0,2002.0,3.0,1.0,0.0,37.0,0.0,16.0,206.79,0.0
154.0,2002.0,3.0,1.0,0.0,26.0,0.0,12.0,16.0,0.0
156.0,2002.0,3.0,1.0,0.0,26.0,0.0,12.0,597.02,1.0
157.0,2002.0,3.0,1.0,0.0,25.0,0.0,15.0,308.18,1.0
158.0,2002.0,3.0,1.0,0.0,35.0,0.0,18.0,2062.03,1.0
168.0,2002.0,3.0,1.0,0.0,16.0,0.0,16.0,721.27,1.0
176.0,2002.0,3.0,1.0,0.0,12.0,0.0,13.0,114.47,0.0
175.0,2002.0,3.0,1.0,0.0,26.0,0.0,12.0,256.93,1.0
178.0,2002.0,3.0,1.0,0.0,38.0,0.0,19.0,213.62,1.0
0.0,2004.0,1.0,1.0,0.0,22.0,0.0,12.0,398.57,1.0
2.0,2004.0,1.0,1.0,0.0,30.0,0.0,16.0,503.68,1.0
2.0,2004.0,1.0,1.0,0.0,7.0,0.0,6.0,48.09,0.0
2.0,2004.0,1.0,1.0,0.0,22.0,0.0,12.0,158.25,1.0
3.0,2004.0,1.0,1.0,0.0,6.0,0.0,6.0,643.71,1.0
3.0,2004.0,1.0,1.0,0.0,35.0,0.0,18.0,4883.62,1.0
4.0,2004.0,1.0,1.0,0.0,3.0,0.0,7.0,215.54,1.0
9.0,2004.0,1.0,1.0,0.0,6.0,0.0,6.0,576.72,1.0
11.0,2004.0,1.0,1.0,0.0,10.0,0.0,11.0,318.67,1.0
11.0,2004.0,1.0,1.0,0.0,6.0,0.0,6.0,512.29,1.0
12.0,2004.0,1.0,1.0,0.0,10.0,0.0,11.0,38.79,1.0
12.0,2004.0,1.0,1.0,0.0,22.0,0.0,12.0,558.0,1.0
13.0,2004.0,1.0,1.0,0.0,25.0,0.0,15.0,158.33,0.0
12.0,2004.0,1.0,1.0,0.0,11.0,0.0,12.0,627.8,1.0
14.0,2004.0,1.0,1.0,0.0,6.0,0.0,6.0,319.06,1.0
49.0,2004.0,1.0,1.0,0.0,22.0,0.0,12.0,146.81,0.0
39.0,2004.0,1.0,1.0,0.0,17.0,0.0,9.0,255.84,1.0
58.0,2004.0,1.0,1.0,0.0,25.0,0.0,15.0,18.75,0.0
62.0,2004.0,1.0,1.0,0.0,8.0,0.0,9.0,112.44,1.0
76.0,2004.0,1.0,1.0,0.0,12.0,0.0,13.0,37.16,0.0
68.0,2004.0,1.0,1.0,0.0,22.0,0.0,12.0,195.4,1.0
77.0,2004.0,1.0,1.0,0.0,16.0,0.0,16.0,84.7,0.0
135.0,2004.0,1.0,1.0,0.0,0.0,0.0,5.0,37.4,0.0
136.0,2004.0,1.0,1.0,0.0,0.0,0.0,5.0,41.75,0.0
137.0,2004.0,1.0,1.0,0.0,6.0,0.0,6.0,152.33,1.0
137.0,2004.0,1.0,1.0,0.0,0.0,0.0,5.0,23.24,0.0
138.0,2004.0,1.0,1.0,0.0,0.0,0.0,5.0,43.51,0.0
138.0,2004.0,1.0,1.0,0.0,22.0,0.0,12.0,108.95,1.0
139.0,2004.0,1.0,1.0,0.0,0.0,0.0,5.0,38.72,0.0
139.0,2004.0,1.0,1.0,0.0,13.0,0.0,14.0,179.44,1.0
140.0,2004.0,1.0,1.0,0.0,0.0,0.0,5.0,39.82,0.0
141.0,2004.0,1.0,1.0,0.0,0.0,0.0,5.0,35.55,0.0
144.0,2004.0,1.0,1.0,0.0,0.0,0.0,5.0,28.03,0.0
145.0,2004.0,1.0,1.0,0.0,0.0,0.0,5.0,29.12,0.0
146.0,2004.0,1.0,1.0,0.0,22.0,0.0,12.0,38.08,1.0
146.0,2004.0,1.0,1.0,0.0,0.0,0.0,5.0,28.34,0.0
147.0,2004.0,1.0,1.0,0.0,0.0,0.0,5.0,5.37,0.0
164.0,2020.0,1.0,0.0,0.0,0.0,0.0,5.0,48.62,0.0
165.0,2020.0,1.0,0.0,0.0,0.0,0.0,5.0,45.07,0.0
166.0,2020.0,1.0,0.0,0.0,18.0,0.0,9.0,627.78,1.0
166.0,2020.0,1.0,0.0,0.0,0.0,0.0,5.0,19.57,0.0
167.0,2020.0,1.0,0.0,0.0,0.0,0.0,5.0,15.92,0.0
118.0,2021.0,0.0,1.0,0.0,0.0,0.0,5.0,3.85,0.0
119.0,2021.0,0.0,1.0,0.0,0.0,0.0,5.0,27.52,0.0
120.0,2021.0,0.0,1.0,0.0,3.0,0.0,7.0,128.22,1.0
120.0,2021.0,0.0,1.0,0.0,0.0,0.0,5.0,6.35,0.0
121.0,2021.0,0.0,1.0,0.0,0.0,0.0,5.0,50.61,0.0
159.0,2021.0,0.0,1.0,0.0,0.0,0.0,5.0,46.91,0.0
160.0,2021.0,0.0,1.0,0.0,0.0,0.0,5.0,34.08,0.0
160.0,2021.0,0.0,1.0,0.0,22.0,0.0,12.0,301.68,1.0
161.0,2021.0,0.0,1.0,0.0,0.0,0.0,5.0,41.28,0.0
163.0,2021.0,0.0,1.0,0.0,0.0,0.0,5.0,0.79,0.0
144.0,2028.0,1.0,0.0,0.0,1.0,0.0,5.0,12.9,0.0
146.0,2028.0,1.0,0.0,0.0,1.0,0.0,5.0,2.17,0.0
147.0,2028.0,1.0,0.0,0.0,35.0,0.0,18.0,2697.17,1.0
147.0,2028.0,1.0,0.0,0.0,1.0,0.0,5.0,45.65,0.0
148.0,2028.0,1.0,0.0,0.0,1.0,0.0,5.0,14.96,0.0
158.0,2028.0,1.0,0.0,0.0,1.0,0.0,5.0,52.76,0.0
159.0,2028.0,1.0,0.0,0.0,1.0,0.0,5.0,46.7,0.0
160.0,2028.0,1.0,0.0,0.0,12.0,0.0,13.0,189.0,1.0
160.0,2028.0,1.0,0.0,0.0,1.0,0.0,5.0,27.68,0.0
161.0,2028.0,1.0,0.0,0.0,1.0,0.0,5.0,29.08,0.0
97.0,2032.0,2.0,0.0,0.0,12.0,0.0,13.0,43.5,0.0
97.0,2032.0,2.0,0.0,0.0,20.0,0.0,13.0,116.86,0.0
103.0,2032.0,2.0,0.0,0.0,21.0,0.0,13.0,82.79,1.0
119.0,2032.0,2.0,0.0,0.0,13.0,0.0,14.0,16.06,0.0
108.0,2032.0,2.0,0.0,0.0,35.0,0.0,18.0,576.71,1.0
120.0,2032.0,2.0,0.0,0.0,0.0,0.0,5.0,45.6,0.0
145.0,2032.0,2.0,0.0,0.0,0.0,0.0,5.0,54.78,0.0
146.0,2032.0,2.0,0.0,0.0,0.0,0.0,5.0,16.05,0.0
147.0,2032.0,2.0,0.0,0.0,10.0,0.0,11.0,200.63,1.0
147.0,2032.0,2.0,0.0,0.0,0.0,0.0,5.0,30.43,0.0
148.0,2032.0,2.0,0.0,0.0,0.0,0.0,5.0,4.55,0.0
175.0,2032.0,2.0,0.0,0.0,0.0,0.0,5.0,27.91,0.0
176.0,2032.0,2.0,0.0,0.0,0.0,0.0,5.0,11.24,0.0
176.0,2032.0,2.0,0.0,0.0,22.0,0.0,12.0,446.35,1.0
177.0,2032.0,2.0,0.0,0.0,0.0,0.0,5.0,59.69,0.0
178.0,2032.0,2.0,0.0,0.0,0.0,0.0,5.0,74.23,0.0
165.0,2040.0,0.0,0.0,0.0,29.0,0.0,13.0,5.07,0.0
165.0,2040.0,0.0,0.0,0.0,28.0,0.0,13.0,86.43,0.0
166.0,2040.0,0.0,0.0,0.0,6.0,0.0,6.0,67.44,1.0
167.0,2040.0,0.0,0.0,0.0,0.0,0.0,5.0,45.15,0.0
167.0,2040.0,0.0,0.0,0.0,1.0,0.0,5.0,29.61,0.0
9.0,2060.0,7.0,0.0,0.0,12.0,0.0,13.0,2.39,0.0
17.0,2060.0,7.0,0.0,0.0,11.0,0.0,12.0,115.54,0.0
44.0,2060.0,7.0,0.0,0.0,16.0,0.0,16.0,1083.14,1.0
47.0,2060.0,7.0,0.0,0.0,6.0,0.0,6.0,68.13,0.0
47.0,2060.0,7.0,0.0,0.0,2.0,0.0,6.0,179.7,0.0
44.0,2067.0,1.0,0.0,0.0,0.0,0.0,5.0,27.63,0.0
45.0,2067.0,1.0,0.0,0.0,0.0,0.0,5.0,17.51,0.0
45.0,2067.0,1.0,0.0,0.0,30.0,0.0,16.0,237.15,1.0
46.0,2067.0,1.0,0.0,0.0,0.0,0.0,5.0,19.04,0.0
47.0,2067.0,1.0,0.0,0.0,0.0,0.0,5.0,39.02,0.0
16.0,2068.0,1.0,1.0,0.0,12.0,0.0,13.0,126.28,0.0
50.0,2068.0,1.0,1.0,0.0,25.0,0.0,15.0,74.16,0.0
68.0,2068.0,1.0,1.0,0.0,31.0,0.0,9.0,723.45,1.0
81.0,2068.0,1.0,1.0,0.0,6.0,0.0,6.0,213.83,0.0
81.0,2068.0,1.0,1.0,0.0,7.0,0.0,6.0,332.01,0.0
83.0,2068.0,1.0,1.0,0.0,22.0,0.0,12.0,131.76,1.0
91.0,2068.0,1.0,1.0,0.0,9.0,0.0,10.0,69.83,0.0
92.0,2068.0,1.0,1.0,0.0,27.0,0.0,12.0,36.25,0.0
93.0,2068.0,1.0,1.0,0.0,0.0,0.0,5.0,18.2,0.0
94.0,2068.0,1.0,1.0,0.0,6.0,0.0,6.0,20.77,1.0
95.0,2068.0,1.0,1.0,0.0,0.0,0.0,5.0,52.57,0.0
95.0,2068.0,1.0,1.0,0.0,22.0,0.0,12.0,11.29,1.0
96.0,2068.0,1.0,1.0,0.0,15.0,0.0,13.0,84.28,0.0
40.0,2080.0,1.0,1.0,0.0,4.0,0.0,6.0,202.91,0.0
41.0,2080.0,1.0,1.0,0.0,26.0,0.0,12.0,169.98,0.0
47.0,2080.0,1.0,1.0,0.0,6.0,0.0,6.0,24.63,1.0
52.0,2080.0,1.0,1.0,0.0,0.0,0.0,5.0,21.52,0.0
53.0,2080.0,1.0,1.0,0.0,0.0,0.0,5.0,43.83,0.0
91.0,2080.0,1.0,1.0,0.0,1.0,0.0,5.0,27.11,0.0
92.0,2080.0,1.0,1.0,0.0,1.0,0.0,5.0,6.05,0.0
93.0,2080.0,1.0,1.0,0.0,35.0,0.0,18.0,2875.61,1.0
93.0,2080.0,1.0,1.0,0.0,1.0,0.0,5.0,21.43,0.0
94.0,2080.0,1.0,1.0,0.0,1.0,0.0,5.0,74.92,0.0
124.0,2087.0,4.0,0.0,0.0,0.0,0.0,5.0,4.13,0.0
125.0,2087.0,4.0,0.0,0.0,13.0,0.0,14.0,12.74,0.0
125.0,2087.0,4.0,0.0,0.0,22.0,0.0,12.0,116.69,1.0
126.0,2087.0,4.0,0.0,0.0,0.0,0.0,5.0,66.45,0.0
127.0,2087.0,4.0,0.0,0.0,0.0,0.0,5.0,34.15,0.0
163.0,2089.0,0.0,1.0,0.0,9.0,0.0,10.0,71.05,0.0
164.0,2089.0,0.0,1.0,0.0,0.0,0.0,5.0,39.34,0.0
164.0,2089.0,0.0,1.0,0.0,22.0,0.0,12.0,288.66,1.0
165.0,2089.0,0.0,1.0,0.0,0.0,0.0,5.0,19.34,0.0
166.0,2089.0,0.0,1.0,0.0,0.0,0.0,5.0,8.5,0.0
16.0,2090.0,1.0,1.0,0.0,0.0,0.0,5.0,13.87,0.0
17.0,2090.0,1.0,1.0,0.0,0.0,0.0,5.0,68.27,0.0
17.0,2090.0,1.0,1.0,0.0,26.0,0.0,12.0,535.25,1.0
19.0,2090.0,1.0,1.0,0.0,0.0,0.0,5.0,66.85,0.0
20.0,2090.0,1.0,1.0,0.0,0.0,0.0,5.0,27.44,0.0
34.0,2090.0,1.0,1.0,0.0,0.0,0.0,5.0,26.25,0.0
36.0,2090.0,1.0,1.0,0.0,0.0,0.0,5.0,1.87,0.0
36.0,2090.0,1.0,1.0,0.0,6.0,0.0,6.0,536.8,1.0
37.0,2090.0,1.0,1.0,0.0,0.0,0.0,5.0,41.95,0.0
38.0,2090.0,1.0,1.0,0.0,0.0,0.0,5.0,23.64,0.0
62.0,2090.0,1.0,1.0,0.0,0.0,0.0,5.0,23.63,0.0
63.0,2090.0,1.0,1.0,0.0,0.0,0.0,5.0,46.65,0.0
64.0,2090.0,1.0,1.0,0.0,26.0,0.0,12.0,8.98,1.0
64.0,2090.0,1.0,1.0,0.0,15.0,0.0,13.0,40.31,0.0
65.0,2090.0,1.0,1.0,0.0,0.0,0.0,5.0,28.35,0.0
82.0,2090.0,1.0,1.0,0.0,1.0,0.0,5.0,17.63,0.0
83.0,2090.0,1.0,1.0,0.0,1.0,0.0,5.0,1.85,0.0
84.0,2090.0,1.0,1.0,0.0,12.0,0.0,13.0,580.19,1.0
84.0,2090.0,1.0,1.0,0.0,1.0,0.0,5.0,11.13,0.0
85.0,2090.0,1.0,1.0,0.0,1.0,0.0,5.0,50.46,0.0
176.0,2090.0,1.0,1.0,0.0,1.0,0.0,5.0,45.81,0.0
177.0,2090.0,1.0,1.0,0.0,1.0,0.0,5.0,43.67,0.0
177.0,2090.0,1.0,1.0,0.0,17.0,0.0,9.0,387.75,1.0
178.0,2090.0,1.0,1.0,0.0,5.0,0.0,8.0,57.59,0.0
179.0,2090.0,1.0,1.0,0.0,1.0,0.0,5.0,15.11,0.0
35.0,2093.0,3.0,0.0,0.0,20.0,0.0,13.0,57.89,0.0
41.0,2093.0,3.0,0.0,0.0,25.0,0.0,15.0,2.9,0.0
55.0,2093.0,3.0,0.0,0.0,22.0,0.0,12.0,305.45,1.0
96.0,2093.0,3.0,0.0,0.0,12.0,0.0,13.0,75.92,0.0
64.0,2093.0,3.0,0.0,0.0,25.0,0.0,15.0,87.32,1.0
96.0,2093.0,3.0,0.0,0.0,20.0,0.0,13.0,99.14,0.0
103.0,2093.0,3.0,0.0,0.0,18.0,0.0,9.0,19.65,1.0
123.0,2093.0,3.0,0.0,0.0,13.0,0.0,14.0,26.68,0.0
124.0,2093.0,3.0,0.0,0.0,0.0,0.0,5.0,47.84,0.0
127.0,2094.0,3.0,0.0,0.0,6.0,0.0,6.0,41.96,0.0
127.0,2094.0,3.0,0.0,0.0,2.0,0.0,6.0,175.82,0.0
131.0,2094.0,3.0,0.0,0.0,31.0,0.0,9.0,352.91,1.0
132.0,2094.0,3.0,0.0,0.0,6.0,0.0,6.0,204.75,0.0
132.0,2094.0,3.0,0.0,0.0,7.0,0.0,6.0,157.21,0.0
132.0,2094.0,3.0,0.0,0.0,2.0,0.0,6.0,10.75,0.0
135.0,2094.0,3.0,0.0,0.0,44.0,0.0,13.0,422.62,1.0
165.0,2094.0,3.0,0.0,0.0,6.0,0.0,6.0,220.53,0.0
165.0,2094.0,3.0,0.0,0.0,7.0,0.0,6.0,156.32,0.0
57.0,2097.0,1.0,1.0,0.0,0.0,0.0,5.0,3.66,0.0
58.0,2097.0,1.0,1.0,0.0,0.0,0.0,5.0,46.47,0.0
59.0,2097.0,1.0,1.0,0.0,16.0,0.0,16.0,1151.77,1.0
59.0,2097.0,1.0,1.0,0.0,0.0,0.0,5.0,31.84,0.0
60.0,2097.0,1.0,1.0,0.0,0.0,0.0,5.0,27.06,0.0
38.0,2098.0,1.0,1.0,0.0,0.0,0.0,5.0,9.69,0.0
40.0,2098.0,1.0,1.0,0.0,15.0,0.0,13.0,119.15,0.0
40.0,2098.0,1.0,1.0,0.0,22.0,0.0,12.0,131.41,1.0
41.0,2098.0,1.0,1.0,0.0,0.0,0.0,5.0,33.49,0.0
44.0,2098.0,1.0,1.0,0.0,0.0,0.0,5.0,25.6,0.0
79.0,2098.0,1.0,1.0,0.0,0.0,0.0,5.0,62.0,0.0
81.0,2098.0,1.0,1.0,0.0,0.0,0.0,5.0,16.24,0.0
81.0,2098.0,1.0,1.0,0.0,22.0,0.0,12.0,50.08,1.0
82.0,2098.0,1.0,1.0,0.0,0.0,0.0,5.0,10.42,0.0
83.0,2098.0,1.0,1.0,0.0,0.0,0.0,5.0,16.54,0.0
103.0,2098.0,1.0,1.0,0.0,26.0,0.0,12.0,28.63,0.0
112.0,2098.0,1.0,1.0,0.0,2.0,0.0,6.0,73.01,0.0
144.0,2098.0,1.0,1.0,0.0,6.0,0.0,6.0,906.34,1.0
150.0,2098.0,1.0,1.0,0.0,6.0,0.0,6.0,17.62,0.0
164.0,2098.0,1.0,1.0,0.0,3.0,0.0,7.0,21.33,0.0
1.0,2102.0,4.0,1.0,0.0,0.0,0.0,5.0,42.64,0.0
2.0,2102.0,4.0,1.0,0.0,9.0,0.0,10.0,19.84,0.0
4.0,2102.0,4.0,1.0,0.0,16.0,0.0,16.0,430.29,1.0
5.0,2102.0,4.0,1.0,0.0,0.0,0.0,5.0,52.0,0.0
6.0,2102.0,4.0,1.0,0.0,0.0,0.0,5.0,25.58,0.0
6.0,2102.0,4.0,1.0,0.0,11.0,0.0,12.0,70.75,1.0
7.0,2102.0,4.0,1.0,0.0,37.0,0.0,16.0,102.25,0.0
8.0,2102.0,4.0,1.0,0.0,22.0,0.0,12.0,766.11,1.0
8.0,2102.0,4.0,1.0,0.0,0.0,0.0,5.0,9.13,0.0
8.0,2102.0,4.0,1.0,0.0,1.0,0.0,5.0,76.49,0.0
9.0,2102.0,4.0,1.0,0.0,1.0,0.0,5.0,6.68,0.0
9.0,2102.0,4.0,1.0,0.0,20.0,0.0,13.0,415.09,1.0
10.0,2102.0,4.0,1.0,0.0,1.0,0.0,5.0,16.27,0.0
11.0,2102.0,4.0,1.0,0.0,13.0,0.0,14.0,79.8,1.0
11.0,2102.0,4.0,1.0,0.0,1.0,0.0,5.0,13.53,0.0
12.0,2102.0,4.0,1.0,0.0,3.0,0.0,7.0,72.83,1.0
12.0,2102.0,4.0,1.0,0.0,1.0,0.0,5.0,2.04,0.0
12.0,2102.0,4.0,1.0,0.0,6.0,0.0,6.0,121.94,1.0
13.0,2102.0,4.0,1.0,0.0,6.0,0.0,6.0,433.62,1.0
13.0,2102.0,4.0,1.0,0.0,1.0,0.0,5.0,17.57,0.0
13.0,2102.0,4.0,1.0,0.0,16.0,0.0,16.0,835.0,1.0
14.0,2102.0,4.0,1.0,0.0,1.0,0.0,5.0,0.77,0.0
15.0,2102.0,4.0,1.0,0.0,4.0,0.0,6.0,85.32,0.0
27.0,2102.0,4.0,1.0,0.0,1.0,0.0,5.0,30.43,0.0
28.0,2102.0,4.0,1.0,0.0,1.0,0.0,5.0,62.21,0.0
28.0,2102.0,4.0,1.0,0.0,35.0,0.0,18.0,3340.32,1.0
29.0,2102.0,4.0,1.0,0.0,1.0,0.0,5.0,13.34,0.0
31.0,2102.0,4.0,1.0,0.0,1.0,0.0,5.0,20.59,0.0
52.0,2102.0,4.0,1.0,0.0,1.0,0.0,5.0,26.43,0.0
54.0,2102.0,4.0,1.0,0.0,1.0,0.0,5.0,24.14,0.0
54.0,2102.0,4.0,1.0,0.0,6.0,0.0,6.0,275.18,1.0
55.0,2102.0,4.0,1.0,0.0,1.0,0.0,5.0,61.29,0.0
56.0,2102.0,4.0,1.0,0.0,1.0,0.0,5.0,42.81,0.0
57.0,2102.0,4.0,1.0,0.0,43.0,0.0,9.0,89.53,0.0
57.0,2102.0,4.0,1.0,0.0,13.0,0.0,14.0,141.98,1.0
59.0,2102.0,4.0,1.0,0.0,0.0,0.0,5.0,40.04,0.0
59.0,2102.0,4.0,1.0,0.0,1.0,0.0,5.0,18.18,0.0
105.0,2102.0,4.0,1.0,0.0,1.0,0.0,5.0,51.62,0.0
106.0,2102.0,4.0,1.0,0.0,1.0,0.0,5.0,39.87,0.0
107.0,2102.0,4.0,1.0,0.0,22.0,0.0,12.0,72.15,1.0
107.0,2102.0,4.0,1.0,0.0,1.0,0.0,5.0,25.32,0.0
109.0,2102.0,4.0,1.0,0.0,1.0,0.0,5.0,16.03,0.0
122.0,2102.0,4.0,1.0,0.0,1.0,0.0,5.0,2.75,0.0
123.0,2102.0,4.0,1.0,0.0,1.0,0.0,5.0,71.37,0.0
124.0,2102.0,4.0,1.0,0.0,27.0,0.0,12.0,798.29,1.0
124.0,2102.0,4.0,1.0,0.0,1.0,0.0,5.0,2.63,0.0
125.0,2102.0,4.0,1.0,0.0,1.0,0.0,5.0,31.84,0.0
128.0,2102.0,4.0,1.0,0.0,1.0,0.0,5.0,7.21,0.0
129.0,2102.0,4.0,1.0,0.0,1.0,0.0,5.0,59.5,0.0
129.0,2102.0,4.0,1.0,0.0,22.0,0.0,12.0,716.07,1.0
130.0,2102.0,4.0,1.0,0.0,1.0,0.0,5.0,44.93,0.0
131.0,2102.0,4.0,1.0,0.0,1.0,0.0,5.0,5.62,0.0
153.0,2102.0,4.0,1.0,0.0,42.0,0.0,6.0,186.69,0.0
154.0,2102.0,4.0,1.0,0.0,1.0,0.0,5.0,41.27,0.0
154.0,2102.0,4.0,1.0,0.0,13.0,0.0,14.0,320.79,1.0
155.0,2102.0,4.0,1.0,0.0,1.0,0.0,5.0,10.53,0.0
156.0,2102.0,4.0,1.0,0.0,1.0,0.0,5.0,23.48,0.0
3.0,2107.0,2.0,1.0,0.0,0.0,0.0,5.0,15.11,0.0
4.0,2107.0,2.0,1.0,0.0,15.0,0.0,13.0,66.98,0.0
6.0,2107.0,2.0,1.0,0.0,15.0,0.0,13.0,241.47,1.0
6.0,2107.0,2.0,1.0,0.0,0.0,0.0,5.0,14.78,0.0
7.0,2107.0,2.0,1.0,0.0,0.0,0.0,5.0,29.48,0.0
49.0,2107.0,2.0,1.0,0.0,38.0,0.0,19.0,82.46,0.0
50.0,2107.0,2.0,1.0,0.0,7.0,0.0,6.0,125.69,0.0
69.0,2107.0,2.0,1.0,0.0,6.0,0.0,6.0,364.87,1.0
101.0,2107.0,2.0,1.0,0.0,22.0,0.0,12.0,415.39,1.0
104.0,2107.0,2.0,1.0,0.0,6.0,0.0,6.0,417.08,1.0
127.0,2107.0,2.0,1.0,0.0,20.0,0.0,13.0,59.45,0.0
119.0,2107.0,2.0,1.0,0.0,3.0,0.0,7.0,778.07,1.0
142.0,2107.0,2.0,1.0,0.0,12.0,0.0,13.0,20.56,0.0
40.0,2111.0,1.0,0.0,0.0,4.0,0.0,6.0,111.47,0.0
41.0,2111.0,1.0,0.0,0.0,26.0,0.0,12.0,103.93,0.0
45.0,2111.0,1.0,0.0,0.0,12.0,0.0,13.0,143.16,1.0
46.0,2111.0,1.0,0.0,0.0,12.0,0.0,13.0,4.36,0.0
48.0,2111.0,1.0,0.0,0.0,6.0,0.0,6.0,121.33,0.0
49.0,2111.0,1.0,0.0,0.0,6.0,0.0,6.0,56.81,0.0
49.0,2111.0,1.0,0.0,0.0,2.0,0.0,6.0,95.88,0.0
49.0,2111.0,1.0,0.0,0.0,17.0,0.0,9.0,450.18,1.0
74.0,2111.0,1.0,0.0,0.0,6.0,0.0,6.0,90.2,0.0
64.0,2111.0,1.0,0.0,0.0,26.0,0.0,12.0,11.29,1.0
74.0,2111.0,1.0,0.0,0.0,7.0,0.0,6.0,134.08,0.0
91.0,2111.0,1.0,0.0,0.0,6.0,0.0,6.0,423.02,1.0
91.0,2111.0,1.0,0.0,0.0,41.0,0.0,19.0,282.96,1.0
121.0,2111.0,1.0,0.0,0.0,7.0,0.0,6.0,154.18,0.0
111.0,2111.0,1.0,0.0,0.0,25.0,0.0,15.0,546.79,1.0
121.0,2111.0,1.0,0.0,0.0,2.0,0.0,6.0,11.14,0.0
123.0,2111.0,1.0,0.0,0.0,18.0,0.0,9.0,229.27,1.0
124.0,2111.0,1.0,0.0,0.0,6.0,0.0,6.0,414.11,1.0
146.0,2111.0,1.0,0.0,0.0,17.0,0.0,9.0,556.64,1.0
155.0,2111.0,1.0,0.0,0.0,13.0,0.0,14.0,19.96,1.0
163.0,2111.0,1.0,0.0,0.0,6.0,0.0,6.0,236.64,0.0
156.0,2111.0,1.0,0.0,0.0,22.0,0.0,12.0,581.81,1.0
163.0,2111.0,1.0,0.0,0.0,2.0,0.0,6.0,153.97,0.0
170.0,2111.0,1.0,0.0,0.0,0.0,0.0,5.0,14.92,0.0
171.0,2111.0,1.0,0.0,0.0,0.0,0.0,5.0,23.85,0.0
171.0,2111.0,1.0,0.0,0.0,35.0,0.0,18.0,1178.21,1.0
172.0,2111.0,1.0,0.0,0.0,0.0,0.0,5.0,24.19,0.0
173.0,2111.0,1.0,0.0,0.0,0.0,0.0,5.0,36.1,0.0
92.0,2117.0,1.0,1.0,0.0,1.0,0.0,5.0,3.63,0.0
93.0,2117.0,1.0,1.0,0.0,1.0,0.0,5.0,40.88,0.0
93.0,2117.0,1.0,1.0,0.0,6.0,0.0,6.0,1034.18,1.0
94.0,2117.0,1.0,1.0,0.0,1.0,0.0,5.0,9.26,0.0
94.0,2117.0,1.0,1.0,0.0,6.0,0.0,6.0,565.24,1.0
95.0,2117.0,1.0,1.0,0.0,1.0,0.0,5.0,34.31,0.0
96.0,2117.0,1.0,1.0,0.0,1.0,0.0,5.0,25.63,0.0
97.0,2117.0,1.0,1.0,0.0,14.0,0.0,15.0,75.85,0.0
98.0,2117.0,1.0,1.0,0.0,1.0,0.0,5.0,38.31,0.0
98.0,2117.0,1.0,1.0,0.0,16.0,0.0,16.0,81.77,1.0
99.0,2117.0,1.0,1.0,0.0,1.0,0.0,5.0,55.31,0.0
100.0,2117.0,1.0,1.0,0.0,1.0,0.0,5.0,10.23,0.0
130.0,2117.0,1.0,1.0,0.0,1.0,0.0,5.0,28.0,0.0
131.0,2117.0,1.0,1.0,0.0,1.0,0.0,5.0,29.94,0.0
132.0,2117.0,1.0,1.0,0.0,17.0,0.0,9.0,253.16,1.0
133.0,2117.0,1.0,1.0,0.0,1.0,0.0,5.0,51.43,0.0
134.0,2117.0,1.0,1.0,0.0,4.0,0.0,6.0,87.37,0.0
135.0,2126.0,0.0,0.0,0.0,2.0,0.0,6.0,138.64,0.0
157.0,2126.0,0.0,0.0,0.0,22.0,0.0,12.0,129.37,0.0
166.0,2126.0,0.0,0.0,0.0,25.0,0.0,15.0,545.88,1.0
176.0,2126.0,0.0,0.0,0.0,30.0,0.0,16.0,99.6,0.0
80.0,2138.0,0.0,0.0,0.0,0.0,0.0,5.0,27.94,0.0
81.0,2138.0,0.0,0.0,0.0,0.0,0.0,5.0,19.63,0.0
82.0,2138.0,0.0,0.0,0.0,38.0,0.0,19.0,272.31,1.0
82.0,2138.0,0.0,0.0,0.0,0.0,0.0,5.0,39.59,0.0
83.0,2138.0,0.0,0.0,0.0,0.0,0.0,5.0,20.6,0.0
84.0,2138.0,0.0,0.0,0.0,0.0,0.0,5.0,35.73,0.0
85.0,2138.0,0.0,0.0,0.0,0.0,0.0,5.0,7.89,0.0
85.0,2138.0,0.0,0.0,0.0,12.0,0.0,13.0,212.61,1.0
86.0,2138.0,0.0,0.0,0.0,0.0,0.0,5.0,64.51,0.0
87.0,2138.0,0.0,0.0,0.0,0.0,0.0,5.0,36.51,0.0
104.0,2138.0,0.0,0.0,0.0,0.0,0.0,5.0,55.47,0.0
106.0,2138.0,0.0,0.0,0.0,0.0,0.0,5.0,20.8,0.0
106.0,2138.0,0.0,0.0,0.0,26.0,0.0,12.0,284.73,1.0
107.0,2138.0,0.0,0.0,0.0,36.0,0.0,15.0,93.69,0.0
108.0,2138.0,0.0,0.0,0.0,0.0,0.0,5.0,37.37,0.0
121.0,2139.0,0.0,1.0,0.0,0.0,0.0,5.0,20.19,0.0
123.0,2139.0,0.0,1.0,0.0,0.0,0.0,5.0,37.26,0.0
123.0,2139.0,0.0,1.0,0.0,9.0,0.0,10.0,142.94,1.0
124.0,2139.0,0.0,1.0,0.0,0.0,0.0,5.0,31.86,0.0
125.0,2139.0,0.0,1.0,0.0,0.0,0.0,5.0,36.99,0.0
80.0,2142.0,1.0,1.0,0.0,1.0,0.0,5.0,13.65,0.0
81.0,2142.0,1.0,1.0,0.0,5.0,0.0,8.0,21.3,0.0
81.0,2142.0,1.0,1.0,0.0,6.0,0.0,6.0,77.66,1.0
82.0,2142.0,1.0,1.0,0.0,1.0,0.0,5.0,10.39,0.0
83.0,2142.0,1.0,1.0,0.0,1.0,0.0,5.0,34.06,0.0
102.0,2142.0,1.0,1.0,0.0,1.0,0.0,5.0,37.91,0.0
103.0,2142.0,1.0,1.0,0.0,1.0,0.0,5.0,30.89,0.0
104.0,2142.0,1.0,1.0,0.0,6.0,0.0,6.0,39.91,1.0
104.0,2142.0,1.0,1.0,0.0,1.0,0.0,5.0,27.85,0.0
105.0,2142.0,1.0,1.0,0.0,1.0,0.0,5.0,42.54,0.0
142.0,2142.0,1.0,1.0,0.0,1.0,0.0,5.0,16.05,0.0
143.0,2142.0,1.0,1.0,0.0,1.0,0.0,5.0,32.38,0.0
144.0,2142.0,1.0,1.0,0.0,20.0,0.0,13.0,552.48,1.0
144.0,2142.0,1.0,1.0,0.0,1.0,0.0,5.0,17.47,0.0
145.0,2142.0,1.0,1.0,0.0,1.0,0.0,5.0,13.93,0.0
124.0,2144.0,1.0,0.0,0.0,35.0,0.0,18.0,589.38,0.0
125.0,2144.0,1.0,0.0,0.0,0.0,0.0,5.0,7.01,0.0
125.0,2144.0,1.0,0.0,0.0,35.0,0.0,18.0,6197.13,1.0
127.0,2144.0,1.0,0.0,0.0,0.0,0.0,5.0,24.07,0.0
127.0,2144.0,1.0,0.0,0.0,6.0,0.0,6.0,88.91,1.0
128.0,2144.0,1.0,0.0,0.0,9.0,0.0,10.0,81.86,0.0
23.0,2156.0,4.0,1.0,0.0,20.0,0.0,13.0,50.24,0.0
27.0,2156.0,4.0,1.0,0.0,25.0,0.0,15.0,64.47,0.0
77.0,2156.0,4.0,1.0,0.0,6.0,0.0,6.0,139.14,1.0
88.0,2156.0,4.0,1.0,0.0,22.0,0.0,12.0,567.35,1.0
88.0,2156.0,4.0,1.0,0.0,22.0,0.0,12.0,507.12,1.0
105.0,2156.0,4.0,1.0,0.0,10.0,0.0,11.0,87.68,1.0
105.0,2156.0,4.0,1.0,0.0,6.0,0.0,6.0,71.62,1.0
106.0,2156.0,4.0,1.0,0.0,6.0,0.0,6.0,108.64,1.0
108.0,2156.0,4.0,1.0,0.0,22.0,0.0,12.0,215.91,1.0
111.0,2156.0,4.0,1.0,0.0,12.0,0.0,13.0,141.84,0.0
108.0,2156.0,4.0,1.0,0.0,15.0,0.0,13.0,516.87,1.0
112.0,2156.0,4.0,1.0,0.0,19.0,0.0,9.0,755.02,1.0
113.0,2156.0,4.0,1.0,0.0,6.0,0.0,6.0,784.99,1.0
114.0,2156.0,4.0,1.0,0.0,6.0,0.0,6.0,33.75,1.0
118.0,2156.0,4.0,1.0,0.0,9.0,0.0,10.0,73.26,1.0
119.0,2156.0,4.0,1.0,0.0,26.0,0.0,12.0,412.24,1.0
120.0,2156.0,4.0,1.0,0.0,20.0,0.0,13.0,154.97,1.0
120.0,2156.0,4.0,1.0,0.0,35.0,0.0,18.0,4313.71,1.0
123.0,2156.0,4.0,1.0,0.0,3.0,0.0,7.0,176.82,0.0
121.0,2156.0,4.0,1.0,0.0,8.0,0.0,9.0,0.8,1.0
129.0,2156.0,4.0,1.0,0.0,6.0,0.0,6.0,495.48,1.0
131.0,2156.0,4.0,1.0,0.0,18.0,0.0,9.0,28.09,0.0
132.0,2156.0,4.0,1.0,0.0,22.0,0.0,12.0,454.09,1.0
134.0,2156.0,4.0,1.0,0.0,16.0,0.0,16.0,42.18,1.0
135.0,2156.0,4.0,1.0,0.0,6.0,0.0,6.0,208.16,1.0
140.0,2156.0,4.0,1.0,0.0,22.0,0.0,12.0,463.96,1.0
144.0,2156.0,4.0,1.0,0.0,35.0,0.0,18.0,1805.26,1.0
144.0,2156.0,4.0,1.0,0.0,6.0,0.0,6.0,66.47,1.0
149.0,2156.0,4.0,1.0,0.0,12.0,0.0,13.0,295.52,1.0
151.0,2156.0,4.0,1.0,0.0,30.0,0.0,16.0,439.84,1.0
153.0,2156.0,4.0,1.0,0.0,22.0,0.0,12.0,159.24,1.0
154.0,2156.0,4.0,1.0,0.0,38.0,0.0,19.0,182.78,1.0
156.0,2156.0,4.0,1.0,0.0,20.0,0.0,13.0,225.94,1.0
157.0,2156.0,4.0,1.0,0.0,22.0,0.0,12.0,149.68,1.0
157.0,2156.0,4.0,1.0,0.0,22.0,0.0,12.0,547.22,1.0
157.0,2156.0,4.0,1.0,0.0,13.0,0.0,14.0,179.32,1.0
159.0,2156.0,4.0,1.0,0.0,22.0,0.0,12.0,212.8,1.0
159.0,2156.0,4.0,1.0,0.0,12.0,0.0,13.0,229.54,1.0
167.0,2156.0,4.0,1.0,0.0,3.0,0.0,7.0,282.41,1.0
168.0,2156.0,4.0,1.0,0.0,12.0,0.0,13.0,193.05,1.0
169.0,2156.0,4.0,1.0,0.0,22.0,0.0,12.0,268.56,1.0
169.0,2156.0,4.0,1.0,0.0,6.0,0.0,6.0,426.99,1.0
169.0,2156.0,4.0,1.0,0.0,6.0,0.0,6.0,304.65,1.0
170.0,2156.0,4.0,1.0,0.0,6.0,0.0,6.0,66.06,0.0
170.0,2156.0,4.0,1.0,0.0,6.0,0.0,6.0,190.28,1.0
172.0,2156.0,4.0,1.0,0.0,22.0,0.0,12.0,318.94,1.0
175.0,2156.0,4.0,1.0,0.0,20.0,0.0,13.0,26.71,1.0
177.0,2156.0,4.0,1.0,0.0,17.0,0.0,9.0,620.9,1.0
178.0,2156.0,4.0,1.0,0.0,12.0,0.0,13.0,282.41,1.0
153.0,2163.0,5.0,0.0,0.0,1.0,0.0,5.0,1.99,0.0
154.0,2163.0,5.0,0.0,0.0,1.0,0.0,5.0,96.54,0.0
155.0,2163.0,5.0,0.0,0.0,35.0,0.0,18.0,1491.09,1.0
155.0,2163.0,5.0,0.0,0.0,1.0,0.0,5.0,10.17,0.0
156.0,2163.0,5.0,0.0,0.0,1.0,0.0,5.0,0.79,0.0
172.0,2163.0,5.0,0.0,0.0,1.0,0.0,5.0,48.08,0.0
173.0,2163.0,5.0,0.0,0.0,5.0,0.0,8.0,22.8,0.0
174.0,2163.0,5.0,0.0,0.0,19.0,0.0,9.0,993.09,1.0
174.0,2163.0,5.0,0.0,0.0,1.0,0.0,5.0,27.42,0.0
175.0,2163.0,5.0,0.0,0.0,28.0,0.0,13.0,77.91,0.0
43.0,2170.0,1.0,0.0,0.0,0.0,0.0,5.0,41.52,0.0
44.0,2170.0,1.0,0.0,0.0,0.0,0.0,5.0,51.9,0.0
46.0,2170.0,1.0,0.0,0.0,26.0,0.0,12.0,509.66,1.0
46.0,2170.0,1.0,0.0,0.0,0.0,0.0,5.0,19.24,0.0
47.0,2170.0,1.0,0.0,0.0,0.0,0.0,5.0,44.7,0.0
85.0,2170.0,1.0,0.0,0.0,0.0,0.0,5.0,38.15,0.0
86.0,2170.0,1.0,0.0,0.0,0.0,0.0,5.0,7.12,0.0
88.0,2170.0,1.0,0.0,0.0,38.0,0.0,19.0,314.73,1.0
88.0,2170.0,1.0,0.0,0.0,0.0,0.0,5.0,38.16,0.0
89.0,2170.0,1.0,0.0,0.0,0.0,0.0,5.0,1.61,0.0
92.0,2170.0,1.0,0.0,0.0,0.0,0.0,5.0,1.58,0.0
93.0,2170.0,1.0,0.0,0.0,0.0,0.0,5.0,0.68,0.0
94.0,2170.0,1.0,0.0,0.0,22.0,0.0,12.0,13.75,1.0
95.0,2170.0,1.0,0.0,0.0,0.0,0.0,5.0,36.33,0.0
96.0,2170.0,1.0,0.0,0.0,0.0,0.0,5.0,34.71,0.0
98.0,2170.0,1.0,0.0,0.0,1.0,0.0,5.0,57.33,0.0
99.0,2170.0,1.0,0.0,0.0,1.0,0.0,5.0,22.86,0.0
100.0,2170.0,1.0,0.0,0.0,16.0,0.0,16.0,538.68,1.0
100.0,2170.0,1.0,0.0,0.0,5.0,0.0,8.0,61.64,0.0
102.0,2170.0,1.0,0.0,0.0,1.0,0.0,5.0,24.14,0.0
101.0,2175.0,2.0,1.0,0.0,12.0,0.0,13.0,83.56,0.0
113.0,2175.0,2.0,1.0,0.0,6.0,0.0,6.0,194.67,0.0
139.0,2175.0,2.0,1.0,0.0,17.0,0.0,9.0,321.46,1.0
149.0,2175.0,2.0,1.0,0.0,12.0,0.0,13.0,20.77,0.0
143.0,2175.0,2.0,1.0,0.0,10.0,0.0,11.0,330.14,1.0
149.0,2175.0,2.0,1.0,0.0,20.0,0.0,13.0,104.32,0.0
3.0,2178.0,2.0,1.0,0.0,0.0,0.0,5.0,50.49,0.0
4.0,2178.0,2.0,1.0,0.0,15.0,0.0,13.0,34.27,0.0
4.0,2178.0,2.0,1.0,0.0,13.0,0.0,14.0,127.28,1.0
5.0,2178.0,2.0,1.0,0.0,0.0,0.0,5.0,34.16,0.0
6.0,2178.0,2.0,1.0,0.0,0.0,0.0,5.0,1.79,0.0
7.0,2178.0,2.0,1.0,0.0,6.0,0.0,6.0,784.69,1.0
7.0,2178.0,2.0,1.0,0.0,0.0,0.0,5.0,38.75,0.0
8.0,2178.0,2.0,1.0,0.0,0.0,0.0,5.0,16.3,0.0
9.0,2178.0,2.0,1.0,0.0,0.0,0.0,5.0,32.61,0.0
9.0,2178.0,2.0,1.0,0.0,3.0,0.0,7.0,186.8,1.0
10.0,2178.0,2.0,1.0,0.0,27.0,0.0,12.0,11.64,0.0
11.0,2178.0,2.0,1.0,0.0,0.0,0.0,5.0,52.5,0.0
12.0,2178.0,2.0,1.0,0.0,17.0,0.0,9.0,177.99,1.0
12.0,2178.0,2.0,1.0,0.0,0.0,0.0,5.0,6.0,0.0
13.0,2178.0,2.0,1.0,0.0,0.0,0.0,5.0,5.82,0.0
13.0,2178.0,2.0,1.0,0.0,6.0,0.0,6.0,214.49,1.0
14.0,2178.0,2.0,1.0,0.0,0.0,0.0,5.0,7.64,0.0
15.0,2178.0,2.0,1.0,0.0,13.0,0.0,14.0,62.83,0.0
50.0,2178.0,2.0,1.0,0.0,1.0,0.0,5.0,20.47,0.0
51.0,2178.0,2.0,1.0,0.0,1.0,0.0,5.0,63.1,0.0
51.0,2178.0,2.0,1.0,0.0,16.0,0.0,16.0,67.77,1.0
52.0,2178.0,2.0,1.0,0.0,1.0,0.0,5.0,6.61,0.0
53.0,2178.0,2.0,1.0,0.0,1.0,0.0,5.0,23.58,0.0
0.0,2192.0,0.0,1.0,0.0,25.0,0.0,15.0,119.81,1.0
0.0,2192.0,0.0,1.0,0.0,25.0,0.0,15.0,506.77,1.0
4.0,2192.0,0.0,1.0,0.0,30.0,0.0,16.0,20.14,0.0
2.0,2192.0,0.0,1.0,0.0,6.0,0.0,6.0,663.53,1.0
5.0,2192.0,0.0,1.0,0.0,22.0,0.0,12.0,109.38,0.0
7.0,2192.0,0.0,1.0,0.0,20.0,0.0,13.0,353.16,1.0
42.0,2192.0,0.0,1.0,0.0,6.0,0.0,6.0,1107.41,1.0
49.0,2192.0,0.0,1.0,0.0,19.0,0.0,9.0,392.1,1.0
61.0,2192.0,0.0,1.0,0.0,11.0,0.0,12.0,500.84,1.0
66.0,2192.0,0.0,1.0,0.0,7.0,0.0,6.0,267.6,0.0
62.0,2192.0,0.0,1.0,0.0,20.0,0.0,13.0,381.3,1.0
67.0,2192.0,0.0,1.0,0.0,11.0,0.0,12.0,515.99,1.0
69.0,2192.0,0.0,1.0,0.0,19.0,0.0,9.0,791.38,1.0
71.0,2192.0,0.0,1.0,0.0,31.0,0.0,9.0,290.72,1.0
91.0,2192.0,0.0,1.0,0.0,6.0,0.0,6.0,882.58,1.0
104.0,2192.0,0.0,1.0,0.0,27.0,0.0,12.0,420.35,1.0
110.0,2192.0,0.0,1.0,0.0,13.0,0.0,14.0,419.86,1.0
119.0,2192.0,0.0,1.0,0.0,9.0,0.0,10.0,44.97,0.0
118.0,2192.0,0.0,1.0,0.0,35.0,0.0,18.0,1430.12,1.0
120.0,2192.0,0.0,1.0,0.0,27.0,0.0,12.0,134.05,0.0
37.0,2198.0,1.0,1.0,0.0,0.0,0.0,5.0,9.82,0.0
38.0,2198.0,1.0,1.0,0.0,0.0,0.0,5.0,43.99,0.0
39.0,2198.0,1.0,1.0,0.0,27.0,0.0,12.0,661.42,1.0
39.0,2198.0,1.0,1.0,0.0,15.0,0.0,13.0,63.87,0.0
39.0,2198.0,1.0,1.0,0.0,44.0,0.0,13.0,61.0,0.0
48.0,2198.0,1.0,1.0,0.0,1.0,0.0,5.0,13.82,0.0
49.0,2198.0,1.0,1.0,0.0,1.0,0.0,5.0,14.35,0.0
49.0,2198.0,1.0,1.0,0.0,17.0,0.0,9.0,64.02,1.0
52.0,2198.0,1.0,1.0,0.0,1.0,0.0,5.0,60.55,0.0
54.0,2198.0,1.0,1.0,0.0,1.0,0.0,5.0,3.86,0.0
66.0,2198.0,1.0,1.0,0.0,1.0,0.0,5.0,43.86,0.0
67.0,2198.0,1.0,1.0,0.0,1.0,0.0,5.0,57.23,0.0
68.0,2198.0,1.0,1.0,0.0,6.0,0.0,6.0,567.39,1.0
68.0,2198.0,1.0,1.0,0.0,1.0,0.0,5.0,29.62,0.0
69.0,2198.0,1.0,1.0,0.0,1.0,0.0,5.0,79.24,0.0
70.0,2198.0,1.0,1.0,0.0,35.0,0.0,18.0,7.4,1.0
70.0,2198.0,1.0,1.0,0.0,1.0,0.0,5.0,13.98,0.0
71.0,2198.0,1.0,1.0,0.0,43.0,0.0,9.0,149.81,0.0
10.0,2199.0,0.0,0.0,0.0,13.0,0.0,14.0,63.45,0.0
11.0,2199.0,0.0,0.0,0.0,0.0,0.0,5.0,9.94,0.0
12.0,2199.0,0.0,0.0,0.0,22.0,0.0,12.0,66.56,1.0
12.0,2199.0,0.0,0.0,0.0,0.0,0.0,5.0,46.97,0.0
13.0,2199.0,0.0,0.0,0.0,0.0,0.0,5.0,7.46,0.0
13.0,2199.0,0.0,0.0,0.0,30.0,0.0,16.0,245.26,1.0
14.0,2199.0,0.0,0.0,0.0,0.0,0.0,5.0,30.98,0.0
15.0,2199.0,0.0,0.0,0.0,0.0,0.0,5.0,11.44,0.0
17.0,2199.0,0.0,0.0,0.0,0.0,0.0,5.0,33.78,0.0
18.0,2199.0,0.0,0.0,0.0,0.0,0.0,5.0,12.83,0.0
19.0,2199.0,0.0,0.0,0.0,22.0,0.0,12.0,50.17,1.0
19.0,2199.0,0.0,0.0,0.0,0.0,0.0,5.0,33.85,0.0
20.0,2199.0,0.0,0.0,0.0,0.0,0.0,5.0,68.85,0.0
115.0,2199.0,0.0,0.0,0.0,1.0,0.0,5.0,20.85,0.0
116.0,2199.0,0.0,0.0,0.0,1.0,0.0,5.0,43.07,0.0
117.0,2199.0,0.0,0.0,0.0,22.0,0.0,12.0,117.52,1.0
117.0,2199.0,0.0,0.0,0.0,1.0,0.0,5.0,23.06,0.0
118.0,2199.0,0.0,0.0,0.0,1.0,0.0,5.0,8.39,0.0
125.0,2199.0,0.0,0.0,0.0,1.0,0.0,5.0,51.29,0.0
126.0,2199.0,0.0,0.0,0.0,1.0,0.0,5.0,19.62,0.0
127.0,2199.0,0.0,0.0,0.0,31.0,0.0,9.0,630.58,1.0
127.0,2199.0,0.0,0.0,0.0,1.0,0.0,5.0,57.65,0.0
128.0,2199.0,0.0,0.0,0.0,1.0,0.0,5.0,39.82,0.0
53.0,2205.0,3.0,0.0,0.0,0.0,0.0,5.0,4.79,0.0
55.0,2205.0,3.0,0.0,0.0,0.0,0.0,5.0,16.35,0.0
56.0,2205.0,3.0,0.0,0.0,19.0,0.0,9.0,862.03,1.0
57.0,2205.0,3.0,0.0,0.0,0.0,0.0,5.0,53.8,0.0
58.0,2205.0,3.0,0.0,0.0,0.0,0.0,5.0,25.13,0.0
104.0,2205.0,3.0,0.0,0.0,0.0,0.0,5.0,37.98,0.0
105.0,2205.0,3.0,0.0,0.0,0.0,0.0,5.0,26.86,0.0
106.0,2205.0,3.0,0.0,0.0,22.0,0.0,12.0,305.06,1.0
106.0,2205.0,3.0,0.0,0.0,0.0,0.0,5.0,21.04,0.0
107.0,2205.0,3.0,0.0,0.0,0.0,0.0,5.0,69.13,0.0
121.0,2205.0,3.0,0.0,0.0,0.0,0.0,5.0,28.4,0.0
122.0,2205.0,3.0,0.0,0.0,0.0,0.0,5.0,21.18,0.0
122.0,2205.0,3.0,0.0,0.0,11.0,0.0,12.0,356.7,1.0
124.0,2205.0,3.0,0.0,0.0,0.0,0.0,5.0,7.07,0.0
125.0,2205.0,3.0,0.0,0.0,27.0,0.0,12.0,137.66,0.0
0.0,2206.0,5.0,1.0,0.0,0.0,0.0,5.0,30.44,0.0
1.0,2206.0,5.0,1.0,0.0,9.0,0.0,10.0,7.65,0.0
2.0,2206.0,5.0,1.0,0.0,9.0,0.0,10.0,195.81,1.0
2.0,2206.0,5.0,1.0,0.0,0.0,0.0,5.0,3.42,0.0
2.0,2206.0,5.0,1.0,0.0,9.0,0.0,10.0,42.64,1.0
3.0,2206.0,5.0,1.0,0.0,0.0,0.0,5.0,50.45,0.0
36.0,2206.0,5.0,1.0,0.0,0.0,0.0,5.0,8.13,0.0
38.0,2206.0,5.0,1.0,0.0,0.0,0.0,5.0,44.03,0.0
40.0,2206.0,5.0,1.0,0.0,27.0,0.0,12.0,570.25,1.0
40.0,2206.0,5.0,1.0,0.0,0.0,0.0,5.0,16.74,0.0
41.0,2206.0,5.0,1.0,0.0,0.0,0.0,5.0,12.0,0.0
58.0,2206.0,5.0,1.0,0.0,0.0,0.0,5.0,38.66,0.0
59.0,2206.0,5.0,1.0,0.0,0.0,0.0,5.0,5.54,0.0
59.0,2206.0,5.0,1.0,0.0,17.0,0.0,9.0,550.15,1.0
61.0,2206.0,5.0,1.0,0.0,9.0,0.0,10.0,17.12,0.0
62.0,2206.0,5.0,1.0,0.0,0.0,0.0,5.0,22.69,0.0
72.0,2206.0,5.0,1.0,0.0,0.0,0.0,5.0,11.63,0.0
73.0,2206.0,5.0,1.0,0.0,0.0,0.0,5.0,17.12,0.0
74.0,2206.0,5.0,1.0,0.0,35.0,0.0,18.0,2265.95,1.0
75.0,2206.0,5.0,1.0,0.0,0.0,0.0,5.0,68.49,0.0
76.0,2206.0,5.0,1.0,0.0,0.0,0.0,5.0,41.62,0.0
122.0,2206.0,5.0,1.0,0.0,7.0,0.0,6.0,341.59,0.0
125.0,2206.0,5.0,1.0,0.0,9.0,0.0,10.0,33.89,0.0
125.0,2206.0,5.0,1.0,0.0,22.0,0.0,12.0,818.09,1.0
126.0,2206.0,5.0,1.0,0.0,0.0,0.0,5.0,6.16,0.0
127.0,2206.0,5.0,1.0,0.0,0.0,0.0,5.0,5.4,0.0
76.0,2211.0,4.0,1.0,0.0,1.0,0.0,5.0,34.5,0.0
78.0,2211.0,4.0,1.0,0.0,1.0,0.0,5.0,43.25,0.0
79.0,2211.0,4.0,1.0,0.0,6.0,0.0,6.0,429.21,1.0
79.0,2211.0,4.0,1.0,0.0,1.0,0.0,5.0,53.71,0.0
80.0,2211.0,4.0,1.0,0.0,5.0,0.0,8.0,55.35,0.0
51.0,2212.0,0.0,1.0,0.0,30.0,0.0,16.0,2.8,0.0
61.0,2212.0,0.0,1.0,0.0,25.0,0.0,15.0,30.36,0.0
78.0,2212.0,0.0,1.0,0.0,44.0,0.0,13.0,20.96,1.0
99.0,2212.0,0.0,1.0,0.0,12.0,0.0,13.0,48.63,0.0
109.0,2212.0,0.0,1.0,0.0,6.0,0.0,6.0,192.92,0.0
108.0,2213.0,0.0,0.0,0.0,1.0,0.0,5.0,4.14,0.0
109.0,2213.0,0.0,0.0,0.0,1.0,0.0,5.0,36.47,0.0
110.0,2213.0,0.0,0.0,0.0,12.0,0.0,13.0,55.43,1.0
110.0,2213.0,0.0,0.0,0.0,1.0,0.0,5.0,9.17,0.0
111.0,2213.0,0.0,0.0,0.0,1.0,0.0,5.0,57.59,0.0
41.0,2227.0,1.0,1.0,0.0,0.0,0.0,5.0,16.59,0.0
42.0,2227.0,1.0,1.0,0.0,0.0,0.0,5.0,39.72,0.0
43.0,2227.0,1.0,1.0,0.0,10.0,0.0,11.0,567.69,1.0
43.0,2227.0,1.0,1.0,0.0,0.0,0.0,5.0,64.71,0.0
43.0,2227.0,1.0,1.0,0.0,11.0,0.0,12.0,213.91,1.0
44.0,2227.0,1.0,1.0,0.0,0.0,0.0,5.0,54.62,0.0
45.0,2227.0,1.0,1.0,0.0,0.0,0.0,5.0,14.1,0.0
45.0,2227.0,1.0,1.0,0.0,22.0,0.0,12.0,113.83,1.0
46.0,2227.0,1.0,1.0,0.0,0.0,0.0,5.0,10.42,0.0
48.0,2227.0,1.0,1.0,0.0,0.0,0.0,5.0,30.45,0.0
54.0,2227.0,1.0,1.0,0.0,0.0,0.0,5.0,41.7,0.0
55.0,2227.0,1.0,1.0,0.0,0.0,0.0,5.0,4.09,0.0
55.0,2227.0,1.0,1.0,0.0,22.0,0.0,12.0,127.75,1.0
56.0,2227.0,1.0,1.0,0.0,0.0,0.0,5.0,4.97,0.0
57.0,2227.0,1.0,1.0,0.0,0.0,0.0,5.0,36.59,0.0
67.0,2227.0,1.0,1.0,0.0,0.0,0.0,5.0,23.45,0.0
68.0,2227.0,1.0,1.0,0.0,0.0,0.0,5.0,33.07,0.0
68.0,2227.0,1.0,1.0,0.0,22.0,0.0,12.0,599.39,1.0
69.0,2227.0,1.0,1.0,0.0,0.0,0.0,5.0,1.98,0.0
70.0,2227.0,1.0,1.0,0.0,0.0,0.0,5.0,27.14,0.0
72.0,2227.0,1.0,1.0,0.0,0.0,0.0,5.0,37.71,0.0
74.0,2227.0,1.0,1.0,0.0,0.0,0.0,5.0,21.66,0.0
75.0,2227.0,1.0,1.0,0.0,30.0,0.0,16.0,391.59,1.0
75.0,2227.0,1.0,1.0,0.0,0.0,0.0,5.0,22.99,0.0
76.0,2227.0,1.0,1.0,0.0,0.0,0.0,5.0,34.98,0.0
78.0,2227.0,1.0,1.0,0.0,15.0,0.0,13.0,45.05,0.0
78.0,2227.0,1.0,1.0,0.0,44.0,0.0,13.0,67.32,0.0
79.0,2227.0,1.0,1.0,0.0,26.0,0.0,12.0,449.71,1.0
79.0,2227.0,1.0,1.0,0.0,0.0,0.0,5.0,31.24,0.0
80.0,2227.0,1.0,1.0,0.0,0.0,0.0,5.0,28.68,0.0
81.0,2227.0,1.0,1.0,0.0,0.0,0.0,5.0,44.15,0.0
82.0,2227.0,1.0,1.0,0.0,6.0,0.0,6.0,622.12,1.0
82.0,2227.0,1.0,1.0,0.0,0.0,0.0,5.0,9.5,0.0
83.0,2227.0,1.0,1.0,0.0,0.0,0.0,5.0,54.09,0.0
84.0,2227.0,1.0,1.0,0.0,0.0,0.0,5.0,10.85,0.0
85.0,2227.0,1.0,1.0,0.0,22.0,0.0,12.0,117.09,1.0
85.0,2227.0,1.0,1.0,0.0,0.0,0.0,5.0,28.35,0.0
86.0,2227.0,1.0,1.0,0.0,0.0,0.0,5.0,22.83,0.0
142.0,2227.0,1.0,1.0,0.0,1.0,0.0,5.0,53.16,0.0
144.0,2227.0,1.0,1.0,0.0,1.0,0.0,5.0,3.11,0.0
144.0,2227.0,1.0,1.0,0.0,20.0,0.0,13.0,149.42,1.0
145.0,2227.0,1.0,1.0,0.0,1.0,0.0,5.0,6.35,0.0
146.0,2227.0,1.0,1.0,0.0,1.0,0.0,5.0,39.81,0.0
149.0,2227.0,1.0,1.0,0.0,5.0,0.0,8.0,61.78,0.0
150.0,2227.0,1.0,1.0,0.0,1.0,0.0,5.0,60.96,0.0
150.0,2227.0,1.0,1.0,0.0,10.0,0.0,11.0,960.18,1.0
151.0,2227.0,1.0,1.0,0.0,1.0,0.0,5.0,22.28,0.0
152.0,2227.0,1.0,1.0,0.0,1.0,0.0,5.0,16.8,0.0
152.0,2227.0,1.0,1.0,0.0,6.0,0.0,6.0,193.81,1.0
153.0,2227.0,1.0,1.0,0.0,1.0,0.0,5.0,41.64,0.0
156.0,2227.0,1.0,1.0,0.0,1.0,0.0,5.0,11.07,0.0
175.0,2228.0,1.0,1.0,0.0,0.0,0.0,5.0,3.06,0.0
176.0,2228.0,1.0,1.0,0.0,0.0,0.0,5.0,10.57,0.0
176.0,2228.0,1.0,1.0,0.0,22.0,0.0,12.0,30.34,1.0
178.0,2228.0,1.0,1.0,0.0,9.0,0.0,10.0,74.1,0.0
179.0,2228.0,1.0,1.0,0.0,0.0,0.0,5.0,7.57,0.0
73.0,2229.0,2.0,1.0,0.0,0.0,0.0,5.0,32.0,0.0
74.0,2229.0,2.0,1.0,0.0,0.0,0.0,5.0,34.06,0.0
75.0,2229.0,2.0,1.0,0.0,12.0,0.0,13.0,155.95,1.0
75.0,2229.0,2.0,1.0,0.0,0.0,0.0,5.0,2.91,0.0
76.0,2229.0,2.0,1.0,0.0,0.0,0.0,5.0,60.65,0.0
111.0,2229.0,2.0,1.0,0.0,0.0,0.0,5.0,65.53,0.0
112.0,2229.0,2.0,1.0,0.0,0.0,0.0,5.0,26.12,0.0
112.0,2229.0,2.0,1.0,0.0,20.0,0.0,13.0,12.63,1.0
113.0,2229.0,2.0,1.0,0.0,0.0,0.0,5.0,25.69,0.0
114.0,2229.0,2.0,1.0,0.0,0.0,0.0,5.0,36.11,0.0
142.0,2232.0,2.0,1.0,0.0,1.0,0.0,5.0,11.5,0.0
143.0,2232.0,2.0,1.0,0.0,1.0,0.0,5.0,44.5,0.0
143.0,2232.0,2.0,1.0,0.0,35.0,0.0,18.0,212.04,1.0
144.0,2232.0,2.0,1.0,0.0,1.0,0.0,5.0,16.6,0.0
145.0,2232.0,2.0,1.0,0.0,1.0,0.0,5.0,14.4,0.0
39.0,2234.0,1.0,1.0,0.0,12.0,0.0,13.0,54.23,0.0
39.0,2234.0,1.0,1.0,0.0,21.0,0.0,13.0,68.27,0.0
67.0,2234.0,1.0,1.0,0.0,11.0,0.0,12.0,1.82,1.0
73.0,2234.0,1.0,1.0,0.0,12.0,0.0,13.0,70.38,0.0
73.0,2234.0,1.0,1.0,0.0,21.0,0.0,13.0,32.72,0.0
84.0,2234.0,1.0,1.0,0.0,21.0,0.0,13.0,87.3,0.0
93.0,2234.0,1.0,1.0,0.0,6.0,0.0,6.0,28.71,0.0
104.0,2234.0,1.0,1.0,0.0,38.0,0.0,19.0,88.6,1.0
127.0,2234.0,1.0,1.0,0.0,12.0,0.0,13.0,66.04,0.0
116.0,2234.0,1.0,1.0,0.0,20.0,0.0,13.0,67.91,1.0
127.0,2234.0,1.0,1.0,0.0,20.0,0.0,13.0,39.75,0.0
160.0,2234.0,1.0,1.0,0.0,7.0,0.0,6.0,74.35,0.0
163.0,2234.0,1.0,1.0,0.0,20.0,0.0,13.0,70.07,0.0
171.0,2234.0,1.0,1.0,0.0,11.0,0.0,12.0,171.61,1.0
93.0,2239.0,5.0,0.0,0.0,13.0,0.0,14.0,0.12,0.0
94.0,2239.0,5.0,0.0,0.0,3.0,0.0,7.0,13.45,0.0
103.0,2239.0,5.0,0.0,0.0,11.0,0.0,12.0,199.71,1.0
113.0,2239.0,5.0,0.0,0.0,13.0,0.0,14.0,82.55,0.0
114.0,2239.0,5.0,0.0,0.0,0.0,0.0,5.0,31.62,0.0
167.0,2239.0,5.0,0.0,0.0,0.0,0.0,5.0,43.76,0.0
168.0,2239.0,5.0,0.0,0.0,0.0,0.0,5.0,26.57,0.0
168.0,2239.0,5.0,0.0,0.0,22.0,0.0,12.0,362.97,1.0
169.0,2239.0,5.0,0.0,0.0,0.0,0.0,5.0,11.61,0.0
170.0,2239.0,5.0,0.0,0.0,0.0,0.0,5.0,62.71,0.0
48.0,2242.0,2.0,0.0,0.0,0.0,0.0,5.0,31.61,0.0
49.0,2242.0,2.0,0.0,0.0,0.0,0.0,5.0,23.75,0.0
50.0,2242.0,2.0,0.0,0.0,6.0,0.0,6.0,287.25,1.0
50.0,2242.0,2.0,0.0,0.0,0.0,0.0,5.0,38.98,0.0
51.0,2242.0,2.0,0.0,0.0,0.0,0.0,5.0,28.93,0.0
106.0,2242.0,2.0,0.0,0.0,1.0,0.0,5.0,27.23,0.0
107.0,2242.0,2.0,0.0,0.0,1.0,0.0,5.0,64.77,0.0
107.0,2242.0,2.0,0.0,0.0,22.0,0.0,12.0,341.71,1.0
108.0,2242.0,2.0,0.0,0.0,1.0,0.0,5.0,15.36,0.0
109.0,2242.0,2.0,0.0,0.0,1.0,0.0,5.0,22.42,0.0
39.0,2243.0,3.0,0.0,0.0,9.0,0.0,10.0,81.5,0.0
40.0,2243.0,3.0,0.0,0.0,20.0,0.0,13.0,117.05,0.0
56.0,2243.0,3.0,0.0,0.0,18.0,0.0,9.0,818.32,1.0
56.0,2243.0,3.0,0.0,0.0,12.0,0.0,13.0,75.39,0.0
59.0,2243.0,3.0,0.0,0.0,6.0,0.0,6.0,50.02,0.0
116.0,2243.0,3.0,0.0,0.0,1.0,0.0,5.0,40.92,0.0
117.0,2243.0,3.0,0.0,0.0,1.0,0.0,5.0,49.86,0.0
118.0,2243.0,3.0,0.0,0.0,22.0,0.0,12.0,0.95,1.0
118.0,2243.0,3.0,0.0,0.0,1.0,0.0,5.0,53.21,0.0
119.0,2243.0,3.0,0.0,0.0,1.0,0.0,5.0,58.6,0.0
23.0,2244.0,3.0,0.0,0.0,0.0,0.0,5.0,20.96,0.0
24.0,2244.0,3.0,0.0,0.0,0.0,0.0,5.0,56.94,0.0
25.0,2244.0,3.0,0.0,0.0,18.0,0.0,9.0,629.12,1.0
25.0,2244.0,3.0,0.0,0.0,0.0,0.0,5.0,55.46,0.0
27.0,2244.0,3.0,0.0,0.0,0.0,0.0,5.0,26.21,0.0
97.0,2244.0,3.0,0.0,0.0,14.0,0.0,15.0,50.2,0.0
98.0,2244.0,3.0,0.0,0.0,1.0,0.0,5.0,32.11,0.0
99.0,2244.0,3.0,0.0,0.0,22.0,0.0,12.0,846.67,1.0
99.0,2244.0,3.0,0.0,0.0,1.0,0.0,5.0,23.23,0.0
100.0,2244.0,3.0,0.0,0.0,5.0,0.0,8.0,64.1,0.0
8.0,2249.0,2.0,1.0,0.0,0.0,0.0,5.0,9.47,0.0
9.0,2249.0,2.0,1.0,0.0,0.0,0.0,5.0,40.19,0.0
10.0,2249.0,2.0,1.0,0.0,6.0,0.0,6.0,326.1,1.0
10.0,2249.0,2.0,1.0,0.0,0.0,0.0,5.0,4.62,0.0
11.0,2249.0,2.0,1.0,0.0,0.0,0.0,5.0,52.8,0.0
27.0,2249.0,2.0,1.0,0.0,1.0,0.0,5.0,0.13,0.0
28.0,2249.0,2.0,1.0,0.0,1.0,0.0,5.0,36.73,0.0
28.0,2249.0,2.0,1.0,0.0,22.0,0.0,12.0,490.88,1.0
29.0,2249.0,2.0,1.0,0.0,28.0,0.0,13.0,111.1,0.0
30.0,2249.0,2.0,1.0,0.0,0.0,0.0,5.0,25.9,0.0
142.0,2249.0,2.0,1.0,0.0,1.0,0.0,5.0,24.24,0.0
143.0,2249.0,2.0,1.0,0.0,1.0,0.0,5.0,48.77,0.0
143.0,2249.0,2.0,1.0,0.0,6.0,0.0,6.0,470.88,1.0
144.0,2249.0,2.0,1.0,0.0,5.0,0.0,8.0,1.1,0.0
145.0,2249.0,2.0,1.0,0.0,1.0,0.0,5.0,68.65,0.0
146.0,2250.0,2.0,1.0,0.0,1.0,0.0,5.0,9.4,0.0
147.0,2250.0,2.0,1.0,0.0,10.0,0.0,11.0,65.59,0.0
147.0,2250.0,2.0,1.0,0.0,16.0,0.0,16.0,260.1,1.0
148.0,2250.0,2.0,1.0,0.0,1.0,0.0,5.0,48.4,0.0
149.0,2250.0,2.0,1.0,0.0,1.0,0.0,5.0,69.46,0.0
81.0,2253.0,1.0,0.0,0.0,6.0,0.0,6.0,56.01,0.0
81.0,2253.0,1.0,0.0,0.0,7.0,0.0,6.0,141.66,0.0
92.0,2253.0,1.0,0.0,0.0,19.0,0.0,9.0,395.47,1.0
103.0,2253.0,1.0,0.0,0.0,7.0,0.0,6.0,90.9,0.0
102.0,2253.0,1.0,0.0,0.0,41.0,0.0,19.0,343.81,1.0
103.0,2253.0,1.0,0.0,0.0,2.0,0.0,6.0,108.54,0.0
125.0,2256.0,4.0,1.0,0.0,1.0,0.0,5.0,16.81,0.0
126.0,2256.0,4.0,1.0,0.0,1.0,0.0,5.0,12.74,0.0
126.0,2256.0,4.0,1.0,0.0,22.0,0.0,12.0,361.11,1.0
127.0,2256.0,4.0,1.0,0.0,5.0,0.0,8.0,32.8,0.0
128.0,2256.0,4.0,1.0,0.0,1.0,0.0,5.0,1.55,0.0
8.0,2258.0,1.0,0.0,0.0,0.0,0.0,5.0,31.93,0.0
9.0,2258.0,1.0,0.0,0.0,0.0,0.0,5.0,12.51,0.0
9.0,2258.0,1.0,0.0,0.0,6.0,0.0,6.0,1022.83,1.0
10.0,2258.0,1.0,0.0,0.0,0.0,0.0,5.0,0.76,0.0
11.0,2258.0,1.0,0.0,0.0,0.0,0.0,5.0,33.69,0.0
59.0,2258.0,1.0,0.0,0.0,0.0,0.0,5.0,33.08,0.0
60.0,2258.0,1.0,0.0,0.0,0.0,0.0,5.0,21.3,0.0
62.0,2258.0,1.0,0.0,0.0,38.0,0.0,19.0,129.73,1.0
62.0,2258.0,1.0,0.0,0.0,0.0,0.0,5.0,30.68,0.0
64.0,2258.0,1.0,0.0,0.0,0.0,0.0,5.0,35.79,0.0
75.0,2258.0,1.0,0.0,0.0,0.0,0.0,5.0,34.25,0.0
79.0,2258.0,1.0,0.0,0.0,0.0,0.0,5.0,10.04,0.0
80.0,2258.0,1.0,0.0,0.0,35.0,0.0,18.0,3921.12,1.0
80.0,2258.0,1.0,0.0,0.0,0.0,0.0,5.0,19.95,0.0
83.0,2258.0,1.0,0.0,0.0,0.0,0.0,5.0,2.01,0.0
91.0,2258.0,1.0,0.0,0.0,0.0,0.0,5.0,77.28,0.0
92.0,2258.0,1.0,0.0,0.0,0.0,0.0,5.0,1.01,0.0
92.0,2258.0,1.0,0.0,0.0,9.0,0.0,10.0,11.68,1.0
93.0,2258.0,1.0,0.0,0.0,0.0,0.0,5.0,6.81,0.0
94.0,2258.0,1.0,0.0,0.0,0.0,0.0,5.0,37.2,0.0
171.0,2258.0,1.0,0.0,0.0,0.0,0.0,5.0,8.06,0.0
172.0,2258.0,1.0,0.0,0.0,0.0,0.0,5.0,5.3,0.0
173.0,2258.0,1.0,0.0,0.0,35.0,0.0,18.0,4722.03,1.0
173.0,2258.0,1.0,0.0,0.0,0.0,0.0,5.0,1.19,0.0
174.0,2258.0,1.0,0.0,0.0,0.0,0.0,5.0,53.85,0.0
84.0,2260.0,2.0,0.0,0.0,6.0,0.0,6.0,29.47,0.0
98.0,2260.0,2.0,0.0,0.0,16.0,0.0,16.0,57.06,0.0
100.0,2260.0,2.0,0.0,0.0,16.0,0.0,16.0,261.73,1.0
102.0,2260.0,2.0,0.0,0.0,13.0,0.0,14.0,64.57,0.0
103.0,2260.0,2.0,0.0,0.0,0.0,0.0,5.0,11.04,0.0
108.0,2260.0,2.0,0.0,0.0,0.0,0.0,5.0,20.73,0.0
109.0,2260.0,2.0,0.0,0.0,0.0,0.0,5.0,17.97,0.0
110.0,2260.0,2.0,0.0,0.0,35.0,0.0,18.0,1732.1,1.0
110.0,2260.0,2.0,0.0,0.0,0.0,0.0,5.0,50.22,0.0
111.0,2260.0,2.0,0.0,0.0,0.0,0.0,5.0,53.47,0.0
114.0,2260.0,2.0,0.0,0.0,0.0,0.0,5.0,3.39,0.0
116.0,2260.0,2.0,0.0,0.0,0.0,0.0,5.0,18.55,0.0
117.0,2260.0,2.0,0.0,0.0,22.0,0.0,12.0,783.21,1.0
117.0,2260.0,2.0,0.0,0.0,0.0,0.0,5.0,29.76,0.0
118.0,2260.0,2.0,0.0,0.0,0.0,0.0,5.0,23.54,0.0
129.0,2260.0,2.0,0.0,0.0,0.0,0.0,5.0,13.83,0.0
130.0,2260.0,2.0,0.0,0.0,0.0,0.0,5.0,19.23,0.0
130.0,2260.0,2.0,0.0,0.0,35.0,0.0,18.0,1948.4,1.0
131.0,2260.0,2.0,0.0,0.0,0.0,0.0,5.0,18.71,0.0
132.0,2260.0,2.0,0.0,0.0,0.0,0.0,5.0,3.74,0.0
157.0,2260.0,2.0,0.0,0.0,0.0,0.0,5.0,5.74,0.0
158.0,2260.0,2.0,0.0,0.0,0.0,0.0,5.0,33.23,0.0
159.0,2260.0,2.0,0.0,0.0,6.0,0.0,6.0,441.73,1.0
159.0,2260.0,2.0,0.0,0.0,0.0,0.0,5.0,34.08,0.0
161.0,2260.0,2.0,0.0,0.0,0.0,0.0,5.0,71.75,0.0
175.0,2264.0,0.0,1.0,0.0,1.0,0.0,5.0,20.75,0.0
177.0,2264.0,0.0,1.0,0.0,1.0,0.0,5.0,31.8,0.0
177.0,2264.0,0.0,1.0,0.0,25.0,0.0,15.0,24.95,1.0
178.0,2264.0,0.0,1.0,0.0,1.0,0.0,5.0,11.32,0.0
179.0,2264.0,0.0,1.0,0.0,1.0,0.0,5.0,29.34,0.0
131.0,2267.0,1.0,0.0,0.0,1.0,0.0,5.0,57.08,0.0
132.0,2267.0,1.0,0.0,0.0,1.0,0.0,5.0,9.0,0.0
133.0,2267.0,1.0,0.0,0.0,22.0,0.0,12.0,163.99,1.0
133.0,2267.0,1.0,0.0,0.0,1.0,0.0,5.0,34.1,0.0
136.0,2267.0,1.0,0.0,0.0,1.0,0.0,5.0,32.74,0.0
156.0,2268.0,4.0,0.0,0.0,6.0,0.0,6.0,15.1,0.0
156.0,2268.0,4.0,0.0,0.0,7.0,0.0,6.0,67.32,0.0
165.0,2268.0,4.0,0.0,0.0,22.0,0.0,12.0,47.82,1.0
171.0,2268.0,4.0,0.0,0.0,9.0,0.0,10.0,6.47,0.0
172.0,2268.0,4.0,0.0,0.0,0.0,0.0,5.0,48.25,0.0
130.0,2271.0,4.0,1.0,0.0,1.0,0.0,5.0,29.07,0.0
131.0,2271.0,4.0,1.0,0.0,5.0,0.0,8.0,2.18,0.0
131.0,2271.0,4.0,1.0,0.0,31.0,0.0,9.0,395.65,1.0
132.0,2271.0,4.0,1.0,0.0,5.0,0.0,8.0,36.35,0.0
133.0,2271.0,4.0,1.0,0.0,1.0,0.0,5.0,22.7,0.0
69.0,2273.0,2.0,0.0,0.0,11.0,0.0,12.0,183.53,0.0
69.0,2273.0,2.0,0.0,0.0,26.0,0.0,12.0,133.2,0.0
86.0,2273.0,2.0,0.0,0.0,22.0,0.0,12.0,77.41,1.0
88.0,2273.0,2.0,0.0,0.0,13.0,0.0,14.0,19.28,0.0
89.0,2273.0,2.0,0.0,0.0,3.0,0.0,7.0,220.63,0.0
90.0,2273.0,2.0,0.0,0.0,3.0,0.0,7.0,203.11,1.0
96.0,2273.0,2.0,0.0,0.0,11.0,0.0,12.0,14.22,0.0
96.0,2273.0,2.0,0.0,0.0,26.0,0.0,12.0,7.8,0.0
106.0,2273.0,2.0,0.0,0.0,2.0,0.0,6.0,147.04,0.0
107.0,2273.0,2.0,0.0,0.0,6.0,0.0,6.0,167.09,1.0
138.0,2273.0,2.0,0.0,0.0,22.0,0.0,12.0,11.51,0.0
112.0,2273.0,2.0,0.0,0.0,6.0,0.0,6.0,846.72,1.0
139.0,2273.0,2.0,0.0,0.0,26.0,0.0,12.0,167.59,1.0
145.0,2273.0,2.0,0.0,0.0,7.0,0.0,6.0,163.82,0.0
140.0,2273.0,2.0,0.0,0.0,6.0,0.0,6.0,555.93,1.0
151.0,2273.0,2.0,0.0,0.0,35.0,0.0,18.0,1403.56,1.0
173.0,2273.0,2.0,0.0,0.0,9.0,0.0,10.0,74.96,0.0
174.0,2273.0,2.0,0.0,0.0,0.0,0.0,5.0,33.81,0.0
51.0,2279.0,4.0,1.0,0.0,4.0,0.0,6.0,24.97,0.0
52.0,2279.0,4.0,1.0,0.0,26.0,0.0,12.0,79.84,0.0
76.0,2279.0,4.0,1.0,0.0,25.0,0.0,15.0,336.2,1.0
78.0,2279.0,4.0,1.0,0.0,10.0,0.0,11.0,97.54,1.0
87.0,2279.0,4.0,1.0,0.0,22.0,0.0,12.0,32.49,1.0
89.0,2279.0,4.0,1.0,0.0,22.0,0.0,12.0,583.79,1.0
90.0,2279.0,4.0,1.0,0.0,22.0,0.0,12.0,347.52,1.0
90.0,2279.0,4.0,1.0,0.0,12.0,0.0,13.0,685.16,1.0
94.0,2279.0,4.0,1.0,0.0,6.0,0.0,6.0,40.16,1.0
101.0,2279.0,4.0,1.0,0.0,14.0,0.0,15.0,127.08,0.0
97.0,2279.0,4.0,1.0,0.0,22.0,0.0,12.0,64.51,1.0
102.0,2279.0,4.0,1.0,0.0,1.0,0.0,5.0,46.33,0.0
112.0,2279.0,4.0,1.0,0.0,1.0,0.0,5.0,1.89,0.0
114.0,2279.0,4.0,1.0,0.0,1.0,0.0,5.0,46.76,0.0
114.0,2279.0,4.0,1.0,0.0,6.0,0.0,6.0,574.31,1.0
115.0,2279.0,4.0,1.0,0.0,5.0,0.0,8.0,14.93,0.0
116.0,2279.0,4.0,1.0,0.0,1.0,0.0,5.0,46.63,0.0
137.0,2279.0,4.0,1.0,0.0,42.0,0.0,6.0,84.43,0.0
138.0,2279.0,4.0,1.0,0.0,3.0,0.0,7.0,62.29,0.0
145.0,2279.0,4.0,1.0,0.0,6.0,0.0,6.0,591.64,1.0
148.0,2279.0,4.0,1.0,0.0,18.0,0.0,9.0,34.49,0.0
150.0,2279.0,4.0,1.0,0.0,3.0,0.0,7.0,109.45,0.0
153.0,2279.0,4.0,1.0,0.0,22.0,0.0,12.0,75.54,1.0
160.0,2279.0,4.0,1.0,0.0,6.0,0.0,6.0,257.7,0.0
158.0,2279.0,4.0,1.0,0.0,27.0,0.0,12.0,1201.13,1.0
172.0,2279.0,4.0,1.0,0.0,6.0,0.0,6.0,8.22,1.0
176.0,2279.0,4.0,1.0,0.0,6.0,0.0,6.0,217.39,0.0
176.0,2279.0,4.0,1.0,0.0,2.0,0.0,6.0,127.63,0.0
176.0,2279.0,4.0,1.0,0.0,22.0,0.0,12.0,620.22,1.0
47.0,2287.0,0.0,0.0,0.0,0.0,0.0,5.0,40.35,0.0
48.0,2287.0,0.0,0.0,0.0,0.0,0.0,5.0,19.3,0.0
49.0,2287.0,0.0,0.0,0.0,35.0,0.0,18.0,803.39,1.0
49.0,2287.0,0.0,0.0,0.0,9.0,0.0,10.0,38.72,0.0
50.0,2287.0,0.0,0.0,0.0,20.0,0.0,13.0,1.48,0.0
60.0,2287.0,0.0,0.0,0.0,35.0,0.0,18.0,580.01,1.0
63.0,2287.0,0.0,0.0,0.0,0.0,0.0,5.0,37.24,0.0
64.0,2287.0,0.0,0.0,0.0,0.0,0.0,5.0,23.25,0.0
71.0,2287.0,0.0,0.0,0.0,1.0,0.0,5.0,6.81,0.0
72.0,2287.0,0.0,0.0,0.0,1.0,0.0,5.0,32.24,0.0
72.0,2287.0,0.0,0.0,0.0,22.0,0.0,12.0,773.13,1.0
73.0,2287.0,0.0,0.0,0.0,5.0,0.0,8.0,14.93,0.0
74.0,2287.0,0.0,0.0,0.0,4.0,0.0,6.0,77.93,0.0
80.0,2287.0,0.0,0.0,0.0,1.0,0.0,5.0,19.13,0.0
81.0,2287.0,0.0,0.0,0.0,1.0,0.0,5.0,15.57,0.0
82.0,2287.0,0.0,0.0,0.0,22.0,0.0,12.0,219.28,1.0
82.0,2287.0,0.0,0.0,0.0,1.0,0.0,5.0,23.78,0.0
83.0,2287.0,0.0,0.0,0.0,1.0,0.0,5.0,26.41,0.0
135.0,2289.0,1.0,1.0,0.0,1.0,0.0,5.0,8.6,0.0
136.0,2289.0,1.0,1.0,0.0,1.0,0.0,5.0,73.22,0.0
136.0,2289.0,1.0,1.0,0.0,35.0,0.0,18.0,1115.92,1.0
137.0,2289.0,1.0,1.0,0.0,14.0,0.0,15.0,87.09,0.0
138.0,2289.0,1.0,1.0,0.0,1.0,0.0,5.0,25.95,0.0
159.0,2289.0,1.0,1.0,0.0,1.0,0.0,5.0,11.55,0.0
160.0,2289.0,1.0,1.0,0.0,5.0,0.0,8.0,26.27,0.0
160.0,2289.0,1.0,1.0,0.0,22.0,0.0,12.0,624.89,1.0
161.0,2289.0,1.0,1.0,0.0,1.0,0.0,5.0,41.13,0.0
162.0,2289.0,1.0,1.0,0.0,1.0,0.0,5.0,6.4,0.0
166.0,2289.0,1.0,1.0,0.0,1.0,0.0,5.0,34.39,0.0
167.0,2289.0,1.0,1.0,0.0,1.0,0.0,5.0,22.93,0.0
168.0,2289.0,1.0,1.0,0.0,6.0,0.0,6.0,780.51,1.0
168.0,2289.0,1.0,1.0,0.0,1.0,0.0,5.0,19.21,0.0
170.0,2289.0,1.0,1.0,0.0,5.0,0.0,8.0,5.42,0.0
87.0,2290.0,2.0,1.0,0.0,0.0,0.0,5.0,45.86,0.0
88.0,2290.0,2.0,1.0,0.0,0.0,0.0,5.0,6.15,0.0
88.0,2290.0,2.0,1.0,0.0,13.0,0.0,14.0,227.35,1.0
89.0,2290.0,2.0,1.0,0.0,0.0,0.0,5.0,15.58,0.0
92.0,2290.0,2.0,1.0,0.0,0.0,0.0,5.0,8.9,0.0
39.0,2294.0,1.0,0.0,0.0,1.0,0.0,5.0,55.94,0.0
40.0,2294.0,1.0,0.0,0.0,1.0,0.0,5.0,33.11,0.0
40.0,2294.0,1.0,0.0,0.0,19.0,0.0,9.0,389.7,1.0
41.0,2294.0,1.0,0.0,0.0,1.0,0.0,5.0,34.44,0.0
42.0,2294.0,1.0,0.0,0.0,1.0,0.0,5.0,2.42,0.0
129.0,2294.0,1.0,0.0,0.0,1.0,0.0,5.0,40.15,0.0
130.0,2294.0,1.0,0.0,0.0,5.0,0.0,8.0,29.25,0.0
131.0,2294.0,1.0,0.0,0.0,22.0,0.0,12.0,374.06,1.0
131.0,2294.0,1.0,0.0,0.0,1.0,0.0,5.0,44.55,0.0
132.0,2294.0,1.0,0.0,0.0,1.0,0.0,5.0,8.56,0.0
133.0,2294.0,1.0,0.0,0.0,1.0,0.0,5.0,30.78,0.0
134.0,2294.0,1.0,0.0,0.0,6.0,0.0,6.0,1191.55,1.0
134.0,2294.0,1.0,0.0,0.0,1.0,0.0,5.0,29.3,0.0
135.0,2294.0,1.0,0.0,0.0,1.0,0.0,5.0,39.28,0.0
100.0,2295.0,1.0,1.0,0.0,7.0,0.0,6.0,28.15,0.0
100.0,2295.0,1.0,1.0,0.0,2.0,0.0,6.0,127.79,0.0
118.0,2295.0,1.0,1.0,0.0,6.0,0.0,6.0,180.62,1.0
122.0,2295.0,1.0,1.0,0.0,6.0,0.0,6.0,205.36,0.0
122.0,2295.0,1.0,1.0,0.0,7.0,0.0,6.0,116.28,0.0
91.0,2300.0,0.0,1.0,0.0,0.0,0.0,5.0,20.41,0.0
92.0,2300.0,0.0,1.0,0.0,0.0,0.0,5.0,3.53,0.0
93.0,2300.0,0.0,1.0,0.0,35.0,0.0,18.0,1956.45,1.0
93.0,2300.0,0.0,1.0,0.0,0.0,0.0,5.0,3.36,0.0
94.0,2300.0,0.0,1.0,0.0,0.0,0.0,5.0,36.06,0.0
140.0,2305.0,3.0,1.0,0.0,1.0,0.0,5.0,44.23,0.0
141.0,2305.0,3.0,1.0,0.0,1.0,0.0,5.0,5.83,0.0
142.0,2305.0,3.0,1.0,0.0,22.0,0.0,12.0,388.42,1.0
142.0,2305.0,3.0,1.0,0.0,1.0,0.0,5.0,50.47,0.0
143.0,2305.0,3.0,1.0,0.0,1.0,0.0,5.0,33.06,0.0
152.0,2308.0,0.0,1.0,0.0,0.0,0.0,5.0,1.51,0.0
153.0,2308.0,0.0,1.0,0.0,0.0,0.0,5.0,11.56,0.0
154.0,2308.0,0.0,1.0,0.0,6.0,0.0,6.0,257.95,1.0
154.0,2308.0,0.0,1.0,0.0,0.0,0.0,5.0,0.66,0.0
155.0,2308.0,0.0,1.0,0.0,0.0,0.0,5.0,25.86,0.0
13.0,2310.0,1.0,1.0,0.0,1.0,0.0,5.0,9.35,0.0
14.0,2310.0,1.0,1.0,0.0,1.0,0.0,5.0,9.57,0.0
14.0,2310.0,1.0,1.0,0.0,13.0,0.0,14.0,163.53,1.0
15.0,2310.0,1.0,1.0,0.0,1.0,0.0,5.0,29.14,0.0
16.0,2310.0,1.0,1.0,0.0,1.0,0.0,5.0,60.64,0.0
59.0,2310.0,1.0,1.0,0.0,1.0,0.0,5.0,24.17,0.0
60.0,2310.0,1.0,1.0,0.0,1.0,0.0,5.0,3.35,0.0
60.0,2310.0,1.0,1.0,0.0,22.0,0.0,12.0,407.82,1.0
61.0,2310.0,1.0,1.0,0.0,1.0,0.0,5.0,8.86,0.0
62.0,2310.0,1.0,1.0,0.0,4.0,0.0,6.0,345.24,0.0
150.0,2310.0,1.0,1.0,0.0,1.0,0.0,5.0,51.25,0.0
151.0,2310.0,1.0,1.0,0.0,28.0,0.0,13.0,80.81,0.0
151.0,2310.0,1.0,1.0,0.0,22.0,0.0,12.0,302.5,1.0
152.0,2310.0,1.0,1.0,0.0,0.0,0.0,5.0,12.06,0.0
152.0,2310.0,1.0,1.0,0.0,1.0,0.0,5.0,20.66,0.0
60.0,2311.0,2.0,1.0,0.0,1.0,0.0,5.0,53.9,0.0
61.0,2311.0,2.0,1.0,0.0,5.0,0.0,8.0,1.99,0.0
61.0,2311.0,2.0,1.0,0.0,26.0,0.0,12.0,399.07,1.0
62.0,2311.0,2.0,1.0,0.0,1.0,0.0,5.0,41.49,0.0
63.0,2311.0,2.0,1.0,0.0,1.0,0.0,5.0,17.88,0.0
121.0,2311.0,2.0,1.0,0.0,1.0,0.0,5.0,54.03,0.0
122.0,2311.0,2.0,1.0,0.0,1.0,0.0,5.0,19.33,0.0
122.0,2311.0,2.0,1.0,0.0,22.0,0.0,12.0,226.91,1.0
123.0,2311.0,2.0,1.0,0.0,14.0,0.0,15.0,7.7,0.0
123.0,2311.0,2.0,1.0,0.0,36.0,0.0,15.0,55.81,0.0
3.0,2313.0,0.0,1.0,0.0,0.0,0.0,5.0,0.14,0.0
4.0,2313.0,0.0,1.0,0.0,9.0,0.0,10.0,30.45,0.0
5.0,2313.0,0.0,1.0,0.0,15.0,0.0,13.0,121.22,1.0
5.0,2313.0,0.0,1.0,0.0,0.0,0.0,5.0,4.7,0.0
6.0,2313.0,0.0,1.0,0.0,0.0,0.0,5.0,2.86,0.0
7.0,2313.0,0.0,1.0,0.0,0.0,0.0,5.0,4.23,0.0
8.0,2313.0,0.0,1.0,0.0,0.0,0.0,5.0,41.06,0.0
9.0,2313.0,0.0,1.0,0.0,11.0,0.0,12.0,202.42,1.0
10.0,2313.0,0.0,1.0,0.0,13.0,0.0,14.0,53.06,0.0
11.0,2313.0,0.0,1.0,0.0,0.0,0.0,5.0,36.81,0.0
12.0,2313.0,0.0,1.0,0.0,0.0,0.0,5.0,24.63,0.0
12.0,2313.0,0.0,1.0,0.0,6.0,0.0,6.0,247.56,1.0
13.0,2313.0,0.0,1.0,0.0,0.0,0.0,5.0,12.69,0.0
14.0,2313.0,0.0,1.0,0.0,0.0,0.0,5.0,3.69,0.0
15.0,2313.0,0.0,1.0,0.0,0.0,0.0,5.0,29.51,0.0
16.0,2313.0,0.0,1.0,0.0,0.0,0.0,5.0,20.56,0.0
16.0,2313.0,0.0,1.0,0.0,35.0,0.0,18.0,2909.61,1.0
17.0,2313.0,0.0,1.0,0.0,0.0,0.0,5.0,4.36,0.0
18.0,2313.0,0.0,1.0,0.0,0.0,0.0,5.0,18.34,0.0
89.0,2313.0,0.0,1.0,0.0,1.0,0.0,5.0,23.25,0.0
90.0,2313.0,0.0,1.0,0.0,1.0,0.0,5.0,28.67,0.0
90.0,2313.0,0.0,1.0,0.0,6.0,0.0,6.0,670.81,1.0
91.0,2313.0,0.0,1.0,0.0,1.0,0.0,5.0,34.61,0.0
92.0,2313.0,0.0,1.0,0.0,1.0,0.0,5.0,37.44,0.0
157.0,2313.0,0.0,1.0,0.0,1.0,0.0,5.0,14.84,0.0
158.0,2313.0,0.0,1.0,0.0,1.0,0.0,5.0,5.26,0.0
158.0,2313.0,0.0,1.0,0.0,22.0,0.0,12.0,462.78,1.0
159.0,2313.0,0.0,1.0,0.0,1.0,0.0,5.0,30.09,0.0
160.0,2313.0,0.0,1.0,0.0,1.0,0.0,5.0,6.19,0.0
34.0,2318.0,1.0,0.0,0.0,0.0,0.0,5.0,35.86,0.0
35.0,2318.0,1.0,0.0,0.0,0.0,0.0,5.0,51.99,0.0
35.0,2318.0,1.0,0.0,0.0,12.0,0.0,13.0,475.95,1.0
37.0,2318.0,1.0,0.0,0.0,0.0,0.0,5.0,6.11,0.0
38.0,2318.0,1.0,0.0,0.0,0.0,0.0,5.0,50.28,0.0
50.0,2318.0,1.0,0.0,0.0,0.0,0.0,5.0,58.5,0.0
51.0,2318.0,1.0,0.0,0.0,0.0,0.0,5.0,28.85,0.0
51.0,2318.0,1.0,0.0,0.0,17.0,0.0,9.0,705.97,1.0
52.0,2318.0,1.0,0.0,0.0,0.0,0.0,5.0,19.67,0.0
53.0,2318.0,1.0,0.0,0.0,0.0,0.0,5.0,28.15,0.0
13.0,2319.0,5.0,0.0,0.0,0.0,0.0,5.0,43.34,0.0
14.0,2319.0,5.0,0.0,0.0,0.0,0.0,5.0,31.4,0.0
15.0,2319.0,5.0,0.0,0.0,3.0,0.0,7.0,124.41,1.0
15.0,2319.0,5.0,0.0,0.0,0.0,0.0,5.0,7.94,0.0
16.0,2319.0,5.0,0.0,0.0,0.0,0.0,5.0,36.57,0.0
168.0,2323.0,0.0,1.0,0.0,42.0,0.0,6.0,106.65,0.0
169.0,2323.0,0.0,1.0,0.0,1.0,0.0,5.0,14.08,0.0
170.0,2323.0,0.0,1.0,0.0,25.0,0.0,15.0,424.97,1.0
170.0,2323.0,0.0,1.0,0.0,1.0,0.0,5.0,8.72,0.0
171.0,2323.0,0.0,1.0,0.0,5.0,0.0,8.0,18.84,0.0
38.0,2325.0,3.0,0.0,0.0,6.0,0.0,6.0,158.53,0.0
80.0,2325.0,3.0,0.0,0.0,11.0,0.0,12.0,198.85,0.0
81.0,2325.0,3.0,0.0,0.0,22.0,0.0,12.0,551.13,1.0
95.0,2325.0,3.0,0.0,0.0,25.0,0.0,15.0,38.99,0.0
108.0,2325.0,3.0,0.0,0.0,8.0,0.0,9.0,184.79,0.0
129.0,2325.0,3.0,0.0,0.0,0.0,0.0,5.0,54.19,0.0
130.0,2325.0,3.0,0.0,0.0,0.0,0.0,5.0,0.91,0.0
131.0,2325.0,3.0,0.0,0.0,22.0,0.0,12.0,791.51,1.0
131.0,2325.0,3.0,0.0,0.0,0.0,0.0,5.0,21.94,0.0
132.0,2325.0,3.0,0.0,0.0,0.0,0.0,5.0,22.4,0.0
89.0,2329.0,1.0,1.0,0.0,13.0,0.0,14.0,7.54,0.0
90.0,2329.0,1.0,1.0,0.0,13.0,0.0,14.0,33.59,0.0
91.0,2329.0,1.0,1.0,0.0,6.0,0.0,6.0,208.11,1.0
91.0,2329.0,1.0,1.0,0.0,0.0,0.0,5.0,62.78,0.0
93.0,2329.0,1.0,1.0,0.0,0.0,0.0,5.0,8.4,0.0
31.0,2330.0,2.0,0.0,0.0,0.0,0.0,5.0,23.29,0.0
32.0,2330.0,2.0,0.0,0.0,0.0,0.0,5.0,41.2,0.0
33.0,2330.0,2.0,0.0,0.0,6.0,0.0,6.0,21.12,1.0
33.0,2330.0,2.0,0.0,0.0,0.0,0.0,5.0,8.56,0.0
34.0,2330.0,2.0,0.0,0.0,15.0,0.0,13.0,26.75,0.0
132.0,2330.0,2.0,0.0,0.0,1.0,0.0,5.0,41.41,0.0
133.0,2330.0,2.0,0.0,0.0,1.0,0.0,5.0,46.02,0.0
133.0,2330.0,2.0,0.0,0.0,6.0,0.0,6.0,393.99,1.0
134.0,2330.0,2.0,0.0,0.0,1.0,0.0,5.0,15.2,0.0
135.0,2330.0,2.0,0.0,0.0,1.0,0.0,5.0,67.14,0.0
2.0,2333.0,3.0,1.0,0.0,9.0,0.0,10.0,0.28,0.0
3.0,2333.0,3.0,1.0,0.0,0.0,0.0,5.0,36.59,0.0
3.0,2333.0,3.0,1.0,0.0,11.0,0.0,12.0,60.58,1.0
4.0,2333.0,3.0,1.0,0.0,0.0,0.0,5.0,41.89,0.0
6.0,2333.0,3.0,1.0,0.0,0.0,0.0,5.0,18.8,0.0
21.0,2333.0,3.0,1.0,0.0,0.0,0.0,5.0,13.34,0.0
22.0,2333.0,3.0,1.0,0.0,0.0,0.0,5.0,10.1,0.0
24.0,2333.0,3.0,1.0,0.0,3.0,0.0,7.0,527.87,1.0
24.0,2333.0,3.0,1.0,0.0,13.0,0.0,14.0,24.85,0.0
25.0,2333.0,3.0,1.0,0.0,0.0,0.0,5.0,41.58,0.0
141.0,2333.0,3.0,1.0,0.0,1.0,0.0,5.0,10.92,0.0
142.0,2333.0,3.0,1.0,0.0,1.0,0.0,5.0,7.67,0.0
142.0,2333.0,3.0,1.0,0.0,22.0,0.0,12.0,8.19,1.0
143.0,2333.0,3.0,1.0,0.0,1.0,0.0,5.0,6.74,0.0
144.0,2333.0,3.0,1.0,0.0,1.0,0.0,5.0,26.16,0.0
131.0,2342.0,3.0,0.0,0.0,1.0,0.0,5.0,24.28,0.0
132.0,2342.0,3.0,0.0,0.0,1.0,0.0,5.0,7.46,0.0
133.0,2342.0,3.0,0.0,0.0,22.0,0.0,12.0,189.11,1.0
133.0,2342.0,3.0,0.0,0.0,14.0,0.0,15.0,35.13,0.0
134.0,2342.0,3.0,0.0,0.0,1.0,0.0,5.0,31.9,0.0
18.0,2345.0,0.0,0.0,0.0,0.0,0.0,5.0,32.16,0.0
19.0,2345.0,0.0,0.0,0.0,0.0,0.0,5.0,2.96,0.0
20.0,2345.0,0.0,0.0,0.0,41.0,0.0,19.0,275.03,1.0
20.0,2345.0,0.0,0.0,0.0,0.0,0.0,5.0,57.17,0.0
21.0,2345.0,0.0,0.0,0.0,0.0,0.0,5.0,11.14,0.0
42.0,2345.0,0.0,0.0,0.0,0.0,0.0,5.0,39.18,0.0
43.0,2345.0,0.0,0.0,0.0,0.0,0.0,5.0,29.26,0.0
44.0,2345.0,0.0,0.0,0.0,6.0,0.0,6.0,137.19,1.0
44.0,2345.0,0.0,0.0,0.0,0.0,0.0,5.0,34.56,0.0
45.0,2345.0,0.0,0.0,0.0,0.0,0.0,5.0,17.38,0.0
79.0,2345.0,0.0,0.0,0.0,0.0,0.0,5.0,33.61,0.0
80.0,2345.0,0.0,0.0,0.0,0.0,0.0,5.0,25.06,0.0
80.0,2345.0,0.0,0.0,0.0,12.0,0.0,13.0,126.61,1.0
81.0,2345.0,0.0,0.0,0.0,0.0,0.0,5.0,29.16,0.0
82.0,2345.0,0.0,0.0,0.0,0.0,0.0,5.0,9.67,0.0
4.0,2346.0,1.0,1.0,0.0,0.0,0.0,5.0,35.45,0.0
5.0,2346.0,1.0,1.0,0.0,0.0,0.0,5.0,35.85,0.0
5.0,2346.0,1.0,1.0,0.0,3.0,0.0,7.0,573.85,1.0
6.0,2346.0,1.0,1.0,0.0,0.0,0.0,5.0,15.9,0.0
7.0,2346.0,1.0,1.0,0.0,0.0,0.0,5.0,6.08,0.0
7.0,2346.0,1.0,1.0,0.0,6.0,0.0,6.0,486.91,1.0
8.0,2346.0,1.0,1.0,0.0,0.0,0.0,5.0,16.66,0.0
9.0,2346.0,1.0,1.0,0.0,0.0,0.0,5.0,22.28,0.0
10.0,2346.0,1.0,1.0,0.0,22.0,0.0,12.0,442.9,1.0
10.0,2346.0,1.0,1.0,0.0,0.0,0.0,5.0,41.7,0.0
11.0,2346.0,1.0,1.0,0.0,0.0,0.0,5.0,15.25,0.0
79.0,2346.0,1.0,1.0,0.0,1.0,0.0,5.0,34.62,0.0
80.0,2346.0,1.0,1.0,0.0,1.0,0.0,5.0,24.03,0.0
81.0,2346.0,1.0,1.0,0.0,6.0,0.0,6.0,934.93,1.0
81.0,2346.0,1.0,1.0,0.0,14.0,0.0,15.0,118.94,0.0
81.0,2346.0,1.0,1.0,0.0,36.0,0.0,15.0,61.15,0.0
98.0,2346.0,1.0,1.0,0.0,1.0,0.0,5.0,6.35,0.0
99.0,2346.0,1.0,1.0,0.0,1.0,0.0,5.0,43.75,0.0
99.0,2346.0,1.0,1.0,0.0,12.0,0.0,13.0,172.86,1.0
100.0,2346.0,1.0,1.0,0.0,1.0,0.0,5.0,31.01,0.0
101.0,2346.0,1.0,1.0,0.0,1.0,0.0,5.0,59.24,0.0
141.0,2346.0,1.0,1.0,0.0,1.0,0.0,5.0,28.23,0.0
142.0,2346.0,1.0,1.0,0.0,1.0,0.0,5.0,4.41,0.0
143.0,2346.0,1.0,1.0,0.0,17.0,0.0,9.0,56.21,1.0
143.0,2346.0,1.0,1.0,0.0,1.0,0.0,5.0,45.79,0.0
144.0,2346.0,1.0,1.0,0.0,1.0,0.0,5.0,2.14,0.0
70.0,2347.0,0.0,1.0,0.0,1.0,0.0,5.0,46.98,0.0
71.0,2347.0,0.0,1.0,0.0,1.0,0.0,5.0,9.14,0.0
72.0,2347.0,0.0,1.0,0.0,6.0,0.0,6.0,178.84,1.0
72.0,2347.0,0.0,1.0,0.0,1.0,0.0,5.0,40.27,0.0
73.0,2347.0,0.0,1.0,0.0,1.0,0.0,5.0,52.8,0.0
58.0,2353.0,5.0,0.0,0.0,12.0,0.0,13.0,48.43,0.0
61.0,2353.0,5.0,0.0,0.0,25.0,0.0,15.0,0.63,0.0
79.0,2353.0,5.0,0.0,0.0,22.0,0.0,12.0,142.93,1.0
107.0,2353.0,5.0,0.0,0.0,22.0,0.0,12.0,115.54,0.0
117.0,2353.0,5.0,0.0,0.0,22.0,0.0,12.0,69.44,0.0
117.0,2353.0,5.0,0.0,0.0,48.0,0.0,12.0,183.1,0.0
119.0,2353.0,5.0,0.0,0.0,6.0,0.0,6.0,240.77,1.0
123.0,2353.0,5.0,0.0,0.0,22.0,0.0,12.0,17.92,1.0
135.0,2353.0,5.0,0.0,0.0,7.0,0.0,6.0,99.79,0.0
133.0,2353.0,5.0,0.0,0.0,35.0,0.0,18.0,2481.62,1.0
135.0,2353.0,5.0,0.0,0.0,6.0,0.0,6.0,423.01,1.0
146.0,2353.0,5.0,0.0,0.0,22.0,0.0,12.0,44.01,0.0
146.0,2353.0,5.0,0.0,0.0,48.0,0.0,12.0,160.02,0.0
158.0,2353.0,5.0,0.0,0.0,30.0,0.0,16.0,140.76,0.0
160.0,2353.0,5.0,0.0,0.0,22.0,0.0,12.0,171.15,1.0
164.0,2353.0,5.0,0.0,0.0,9.0,0.0,10.0,80.55,0.0
166.0,2353.0,5.0,0.0,0.0,0.0,0.0,5.0,44.6,0.0
167.0,2353.0,5.0,0.0,0.0,38.0,0.0,19.0,293.09,1.0
167.0,2353.0,5.0,0.0,0.0,0.0,0.0,5.0,45.32,0.0
168.0,2353.0,5.0,0.0,0.0,0.0,0.0,5.0,4.99,0.0
0.0,2366.0,1.0,0.0,0.0,25.0,0.0,15.0,15.45,0.0
23.0,2366.0,1.0,0.0,0.0,35.0,0.0,18.0,2065.82,1.0
23.0,2366.0,1.0,0.0,0.0,12.0,0.0,13.0,381.16,1.0
30.0,2366.0,1.0,0.0,0.0,22.0,0.0,12.0,136.35,1.0
30.0,2366.0,1.0,0.0,0.0,27.0,0.0,12.0,303.34,1.0
31.0,2366.0,1.0,0.0,0.0,35.0,0.0,18.0,43.61,1.0
32.0,2366.0,1.0,0.0,0.0,17.0,0.0,9.0,26.97,1.0
34.0,2366.0,1.0,0.0,0.0,3.0,0.0,7.0,964.3,1.0
37.0,2366.0,1.0,0.0,0.0,12.0,0.0,13.0,32.87,0.0
35.0,2366.0,1.0,0.0,0.0,19.0,0.0,9.0,512.13,1.0
38.0,2366.0,1.0,0.0,0.0,22.0,0.0,12.0,295.48,1.0
39.0,2366.0,1.0,0.0,0.0,17.0,0.0,9.0,622.29,1.0
41.0,2366.0,1.0,0.0,0.0,10.0,0.0,11.0,630.86,1.0
43.0,2366.0,1.0,0.0,0.0,6.0,0.0,6.0,3.17,0.0
42.0,2366.0,1.0,0.0,0.0,13.0,0.0,14.0,247.61,1.0
45.0,2366.0,1.0,0.0,0.0,6.0,0.0,6.0,58.45,0.0
52.0,2366.0,1.0,0.0,0.0,0.0,0.0,5.0,4.78,0.0
53.0,2366.0,1.0,0.0,0.0,0.0,0.0,5.0,33.98,0.0
54.0,2366.0,1.0,0.0,0.0,6.0,0.0,6.0,141.59,1.0
54.0,2366.0,1.0,0.0,0.0,0.0,0.0,5.0,17.68,0.0
54.0,2366.0,1.0,0.0,0.0,6.0,0.0,6.0,627.66,1.0
55.0,2366.0,1.0,0.0,0.0,0.0,0.0,5.0,30.11,0.0
55.0,2366.0,1.0,0.0,0.0,38.0,0.0,19.0,304.76,1.0
56.0,2366.0,1.0,0.0,0.0,0.0,0.0,5.0,12.23,0.0
57.0,2366.0,1.0,0.0,0.0,0.0,0.0,5.0,49.96,0.0
61.0,2366.0,1.0,0.0,0.0,0.0,0.0,5.0,20.16,0.0
62.0,2366.0,1.0,0.0,0.0,0.0,0.0,5.0,6.0,0.0
63.0,2366.0,1.0,0.0,0.0,38.0,0.0,19.0,335.48,1.0
63.0,2366.0,1.0,0.0,0.0,0.0,0.0,5.0,11.01,0.0
63.0,2366.0,1.0,0.0,0.0,6.0,0.0,6.0,186.1,1.0
64.0,2366.0,1.0,0.0,0.0,0.0,0.0,5.0,12.57,0.0
64.0,2366.0,1.0,0.0,0.0,22.0,0.0,12.0,218.26,1.0
65.0,2366.0,1.0,0.0,0.0,0.0,0.0,5.0,6.73,0.0
66.0,2366.0,1.0,0.0,0.0,15.0,0.0,13.0,49.35,0.0
66.0,2366.0,1.0,0.0,0.0,6.0,0.0,6.0,1042.76,1.0
67.0,2366.0,1.0,0.0,0.0,0.0,0.0,5.0,45.51,0.0
68.0,2366.0,1.0,0.0,0.0,0.0,0.0,5.0,11.59,0.0
72.0,2366.0,1.0,0.0,0.0,0.0,0.0,5.0,38.88,0.0
73.0,2366.0,1.0,0.0,0.0,0.0,0.0,5.0,27.3,0.0
74.0,2366.0,1.0,0.0,0.0,6.0,0.0,6.0,366.58,1.0
74.0,2366.0,1.0,0.0,0.0,9.0,0.0,10.0,24.71,0.0
75.0,2366.0,1.0,0.0,0.0,0.0,0.0,5.0,54.36,0.0
76.0,2366.0,1.0,0.0,0.0,0.0,0.0,5.0,31.8,0.0
77.0,2366.0,1.0,0.0,0.0,13.0,0.0,14.0,5.29,0.0
77.0,2366.0,1.0,0.0,0.0,7.0,0.0,6.0,275.36,1.0
78.0,2366.0,1.0,0.0,0.0,0.0,0.0,5.0,8.84,0.0
79.0,2366.0,1.0,0.0,0.0,36.0,0.0,15.0,150.92,0.0
80.0,2366.0,1.0,0.0,0.0,1.0,0.0,5.0,26.44,0.0
81.0,2366.0,1.0,0.0,0.0,1.0,0.0,5.0,12.11,0.0
82.0,2366.0,1.0,0.0,0.0,38.0,0.0,19.0,162.84,1.0
82.0,2366.0,1.0,0.0,0.0,1.0,0.0,5.0,8.53,0.0
82.0,2366.0,1.0,0.0,0.0,6.0,0.0,6.0,307.79,1.0
83.0,2366.0,1.0,0.0,0.0,1.0,0.0,5.0,33.93,0.0
83.0,2366.0,1.0,0.0,0.0,16.0,0.0,16.0,458.64,1.0
85.0,2366.0,1.0,0.0,0.0,1.0,0.0,5.0,2.12,0.0
86.0,2366.0,1.0,0.0,0.0,1.0,0.0,5.0,41.06,0.0
86.0,2366.0,1.0,0.0,0.0,22.0,0.0,12.0,548.84,1.0
86.0,2366.0,1.0,0.0,0.0,35.0,0.0,18.0,2796.75,1.0
87.0,2366.0,1.0,0.0,0.0,1.0,0.0,5.0,20.06,0.0
86.0,2366.0,1.0,0.0,0.0,10.0,0.0,11.0,539.48,1.0
88.0,2366.0,1.0,0.0,0.0,38.0,0.0,19.0,318.03,1.0
88.0,2366.0,1.0,0.0,0.0,1.0,0.0,5.0,40.74,0.0
89.0,2366.0,1.0,0.0,0.0,1.0,0.0,5.0,21.48,0.0
90.0,2366.0,1.0,0.0,0.0,1.0,0.0,5.0,15.27,0.0
91.0,2366.0,1.0,0.0,0.0,38.0,0.0,19.0,321.55,1.0
91.0,2366.0,1.0,0.0,0.0,1.0,0.0,5.0,6.66,0.0
92.0,2366.0,1.0,0.0,0.0,1.0,0.0,5.0,27.24,0.0
102.0,2366.0,1.0,0.0,0.0,1.0,0.0,5.0,27.99,0.0
103.0,2366.0,1.0,0.0,0.0,28.0,0.0,13.0,33.01,0.0
104.0,2366.0,1.0,0.0,0.0,35.0,0.0,18.0,2592.8,1.0
104.0,2366.0,1.0,0.0,0.0,0.0,0.0,5.0,4.62,0.0
104.0,2366.0,1.0,0.0,0.0,1.0,0.0,5.0,39.54,0.0
114.0,2366.0,1.0,0.0,0.0,5.0,0.0,8.0,25.27,0.0
115.0,2366.0,1.0,0.0,0.0,1.0,0.0,5.0,3.21,0.0
115.0,2366.0,1.0,0.0,0.0,48.0,0.0,12.0,153.14,1.0
116.0,2366.0,1.0,0.0,0.0,1.0,0.0,5.0,40.95,0.0
117.0,2366.0,1.0,0.0,0.0,3.0,0.0,7.0,7.66,1.0
117.0,2366.0,1.0,0.0,0.0,1.0,0.0,5.0,48.8,0.0
118.0,2366.0,1.0,0.0,0.0,1.0,0.0,5.0,46.77,0.0
119.0,2366.0,1.0,0.0,0.0,1.0,0.0,5.0,7.62,0.0
120.0,2366.0,1.0,0.0,0.0,1.0,0.0,5.0,50.4,0.0
121.0,2366.0,1.0,0.0,0.0,6.0,0.0,6.0,619.45,1.0
121.0,2366.0,1.0,0.0,0.0,1.0,0.0,5.0,31.09,0.0
122.0,2366.0,1.0,0.0,0.0,1.0,0.0,5.0,14.79,0.0
123.0,2366.0,1.0,0.0,0.0,1.0,0.0,5.0,46.46,0.0
124.0,2366.0,1.0,0.0,0.0,1.0,0.0,5.0,48.67,0.0
124.0,2366.0,1.0,0.0,0.0,6.0,0.0,6.0,807.79,1.0
125.0,2366.0,1.0,0.0,0.0,1.0,0.0,5.0,2.33,0.0
126.0,2366.0,1.0,0.0,0.0,1.0,0.0,5.0,50.96,0.0
129.0,2366.0,1.0,0.0,0.0,1.0,0.0,5.0,49.77,0.0
130.0,2366.0,1.0,0.0,0.0,1.0,0.0,5.0,53.57,0.0
130.0,2366.0,1.0,0.0,0.0,3.0,0.0,7.0,481.49,1.0
131.0,2366.0,1.0,0.0,0.0,1.0,0.0,5.0,20.5,0.0
132.0,2366.0,1.0,0.0,0.0,1.0,0.0,5.0,36.6,0.0
133.0,2366.0,1.0,0.0,0.0,1.0,0.0,5.0,29.97,0.0
134.0,2366.0,1.0,0.0,0.0,1.0,0.0,5.0,30.94,0.0
134.0,2366.0,1.0,0.0,0.0,6.0,0.0,6.0,44.58,1.0
135.0,2366.0,1.0,0.0,0.0,1.0,0.0,5.0,1.09,0.0
136.0,2366.0,1.0,0.0,0.0,1.0,0.0,5.0,44.86,0.0
152.0,2366.0,1.0,0.0,0.0,1.0,0.0,5.0,45.53,0.0
153.0,2366.0,1.0,0.0,0.0,1.0,0.0,5.0,18.22,0.0
154.0,2366.0,1.0,0.0,0.0,2.0,0.0,6.0,71.8,1.0
154.0,2366.0,1.0,0.0,0.0,1.0,0.0,5.0,66.41,0.0
155.0,2366.0,1.0,0.0,0.0,1.0,0.0,5.0,1.1,0.0
156.0,2366.0,1.0,0.0,0.0,1.0,0.0,5.0,19.66,0.0
157.0,2366.0,1.0,0.0,0.0,6.0,0.0,6.0,787.19,1.0
157.0,2366.0,1.0,0.0,0.0,1.0,0.0,5.0,9.07,0.0
158.0,2366.0,1.0,0.0,0.0,4.0,0.0,6.0,11.99,0.0
159.0,2366.0,1.0,0.0,0.0,1.0,0.0,5.0,27.48,0.0
160.0,2366.0,1.0,0.0,0.0,1.0,0.0,5.0,12.24,0.0
160.0,2366.0,1.0,0.0,0.0,6.0,0.0,6.0,40.09,1.0
161.0,2366.0,1.0,0.0,0.0,1.0,0.0,5.0,43.4,0.0
162.0,2366.0,1.0,0.0,0.0,1.0,0.0,5.0,25.73,0.0
0.0,2367.0,1.0,1.0,0.0,0.0,0.0,5.0,6.48,0.0
1.0,2367.0,1.0,1.0,0.0,6.0,0.0,6.0,388.51,1.0
2.0,2367.0,1.0,1.0,0.0,0.0,0.0,5.0,45.92,0.0
3.0,2367.0,1.0,1.0,0.0,0.0,0.0,5.0,31.48,0.0
17.0,2367.0,1.0,1.0,0.0,0.0,0.0,5.0,26.53,0.0
18.0,2367.0,1.0,1.0,0.0,0.0,0.0,5.0,11.47,0.0
18.0,2367.0,1.0,1.0,0.0,6.0,0.0,6.0,907.57,1.0
19.0,2367.0,1.0,1.0,0.0,0.0,0.0,5.0,25.49,0.0
20.0,2367.0,1.0,1.0,0.0,0.0,0.0,5.0,54.67,0.0
38.0,2367.0,1.0,1.0,0.0,0.0,0.0,5.0,26.31,0.0
39.0,2367.0,1.0,1.0,0.0,0.0,0.0,5.0,46.07,0.0
40.0,2367.0,1.0,1.0,0.0,6.0,0.0,6.0,805.01,1.0
41.0,2367.0,1.0,1.0,0.0,0.0,0.0,5.0,10.47,0.0
42.0,2367.0,1.0,1.0,0.0,0.0,0.0,5.0,13.84,0.0
55.0,2367.0,1.0,1.0,0.0,0.0,0.0,5.0,61.86,0.0
56.0,2367.0,1.0,1.0,0.0,0.0,0.0,5.0,0.96,0.0
57.0,2367.0,1.0,1.0,0.0,26.0,0.0,12.0,113.87,1.0
57.0,2367.0,1.0,1.0,0.0,0.0,0.0,5.0,5.08,0.0
58.0,2367.0,1.0,1.0,0.0,0.0,0.0,5.0,38.49,0.0
82.0,2367.0,1.0,1.0,0.0,0.0,0.0,5.0,30.34,0.0
83.0,2367.0,1.0,1.0,0.0,0.0,0.0,5.0,47.84,0.0
84.0,2367.0,1.0,1.0,0.0,22.0,0.0,12.0,278.79,1.0
84.0,2367.0,1.0,1.0,0.0,0.0,0.0,5.0,40.77,0.0
86.0,2367.0,1.0,1.0,0.0,0.0,0.0,5.0,21.17,0.0
115.0,2367.0,1.0,1.0,0.0,0.0,0.0,5.0,51.51,0.0
116.0,2367.0,1.0,1.0,0.0,0.0,0.0,5.0,12.45,0.0
116.0,2367.0,1.0,1.0,0.0,6.0,0.0,6.0,1083.79,1.0
117.0,2367.0,1.0,1.0,0.0,0.0,0.0,5.0,27.6,0.0
118.0,2367.0,1.0,1.0,0.0,0.0,0.0,5.0,49.11,0.0
2.0,2369.0,3.0,1.0,0.0,9.0,0.0,10.0,5.73,0.0
3.0,2369.0,3.0,1.0,0.0,0.0,0.0,5.0,15.92,0.0
4.0,2369.0,3.0,1.0,0.0,6.0,0.0,6.0,290.15,1.0
4.0,2369.0,3.0,1.0,0.0,0.0,0.0,5.0,35.99,0.0
5.0,2369.0,3.0,1.0,0.0,0.0,0.0,5.0,22.71,0.0
5.0,2369.0,3.0,1.0,0.0,38.0,0.0,19.0,368.73,1.0
6.0,2369.0,3.0,1.0,0.0,0.0,0.0,5.0,37.35,0.0
6.0,2369.0,3.0,1.0,0.0,39.0,0.0,18.0,2981.86,1.0
7.0,2369.0,3.0,1.0,0.0,0.0,0.0,5.0,16.44,0.0
8.0,2369.0,3.0,1.0,0.0,0.0,0.0,5.0,12.17,0.0
9.0,2369.0,3.0,1.0,0.0,0.0,0.0,5.0,36.97,0.0
10.0,2369.0,3.0,1.0,0.0,15.0,0.0,13.0,604.59,1.0
10.0,2369.0,3.0,1.0,0.0,0.0,0.0,5.0,7.77,0.0
11.0,2369.0,3.0,1.0,0.0,9.0,0.0,10.0,11.58,0.0
11.0,2369.0,3.0,1.0,0.0,44.0,0.0,13.0,304.17,1.0
12.0,2369.0,3.0,1.0,0.0,0.0,0.0,5.0,47.03,0.0
14.0,2369.0,3.0,1.0,0.0,0.0,0.0,5.0,34.89,0.0
62.0,2369.0,3.0,1.0,0.0,1.0,0.0,5.0,24.81,0.0
63.0,2369.0,3.0,1.0,0.0,1.0,0.0,5.0,46.55,0.0
63.0,2369.0,3.0,1.0,0.0,22.0,0.0,12.0,43.22,1.0
64.0,2369.0,3.0,1.0,0.0,5.0,0.0,8.0,43.85,0.0
65.0,2369.0,3.0,1.0,0.0,13.0,0.0,14.0,66.24,0.0
120.0,2369.0,3.0,1.0,0.0,1.0,0.0,5.0,32.29,0.0
121.0,2369.0,3.0,1.0,0.0,1.0,0.0,5.0,39.9,0.0
122.0,2369.0,3.0,1.0,0.0,22.0,0.0,12.0,118.18,1.0
122.0,2369.0,3.0,1.0,0.0,5.0,0.0,8.0,54.81,0.0
123.0,2369.0,3.0,1.0,0.0,1.0,0.0,5.0,7.6,0.0
137.0,2369.0,3.0,1.0,0.0,1.0,0.0,5.0,8.53,0.0
138.0,2369.0,3.0,1.0,0.0,1.0,0.0,5.0,44.43,0.0
138.0,2369.0,3.0,1.0,0.0,20.0,0.0,13.0,482.35,1.0
139.0,2369.0,3.0,1.0,0.0,28.0,0.0,13.0,67.49,0.0
140.0,2369.0,3.0,1.0,0.0,0.0,0.0,5.0,58.59,0.0
46.0,2371.0,2.0,1.0,0.0,0.0,0.0,5.0,44.83,0.0
47.0,2371.0,2.0,1.0,0.0,9.0,0.0,10.0,134.99,0.0
49.0,2371.0,2.0,1.0,0.0,35.0,0.0,18.0,3762.11,1.0
50.0,2371.0,2.0,1.0,0.0,0.0,0.0,5.0,27.87,0.0
50.0,2371.0,2.0,1.0,0.0,22.0,0.0,12.0,569.97,1.0
51.0,2371.0,2.0,1.0,0.0,0.0,0.0,5.0,42.1,0.0
57.0,2371.0,2.0,1.0,0.0,0.0,0.0,5.0,8.62,0.0
58.0,2371.0,2.0,1.0,0.0,0.0,0.0,5.0,14.01,0.0
58.0,2371.0,2.0,1.0,0.0,41.0,0.0,19.0,262.27,1.0
59.0,2371.0,2.0,1.0,0.0,0.0,0.0,5.0,22.14,0.0
60.0,2371.0,2.0,1.0,0.0,0.0,0.0,5.0,29.48,0.0
65.0,2371.0,2.0,1.0,0.0,23.0,0.0,9.0,38.4,0.0
66.0,2371.0,2.0,1.0,0.0,0.0,0.0,5.0,20.28,0.0
67.0,2371.0,2.0,1.0,0.0,9.0,0.0,10.0,201.22,1.0
67.0,2371.0,2.0,1.0,0.0,0.0,0.0,5.0,15.66,0.0
69.0,2371.0,2.0,1.0,0.0,0.0,0.0,5.0,13.38,0.0
76.0,2371.0,2.0,1.0,0.0,0.0,0.0,5.0,39.7,0.0
77.0,2371.0,2.0,1.0,0.0,0.0,0.0,5.0,23.1,0.0
77.0,2371.0,2.0,1.0,0.0,13.0,0.0,14.0,176.93,1.0
78.0,2371.0,2.0,1.0,0.0,0.0,0.0,5.0,39.51,0.0
79.0,2371.0,2.0,1.0,0.0,0.0,0.0,5.0,44.5,0.0
93.0,2371.0,2.0,1.0,0.0,4.0,0.0,6.0,130.01,0.0
94.0,2371.0,2.0,1.0,0.0,3.0,0.0,7.0,141.15,0.0
124.0,2371.0,2.0,1.0,0.0,45.0,0.0,18.0,1461.08,1.0
126.0,2371.0,2.0,1.0,0.0,14.0,0.0,15.0,10.41,0.0
127.0,2371.0,2.0,1.0,0.0,1.0,0.0,5.0,24.14,0.0
146.0,2371.0,2.0,1.0,0.0,1.0,0.0,5.0,7.46,0.0
147.0,2371.0,2.0,1.0,0.0,1.0,0.0,5.0,24.43,0.0
147.0,2371.0,2.0,1.0,0.0,26.0,0.0,12.0,773.23,1.0
148.0,2371.0,2.0,1.0,0.0,1.0,0.0,5.0,16.78,0.0
149.0,2371.0,2.0,1.0,0.0,1.0,0.0,5.0,31.66,0.0
168.0,2371.0,2.0,1.0,0.0,1.0,0.0,5.0,18.2,0.0
169.0,2371.0,2.0,1.0,0.0,1.0,0.0,5.0,1.42,0.0
170.0,2371.0,2.0,1.0,0.0,6.0,0.0,6.0,66.38,1.0
170.0,2371.0,2.0,1.0,0.0,1.0,0.0,5.0,20.85,0.0
171.0,2371.0,2.0,1.0,0.0,14.0,0.0,15.0,52.01,0.0
177.0,2374.0,1.0,1.0,0.0,1.0,0.0,5.0,0.1,0.0
178.0,2374.0,1.0,1.0,0.0,1.0,0.0,5.0,53.4,0.0
179.0,2374.0,1.0,1.0,0.0,6.0,0.0,6.0,487.61,1.0
179.0,2374.0,1.0,1.0,0.0,5.0,0.0,8.0,4.44,0.0
92.0,2378.0,1.0,1.0,0.0,25.0,0.0,15.0,19.41,0.0
99.0,2378.0,1.0,1.0,0.0,12.0,0.0,13.0,31.51,0.0
112.0,2378.0,1.0,1.0,0.0,20.0,0.0,13.0,22.59,1.0
118.0,2378.0,1.0,1.0,0.0,25.0,0.0,15.0,41.04,0.0
119.0,2378.0,1.0,1.0,0.0,6.0,0.0,6.0,158.97,0.0
128.0,2378.0,1.0,1.0,0.0,22.0,0.0,12.0,350.66,1.0
129.0,2378.0,1.0,1.0,0.0,12.0,0.0,13.0,105.4,0.0
129.0,2378.0,1.0,1.0,0.0,20.0,0.0,13.0,87.36,0.0
129.0,2378.0,1.0,1.0,0.0,25.0,0.0,15.0,26.02,1.0
152.0,2378.0,1.0,1.0,0.0,13.0,0.0,14.0,67.53,0.0
154.0,2378.0,1.0,1.0,0.0,0.0,0.0,5.0,52.06,0.0
177.0,2378.0,1.0,1.0,0.0,13.0,0.0,14.0,21.71,0.0
178.0,2378.0,1.0,1.0,0.0,0.0,0.0,5.0,18.72,0.0
179.0,2378.0,1.0,1.0,0.0,22.0,0.0,12.0,559.31,1.0
179.0,2378.0,1.0,1.0,0.0,0.0,0.0,5.0,12.05,0.0
55.0,2387.0,2.0,1.0,0.0,9.0,0.0,10.0,57.13,0.0
56.0,2387.0,2.0,1.0,0.0,0.0,0.0,5.0,60.03,0.0
57.0,2387.0,2.0,1.0,0.0,11.0,0.0,12.0,270.96,1.0
57.0,2387.0,2.0,1.0,0.0,0.0,0.0,5.0,10.13,0.0
58.0,2387.0,2.0,1.0,0.0,0.0,0.0,5.0,45.41,0.0
67.0,2387.0,2.0,1.0,0.0,1.0,0.0,5.0,17.43,0.0
68.0,2387.0,2.0,1.0,0.0,1.0,0.0,5.0,57.52,0.0
69.0,2387.0,2.0,1.0,0.0,22.0,0.0,12.0,103.68,1.0
70.0,2387.0,2.0,1.0,0.0,1.0,0.0,5.0,54.34,0.0
71.0,2387.0,2.0,1.0,0.0,1.0,0.0,5.0,9.21,0.0
151.0,2387.0,2.0,1.0,0.0,1.0,0.0,5.0,0.73,0.0
152.0,2387.0,2.0,1.0,0.0,1.0,0.0,5.0,29.05,0.0
152.0,2387.0,2.0,1.0,0.0,20.0,0.0,13.0,261.56,1.0
153.0,2387.0,2.0,1.0,0.0,1.0,0.0,5.0,74.76,0.0
154.0,2387.0,2.0,1.0,0.0,1.0,0.0,5.0,35.11,0.0
178.0,2387.0,2.0,1.0,0.0,0.0,0.0,5.0,43.35,0.0
178.0,2387.0,2.0,1.0,0.0,1.0,0.0,5.0,39.95,0.0
178.0,2387.0,2.0,1.0,0.0,6.0,0.0,6.0,206.16,1.0
179.0,2387.0,2.0,1.0,0.0,1.0,0.0,5.0,55.07,0.0
60.0,2389.0,4.0,0.0,0.0,0.0,0.0,5.0,11.23,0.0
61.0,2389.0,4.0,0.0,0.0,0.0,0.0,5.0,34.89,0.0
61.0,2389.0,4.0,0.0,0.0,18.0,0.0,9.0,234.1,1.0
62.0,2389.0,4.0,0.0,0.0,9.0,0.0,10.0,60.52,0.0
64.0,2389.0,4.0,0.0,0.0,0.0,0.0,5.0,1.89,0.0
82.0,2389.0,4.0,0.0,0.0,0.0,0.0,5.0,12.81,0.0
83.0,2389.0,4.0,0.0,0.0,0.0,0.0,5.0,6.44,0.0
83.0,2389.0,4.0,0.0,0.0,6.0,0.0,6.0,3.63,1.0
84.0,2389.0,4.0,0.0,0.0,9.0,0.0,10.0,64.51,0.0
85.0,2389.0,4.0,0.0,0.0,7.0,0.0,6.0,0.97,0.0
0.0,2392.0,0.0,0.0,0.0,6.0,0.0,6.0,142.86,1.0
13.0,2392.0,0.0,0.0,0.0,22.0,0.0,12.0,350.0,1.0
14.0,2392.0,0.0,0.0,0.0,6.0,0.0,6.0,226.55,1.0
17.0,2392.0,0.0,0.0,0.0,6.0,0.0,6.0,1021.5,1.0
18.0,2392.0,0.0,0.0,0.0,6.0,0.0,6.0,553.51,1.0
19.0,2392.0,0.0,0.0,0.0,15.0,0.0,13.0,26.48,1.0
20.0,2392.0,0.0,0.0,0.0,6.0,0.0,6.0,273.02,1.0
20.0,2392.0,0.0,0.0,0.0,6.0,0.0,6.0,213.92,1.0
21.0,2392.0,0.0,0.0,0.0,35.0,0.0,18.0,1182.85,1.0
21.0,2392.0,0.0,0.0,0.0,20.0,0.0,13.0,271.61,1.0
22.0,2392.0,0.0,0.0,0.0,44.0,0.0,13.0,182.34,1.0
23.0,2392.0,0.0,0.0,0.0,9.0,0.0,10.0,327.05,1.0
24.0,2392.0,0.0,0.0,0.0,10.0,0.0,11.0,570.07,1.0
25.0,2392.0,0.0,0.0,0.0,18.0,0.0,9.0,218.76,1.0
26.0,2392.0,0.0,0.0,0.0,6.0,0.0,6.0,286.58,0.0
26.0,2392.0,0.0,0.0,0.0,6.0,0.0,6.0,61.03,1.0
26.0,2392.0,0.0,0.0,0.0,38.0,0.0,19.0,381.62,1.0
27.0,2392.0,0.0,0.0,0.0,6.0,0.0,6.0,267.62,1.0
27.0,2392.0,0.0,0.0,0.0,6.0,0.0,6.0,426.05,1.0
27.0,2392.0,0.0,0.0,0.0,15.0,0.0,13.0,381.08,1.0
28.0,2392.0,0.0,0.0,0.0,35.0,0.0,18.0,1777.02,1.0
28.0,2392.0,0.0,0.0,0.0,3.0,0.0,7.0,172.33,1.0
28.0,2392.0,0.0,0.0,0.0,6.0,0.0,6.0,176.84,1.0
29.0,2392.0,0.0,0.0,0.0,6.0,0.0,6.0,425.49,1.0
31.0,2392.0,0.0,0.0,0.0,22.0,0.0,12.0,357.56,1.0
31.0,2392.0,0.0,0.0,0.0,17.0,0.0,9.0,586.14,1.0
31.0,2392.0,0.0,0.0,0.0,20.0,0.0,13.0,517.95,1.0
31.0,2392.0,0.0,0.0,0.0,6.0,0.0,6.0,433.33,1.0
31.0,2392.0,0.0,0.0,0.0,26.0,0.0,12.0,95.11,1.0
33.0,2392.0,0.0,0.0,0.0,38.0,0.0,19.0,319.96,1.0
33.0,2392.0,0.0,0.0,0.0,6.0,0.0,6.0,34.65,1.0
35.0,2392.0,0.0,0.0,0.0,6.0,0.0,6.0,1150.44,1.0
37.0,2392.0,0.0,0.0,0.0,6.0,0.0,6.0,42.44,0.0
37.0,2392.0,0.0,0.0,0.0,6.0,0.0,6.0,926.06,1.0
37.0,2392.0,0.0,0.0,0.0,2.0,0.0,6.0,191.21,0.0
38.0,2392.0,0.0,0.0,0.0,12.0,0.0,13.0,190.14,0.0
40.0,2392.0,0.0,0.0,0.0,44.0,0.0,13.0,201.54,1.0
40.0,2392.0,0.0,0.0,0.0,22.0,0.0,12.0,450.9,1.0
41.0,2392.0,0.0,0.0,0.0,22.0,0.0,12.0,4.99,1.0
41.0,2392.0,0.0,0.0,0.0,25.0,0.0,15.0,44.71,0.0
41.0,2392.0,0.0,0.0,0.0,6.0,0.0,6.0,270.04,1.0
42.0,2392.0,0.0,0.0,0.0,6.0,0.0,6.0,369.49,1.0
42.0,2392.0,0.0,0.0,0.0,41.0,0.0,19.0,239.14,1.0
43.0,2392.0,0.0,0.0,0.0,22.0,0.0,12.0,471.85,1.0
46.0,2392.0,0.0,0.0,0.0,16.0,0.0,16.0,887.06,1.0
49.0,2392.0,0.0,0.0,0.0,6.0,0.0,6.0,146.31,0.0
47.0,2392.0,0.0,0.0,0.0,6.0,0.0,6.0,279.71,1.0
49.0,2392.0,0.0,0.0,0.0,7.0,0.0,6.0,104.02,0.0
49.0,2392.0,0.0,0.0,0.0,35.0,0.0,18.0,2404.51,1.0
49.0,2392.0,0.0,0.0,0.0,6.0,0.0,6.0,81.15,1.0
50.0,2392.0,0.0,0.0,0.0,22.0,0.0,12.0,520.77,1.0
53.0,2392.0,0.0,0.0,0.0,22.0,0.0,12.0,291.57,1.0
56.0,2392.0,0.0,0.0,0.0,25.0,0.0,15.0,144.85,1.0
58.0,2392.0,0.0,0.0,0.0,20.0,0.0,13.0,23.63,1.0
59.0,2392.0,0.0,0.0,0.0,22.0,0.0,12.0,5.74,1.0
60.0,2392.0,0.0,0.0,0.0,6.0,0.0,6.0,942.45,1.0
62.0,2392.0,0.0,0.0,0.0,35.0,0.0,18.0,93.4,1.0
62.0,2392.0,0.0,0.0,0.0,35.0,0.0,18.0,3668.78,1.0
64.0,2392.0,0.0,0.0,0.0,35.0,0.0,18.0,1588.74,1.0
64.0,2392.0,0.0,0.0,0.0,20.0,0.0,13.0,272.32,1.0
72.0,2392.0,0.0,0.0,0.0,7.0,0.0,6.0,77.51,0.0
65.0,2392.0,0.0,0.0,0.0,22.0,0.0,12.0,208.53,1.0
72.0,2392.0,0.0,0.0,0.0,2.0,0.0,6.0,6.16,0.0
73.0,2392.0,0.0,0.0,0.0,6.0,0.0,6.0,557.25,1.0
76.0,2392.0,0.0,0.0,0.0,6.0,0.0,6.0,444.55,1.0
78.0,2392.0,0.0,0.0,0.0,2.0,0.0,6.0,163.02,1.0
80.0,2392.0,0.0,0.0,0.0,22.0,0.0,12.0,885.08,1.0
90.0,2392.0,0.0,0.0,0.0,25.0,0.0,15.0,191.43,1.0
92.0,2392.0,0.0,0.0,0.0,30.0,0.0,16.0,1042.91,1.0
92.0,2392.0,0.0,0.0,0.0,20.0,0.0,13.0,408.44,1.0
93.0,2392.0,0.0,0.0,0.0,30.0,0.0,16.0,1314.75,1.0
98.0,2392.0,0.0,0.0,0.0,27.0,0.0,12.0,76.25,1.0
102.0,2392.0,0.0,0.0,0.0,3.0,0.0,7.0,192.24,1.0
102.0,2392.0,0.0,0.0,0.0,22.0,0.0,12.0,402.32,1.0
105.0,2392.0,0.0,0.0,0.0,6.0,0.0,6.0,1139.04,1.0
116.0,2392.0,0.0,0.0,0.0,11.0,0.0,12.0,67.4,0.0
112.0,2392.0,0.0,0.0,0.0,9.0,0.0,10.0,111.6,1.0
116.0,2392.0,0.0,0.0,0.0,6.0,0.0,6.0,225.35,1.0
120.0,2392.0,0.0,0.0,0.0,26.0,0.0,12.0,219.01,1.0
128.0,2392.0,0.0,0.0,0.0,6.0,0.0,6.0,106.66,1.0
134.0,2392.0,0.0,0.0,0.0,35.0,0.0,18.0,302.59,1.0
135.0,2392.0,0.0,0.0,0.0,22.0,0.0,12.0,197.38,1.0
135.0,2392.0,0.0,0.0,0.0,6.0,0.0,6.0,620.77,1.0
136.0,2392.0,0.0,0.0,0.0,17.0,0.0,9.0,209.88,1.0
139.0,2392.0,0.0,0.0,0.0,26.0,0.0,12.0,341.88,1.0
142.0,2392.0,0.0,0.0,0.0,6.0,0.0,6.0,1658.57,1.0
142.0,2392.0,0.0,0.0,0.0,6.0,0.0,6.0,858.85,1.0
158.0,2392.0,0.0,0.0,0.0,22.0,0.0,12.0,193.87,1.0
161.0,2392.0,0.0,0.0,0.0,11.0,0.0,12.0,70.67,0.0
160.0,2392.0,0.0,0.0,0.0,12.0,0.0,13.0,400.94,1.0
161.0,2392.0,0.0,0.0,0.0,26.0,0.0,12.0,68.32,0.0
162.0,2392.0,0.0,0.0,0.0,12.0,0.0,13.0,88.79,0.0
162.0,2392.0,0.0,0.0,0.0,20.0,0.0,13.0,93.13,0.0
162.0,2392.0,0.0,0.0,0.0,6.0,0.0,6.0,677.13,1.0
163.0,2392.0,0.0,0.0,0.0,12.0,0.0,13.0,88.43,0.0
163.0,2392.0,0.0,0.0,0.0,20.0,0.0,13.0,55.75,0.0
164.0,2392.0,0.0,0.0,0.0,0.0,0.0,5.0,27.46,0.0
165.0,2392.0,0.0,0.0,0.0,0.0,0.0,5.0,4.29,0.0
166.0,2392.0,0.0,0.0,0.0,30.0,0.0,16.0,78.96,1.0
166.0,2392.0,0.0,0.0,0.0,0.0,0.0,5.0,30.34,0.0
167.0,2392.0,0.0,0.0,0.0,0.0,0.0,5.0,36.98,0.0
170.0,2392.0,0.0,0.0,0.0,0.0,0.0,5.0,17.16,0.0
171.0,2392.0,0.0,0.0,0.0,0.0,0.0,5.0,51.36,0.0
172.0,2392.0,0.0,0.0,0.0,13.0,0.0,14.0,33.59,1.0
173.0,2392.0,0.0,0.0,0.0,0.0,0.0,5.0,8.13,0.0
175.0,2392.0,0.0,0.0,0.0,0.0,0.0,5.0,11.11,0.0
54.0,2402.0,1.0,1.0,0.0,1.0,0.0,5.0,28.17,0.0
55.0,2402.0,1.0,1.0,0.0,1.0,0.0,5.0,45.68,0.0
56.0,2402.0,1.0,1.0,0.0,31.0,0.0,9.0,814.8,1.0
56.0,2402.0,1.0,1.0,0.0,1.0,0.0,5.0,24.99,0.0
57.0,2402.0,1.0,1.0,0.0,1.0,0.0,5.0,64.77,0.0
97.0,2409.0,0.0,1.0,0.0,2.0,0.0,6.0,217.34,0.0
103.0,2409.0,0.0,1.0,0.0,8.0,0.0,9.0,310.7,0.0
121.0,2409.0,0.0,1.0,0.0,22.0,0.0,12.0,663.37,1.0
124.0,2409.0,0.0,1.0,0.0,7.0,0.0,6.0,28.54,0.0
139.0,2409.0,0.0,1.0,0.0,7.0,0.0,6.0,848.78,1.0
145.0,2409.0,0.0,1.0,0.0,9.0,0.0,10.0,23.04,0.0
140.0,2409.0,0.0,1.0,0.0,13.0,0.0,14.0,217.34,1.0
146.0,2409.0,0.0,1.0,0.0,0.0,0.0,5.0,17.82,0.0
154.0,2409.0,0.0,1.0,0.0,13.0,0.0,14.0,32.58,0.0
155.0,2409.0,0.0,1.0,0.0,0.0,0.0,5.0,34.97,0.0
156.0,2409.0,0.0,1.0,0.0,35.0,0.0,18.0,2833.71,1.0
156.0,2409.0,0.0,1.0,0.0,13.0,0.0,14.0,71.2,0.0
157.0,2409.0,0.0,1.0,0.0,5.0,0.0,8.0,25.83,0.0
163.0,2410.0,2.0,1.0,0.0,15.0,0.0,13.0,16.74,0.0
163.0,2410.0,2.0,1.0,0.0,44.0,0.0,13.0,17.05,0.0
163.0,2410.0,2.0,1.0,0.0,6.0,0.0,6.0,261.35,1.0
164.0,2410.0,2.0,1.0,0.0,0.0,0.0,5.0,2.26,0.0
165.0,2410.0,2.0,1.0,0.0,0.0,0.0,5.0,4.64,0.0
20.0,2411.0,1.0,1.0,0.0,20.0,0.0,13.0,111.23,0.0
36.0,2411.0,1.0,1.0,0.0,22.0,0.0,12.0,142.95,0.0
58.0,2411.0,1.0,1.0,0.0,22.0,0.0,12.0,574.99,1.0
58.0,2411.0,1.0,1.0,0.0,22.0,0.0,12.0,762.19,1.0
66.0,2411.0,1.0,1.0,0.0,6.0,0.0,6.0,159.39,1.0
69.0,2411.0,1.0,1.0,0.0,21.0,0.0,13.0,201.58,1.0
69.0,2411.0,1.0,1.0,0.0,3.0,0.0,7.0,646.11,1.0
72.0,2411.0,1.0,1.0,0.0,35.0,0.0,18.0,2448.08,1.0
72.0,2411.0,1.0,1.0,0.0,11.0,0.0,12.0,340.43,1.0
74.0,2411.0,1.0,1.0,0.0,18.0,0.0,9.0,437.07,1.0
74.0,2411.0,1.0,1.0,0.0,38.0,0.0,19.0,237.97,1.0
82.0,2411.0,1.0,1.0,0.0,25.0,0.0,15.0,32.13,0.0
80.0,2411.0,1.0,1.0,0.0,10.0,0.0,11.0,94.59,1.0
83.0,2411.0,1.0,1.0,0.0,25.0,0.0,15.0,75.56,0.0
89.0,2411.0,1.0,1.0,0.0,22.0,0.0,12.0,136.32,1.0
91.0,2411.0,1.0,1.0,0.0,6.0,0.0,6.0,232.78,0.0
97.0,2411.0,1.0,1.0,0.0,26.0,0.0,12.0,118.62,1.0
99.0,2411.0,1.0,1.0,0.0,25.0,0.0,15.0,85.61,0.0
102.0,2411.0,1.0,1.0,0.0,3.0,0.0,7.0,243.98,1.0
105.0,2411.0,1.0,1.0,0.0,6.0,0.0,6.0,148.55,0.0
105.0,2411.0,1.0,1.0,0.0,7.0,0.0,6.0,41.09,0.0
106.0,2411.0,1.0,1.0,0.0,38.0,0.0,19.0,224.26,1.0
109.0,2411.0,1.0,1.0,0.0,22.0,0.0,12.0,437.24,1.0
113.0,2411.0,1.0,1.0,0.0,22.0,0.0,12.0,346.67,1.0
114.0,2411.0,1.0,1.0,0.0,20.0,0.0,13.0,526.41,1.0
115.0,2411.0,1.0,1.0,0.0,7.0,0.0,6.0,269.01,0.0
114.0,2411.0,1.0,1.0,0.0,35.0,0.0,18.0,511.41,1.0
115.0,2411.0,1.0,1.0,0.0,2.0,0.0,6.0,73.19,0.0
118.0,2411.0,1.0,1.0,0.0,9.0,0.0,10.0,41.92,1.0
123.0,2411.0,1.0,1.0,0.0,12.0,0.0,13.0,26.71,1.0
133.0,2411.0,1.0,1.0,0.0,30.0,0.0,16.0,103.67,0.0
123.0,2411.0,1.0,1.0,0.0,13.0,0.0,14.0,167.59,1.0
137.0,2411.0,1.0,1.0,0.0,22.0,0.0,12.0,62.69,1.0
137.0,2411.0,1.0,1.0,0.0,30.0,0.0,16.0,89.93,0.0
137.0,2411.0,1.0,1.0,0.0,11.0,0.0,12.0,143.68,1.0
144.0,2411.0,1.0,1.0,0.0,7.0,0.0,6.0,135.35,0.0
138.0,2411.0,1.0,1.0,0.0,3.0,0.0,7.0,347.67,1.0
144.0,2411.0,1.0,1.0,0.0,2.0,0.0,6.0,8.17,0.0
151.0,2411.0,1.0,1.0,0.0,6.0,0.0,6.0,237.2,1.0
154.0,2411.0,1.0,1.0,0.0,7.0,0.0,6.0,79.19,1.0
173.0,2411.0,1.0,1.0,0.0,35.0,0.0,18.0,3283.45,1.0
174.0,2411.0,1.0,1.0,0.0,41.0,0.0,19.0,251.83,1.0
179.0,2411.0,1.0,1.0,0.0,20.0,0.0,13.0,206.52,1.0
115.0,2414.0,0.0,1.0,0.0,1.0,0.0,5.0,46.01,0.0
116.0,2414.0,0.0,1.0,0.0,1.0,0.0,5.0,8.6,0.0
116.0,2414.0,0.0,1.0,0.0,10.0,0.0,11.0,431.13,1.0
117.0,2414.0,0.0,1.0,0.0,1.0,0.0,5.0,45.84,0.0
118.0,2414.0,0.0,1.0,0.0,1.0,0.0,5.0,13.19,0.0
76.0,2416.0,2.0,1.0,0.0,0.0,0.0,5.0,41.75,0.0
77.0,2416.0,2.0,1.0,0.0,0.0,0.0,5.0,33.64,0.0
77.0,2416.0,2.0,1.0,0.0,22.0,0.0,12.0,337.65,1.0
78.0,2416.0,2.0,1.0,0.0,0.0,0.0,5.0,13.66,0.0
79.0,2416.0,2.0,1.0,0.0,0.0,0.0,5.0,8.86,0.0
83.0,2416.0,2.0,1.0,0.0,0.0,0.0,5.0,26.69,0.0
84.0,2416.0,2.0,1.0,0.0,0.0,0.0,5.0,28.27,0.0
85.0,2416.0,2.0,1.0,0.0,16.0,0.0,16.0,152.31,1.0
86.0,2416.0,2.0,1.0,0.0,36.0,0.0,15.0,53.75,0.0
87.0,2416.0,2.0,1.0,0.0,0.0,0.0,5.0,30.91,0.0
2.0,2417.0,0.0,0.0,0.0,12.0,0.0,13.0,59.83,0.0
5.0,2417.0,0.0,0.0,0.0,3.0,0.0,7.0,220.51,0.0
8.0,2417.0,0.0,0.0,0.0,22.0,0.0,12.0,441.49,1.0
14.0,2417.0,0.0,0.0,0.0,6.0,0.0,6.0,259.35,0.0
15.0,2417.0,0.0,0.0,0.0,22.0,0.0,12.0,59.53,1.0
50.0,2417.0,0.0,0.0,0.0,25.0,0.0,15.0,55.92,0.0
78.0,2417.0,0.0,0.0,0.0,12.0,0.0,13.0,113.18,0.0
78.0,2417.0,0.0,0.0,0.0,20.0,0.0,13.0,25.74,0.0
103.0,2417.0,0.0,0.0,0.0,6.0,0.0,6.0,160.46,1.0
147.0,2417.0,0.0,0.0,0.0,25.0,0.0,15.0,17.44,0.0
163.0,2417.0,0.0,0.0,0.0,13.0,0.0,14.0,188.79,1.0
169.0,2417.0,0.0,0.0,0.0,6.0,0.0,6.0,37.32,0.0
169.0,2417.0,0.0,0.0,0.0,7.0,0.0,6.0,78.65,0.0
170.0,2417.0,0.0,0.0,0.0,7.0,0.0,6.0,131.27,0.0
170.0,2417.0,0.0,0.0,0.0,2.0,0.0,6.0,108.68,0.0
178.0,2417.0,0.0,0.0,0.0,22.0,0.0,12.0,42.89,1.0
107.0,2420.0,1.0,0.0,0.0,0.0,0.0,5.0,33.74,0.0
108.0,2420.0,1.0,0.0,0.0,27.0,0.0,12.0,133.56,0.0
109.0,2420.0,1.0,0.0,0.0,11.0,0.0,12.0,43.64,1.0
109.0,2420.0,1.0,0.0,0.0,0.0,0.0,5.0,18.71,0.0
110.0,2420.0,1.0,0.0,0.0,0.0,0.0,5.0,40.51,0.0
121.0,2420.0,1.0,0.0,0.0,46.0,0.0,12.0,127.66,0.0
122.0,2420.0,1.0,0.0,0.0,0.0,0.0,5.0,46.72,0.0
122.0,2420.0,1.0,0.0,0.0,22.0,0.0,12.0,152.91,1.0
123.0,2420.0,1.0,0.0,0.0,0.0,0.0,5.0,40.35,0.0
124.0,2420.0,1.0,0.0,0.0,0.0,0.0,5.0,0.13,0.0
102.0,2421.0,1.0,1.0,0.0,1.0,0.0,5.0,35.48,0.0
103.0,2421.0,1.0,1.0,0.0,1.0,0.0,5.0,35.05,0.0
104.0,2421.0,1.0,1.0,0.0,2.0,0.0,6.0,119.88,1.0
104.0,2421.0,1.0,1.0,0.0,1.0,0.0,5.0,32.08,0.0
105.0,2421.0,1.0,1.0,0.0,1.0,0.0,5.0,6.54,0.0
108.0,2421.0,1.0,1.0,0.0,1.0,0.0,5.0,0.11,0.0
109.0,2421.0,1.0,1.0,0.0,5.0,0.0,8.0,2.23,0.0
109.0,2421.0,1.0,1.0,0.0,17.0,0.0,9.0,351.75,1.0
110.0,2421.0,1.0,1.0,0.0,1.0,0.0,5.0,6.38,0.0
111.0,2421.0,1.0,1.0,0.0,1.0,0.0,5.0,43.82,0.0
1.0,2423.0,1.0,1.0,0.0,6.0,0.0,6.0,28.24,0.0
35.0,2423.0,1.0,1.0,0.0,35.0,0.0,18.0,3905.2,1.0
44.0,2423.0,1.0,1.0,0.0,6.0,0.0,6.0,126.85,0.0
41.0,2423.0,1.0,1.0,0.0,10.0,0.0,11.0,1071.69,1.0
44.0,2423.0,1.0,1.0,0.0,2.0,0.0,6.0,33.39,0.0
45.0,2423.0,1.0,1.0,0.0,22.0,0.0,12.0,508.02,1.0
48.0,2423.0,1.0,1.0,0.0,12.0,0.0,13.0,118.49,0.0
48.0,2423.0,1.0,1.0,0.0,6.0,0.0,6.0,150.22,1.0
50.0,2423.0,1.0,1.0,0.0,35.0,0.0,18.0,6649.49,1.0
58.0,2423.0,1.0,1.0,0.0,26.0,0.0,12.0,198.8,1.0
62.0,2423.0,1.0,1.0,0.0,6.0,0.0,6.0,451.0,1.0
62.0,2423.0,1.0,1.0,0.0,30.0,0.0,16.0,266.28,1.0
64.0,2423.0,1.0,1.0,0.0,20.0,0.0,13.0,229.62,1.0
69.0,2423.0,1.0,1.0,0.0,6.0,0.0,6.0,253.15,1.0
70.0,2423.0,1.0,1.0,0.0,12.0,0.0,13.0,81.65,0.0
70.0,2423.0,1.0,1.0,0.0,6.0,0.0,6.0,139.6,1.0
70.0,2423.0,1.0,1.0,0.0,20.0,0.0,13.0,27.54,0.0
70.0,2423.0,1.0,1.0,0.0,19.0,0.0,9.0,368.33,1.0
72.0,2423.0,1.0,1.0,0.0,12.0,0.0,13.0,2.18,0.0
71.0,2423.0,1.0,1.0,0.0,6.0,0.0,6.0,560.67,1.0
72.0,2423.0,1.0,1.0,0.0,20.0,0.0,13.0,71.93,0.0
76.0,2423.0,1.0,1.0,0.0,0.0,0.0,5.0,43.5,0.0
77.0,2423.0,1.0,1.0,0.0,0.0,0.0,5.0,0.07,0.0
77.0,2423.0,1.0,1.0,0.0,35.0,0.0,18.0,6161.03,1.0
78.0,2423.0,1.0,1.0,0.0,0.0,0.0,5.0,30.87,0.0
78.0,2423.0,1.0,1.0,0.0,6.0,0.0,6.0,589.65,1.0
79.0,2423.0,1.0,1.0,0.0,19.0,0.0,9.0,263.56,1.0
79.0,2423.0,1.0,1.0,0.0,0.0,0.0,5.0,40.19,0.0
80.0,2423.0,1.0,1.0,0.0,0.0,0.0,5.0,24.29,0.0
99.0,2423.0,1.0,1.0,0.0,0.0,0.0,5.0,26.1,0.0
100.0,2423.0,1.0,1.0,0.0,0.0,0.0,5.0,20.0,0.0
101.0,2423.0,1.0,1.0,0.0,22.0,0.0,12.0,374.88,1.0
102.0,2423.0,1.0,1.0,0.0,9.0,0.0,10.0,63.61,0.0
103.0,2423.0,1.0,1.0,0.0,0.0,0.0,5.0,10.21,0.0
104.0,2423.0,1.0,1.0,0.0,17.0,0.0,9.0,107.0,1.0
104.0,2423.0,1.0,1.0,0.0,0.0,0.0,5.0,25.28,0.0
104.0,2423.0,1.0,1.0,0.0,6.0,0.0,6.0,299.68,1.0
105.0,2423.0,1.0,1.0,0.0,0.0,0.0,5.0,58.93,0.0
109.0,2423.0,1.0,1.0,0.0,0.0,0.0,5.0,12.09,0.0
110.0,2423.0,1.0,1.0,0.0,0.0,0.0,5.0,40.72,0.0
110.0,2423.0,1.0,1.0,0.0,20.0,0.0,13.0,72.12,1.0
111.0,2423.0,1.0,1.0,0.0,0.0,0.0,5.0,17.9,0.0
113.0,2423.0,1.0,1.0,0.0,0.0,0.0,5.0,65.02,0.0
114.0,2423.0,1.0,1.0,0.0,41.0,0.0,19.0,285.03,1.0
114.0,2423.0,1.0,1.0,0.0,0.0,0.0,5.0,48.85,0.0
116.0,2423.0,1.0,1.0,0.0,0.0,0.0,5.0,67.52,0.0
117.0,2423.0,1.0,1.0,0.0,6.0,0.0,6.0,458.09,1.0
117.0,2423.0,1.0,1.0,0.0,0.0,0.0,5.0,12.59,0.0
118.0,2423.0,1.0,1.0,0.0,0.0,0.0,5.0,11.59,0.0
121.0,2423.0,1.0,1.0,0.0,0.0,0.0,5.0,23.84,0.0
123.0,2423.0,1.0,1.0,0.0,0.0,0.0,5.0,23.28,0.0
123.0,2423.0,1.0,1.0,0.0,20.0,0.0,13.0,195.69,1.0
124.0,2423.0,1.0,1.0,0.0,0.0,0.0,5.0,9.35,0.0
125.0,2423.0,1.0,1.0,0.0,0.0,0.0,5.0,33.72,0.0
126.0,2423.0,1.0,1.0,0.0,0.0,0.0,5.0,34.8,0.0
127.0,2423.0,1.0,1.0,0.0,35.0,0.0,18.0,4672.92,1.0
127.0,2423.0,1.0,1.0,0.0,0.0,0.0,5.0,15.85,0.0
128.0,2423.0,1.0,1.0,0.0,0.0,0.0,5.0,39.18,0.0
131.0,2423.0,1.0,1.0,0.0,0.0,0.0,5.0,23.68,0.0
132.0,2423.0,1.0,1.0,0.0,0.0,0.0,5.0,9.87,0.0
133.0,2423.0,1.0,1.0,0.0,16.0,0.0,16.0,83.85,1.0
133.0,2423.0,1.0,1.0,0.0,0.0,0.0,5.0,49.98,0.0
134.0,2423.0,1.0,1.0,0.0,0.0,0.0,5.0,34.97,0.0
135.0,2423.0,1.0,1.0,0.0,0.0,0.0,5.0,7.58,0.0
135.0,2423.0,1.0,1.0,0.0,6.0,0.0,6.0,196.17,1.0
136.0,2423.0,1.0,1.0,0.0,0.0,0.0,5.0,71.54,0.0
137.0,2423.0,1.0,1.0,0.0,0.0,0.0,5.0,49.67,0.0
141.0,2423.0,1.0,1.0,0.0,0.0,0.0,5.0,13.64,0.0
142.0,2423.0,1.0,1.0,0.0,0.0,0.0,5.0,26.29,0.0
143.0,2423.0,1.0,1.0,0.0,6.0,0.0,6.0,22.23,1.0
143.0,2423.0,1.0,1.0,0.0,0.0,0.0,5.0,18.46,0.0
144.0,2423.0,1.0,1.0,0.0,0.0,0.0,5.0,17.85,0.0
145.0,2423.0,1.0,1.0,0.0,16.0,0.0,16.0,287.14,1.0
146.0,2423.0,1.0,1.0,0.0,0.0,0.0,5.0,6.56,0.0
148.0,2423.0,1.0,1.0,0.0,0.0,0.0,5.0,6.3,0.0
169.0,2423.0,1.0,1.0,0.0,0.0,0.0,5.0,13.05,0.0
170.0,2423.0,1.0,1.0,0.0,0.0,0.0,5.0,21.95,0.0
170.0,2423.0,1.0,1.0,0.0,22.0,0.0,12.0,22.51,1.0
171.0,2423.0,1.0,1.0,0.0,0.0,0.0,5.0,47.95,0.0
172.0,2423.0,1.0,1.0,0.0,0.0,0.0,5.0,79.42,0.0
133.0,2428.0,5.0,1.0,0.0,7.0,0.0,6.0,210.64,0.0
133.0,2428.0,5.0,1.0,0.0,2.0,0.0,6.0,112.04,0.0
146.0,2428.0,5.0,1.0,0.0,15.0,0.0,13.0,286.57,1.0
164.0,2428.0,5.0,1.0,0.0,12.0,0.0,13.0,85.13,0.0
164.0,2428.0,5.0,1.0,0.0,20.0,0.0,13.0,35.78,0.0
170.0,2428.0,5.0,1.0,0.0,0.0,0.0,5.0,27.98,0.0
171.0,2428.0,5.0,1.0,0.0,0.0,0.0,5.0,0.49,0.0
171.0,2428.0,5.0,1.0,0.0,22.0,0.0,12.0,104.5,1.0
172.0,2428.0,5.0,1.0,0.0,0.0,0.0,5.0,33.4,0.0
174.0,2428.0,5.0,1.0,0.0,0.0,0.0,5.0,6.01,0.0
104.0,2431.0,0.0,1.0,0.0,12.0,0.0,13.0,142.85,0.0
104.0,2431.0,0.0,1.0,0.0,20.0,0.0,13.0,9.1,0.0
106.0,2431.0,0.0,1.0,0.0,38.0,0.0,19.0,368.79,1.0
108.0,2431.0,0.0,1.0,0.0,9.0,0.0,10.0,18.49,0.0
109.0,2431.0,0.0,1.0,0.0,0.0,0.0,5.0,23.15,0.0
127.0,2432.0,0.0,0.0,0.0,1.0,0.0,5.0,13.22,0.0
128.0,2432.0,0.0,0.0,0.0,1.0,0.0,5.0,42.94,0.0
129.0,2432.0,0.0,0.0,0.0,6.0,0.0,6.0,660.4,1.0
129.0,2432.0,0.0,0.0,0.0,1.0,0.0,5.0,22.74,0.0
130.0,2432.0,0.0,0.0,0.0,1.0,0.0,5.0,4.02,0.0
150.0,2432.0,0.0,0.0,0.0,5.0,0.0,8.0,58.79,0.0
151.0,2432.0,0.0,0.0,0.0,1.0,0.0,5.0,0.17,0.0
151.0,2432.0,0.0,0.0,0.0,41.0,0.0,19.0,412.62,1.0
153.0,2432.0,0.0,0.0,0.0,1.0,0.0,5.0,33.87,0.0
154.0,2432.0,0.0,0.0,0.0,1.0,0.0,5.0,5.04,0.0
29.0,2433.0,2.0,0.0,0.0,6.0,0.0,6.0,274.63,0.0
53.0,2433.0,2.0,0.0,0.0,18.0,0.0,9.0,122.94,0.0
84.0,2433.0,2.0,0.0,0.0,13.0,0.0,14.0,243.86,1.0
86.0,2433.0,2.0,0.0,0.0,13.0,0.0,14.0,53.57,0.0
87.0,2433.0,2.0,0.0,0.0,0.0,0.0,5.0,8.53,0.0
9.0,2434.0,0.0,1.0,0.0,0.0,0.0,5.0,26.74,0.0
10.0,2434.0,0.0,1.0,0.0,0.0,0.0,5.0,22.03,0.0
11.0,2434.0,0.0,1.0,0.0,38.0,0.0,19.0,186.54,1.0
13.0,2434.0,0.0,1.0,0.0,0.0,0.0,5.0,46.36,0.0
15.0,2434.0,0.0,1.0,0.0,9.0,0.0,10.0,120.96,1.0
15.0,2434.0,0.0,1.0,0.0,0.0,0.0,5.0,4.64,0.0
16.0,2434.0,0.0,1.0,0.0,0.0,0.0,5.0,19.92,0.0
30.0,2434.0,0.0,1.0,0.0,1.0,0.0,5.0,4.31,0.0
31.0,2434.0,0.0,1.0,0.0,1.0,0.0,5.0,15.51,0.0
31.0,2434.0,0.0,1.0,0.0,6.0,0.0,6.0,233.8,1.0
32.0,2434.0,0.0,1.0,0.0,1.0,0.0,5.0,2.13,0.0
33.0,2434.0,0.0,1.0,0.0,5.0,0.0,8.0,66.87,0.0
46.0,2434.0,0.0,1.0,0.0,1.0,0.0,5.0,20.46,0.0
47.0,2434.0,0.0,1.0,0.0,1.0,0.0,5.0,57.62,0.0
48.0,2434.0,0.0,1.0,0.0,12.0,0.0,13.0,141.26,1.0
48.0,2434.0,0.0,1.0,0.0,1.0,0.0,5.0,13.58,0.0
49.0,2434.0,0.0,1.0,0.0,1.0,0.0,5.0,12.18,0.0
72.0,2434.0,0.0,1.0,0.0,1.0,0.0,5.0,32.29,0.0
73.0,2434.0,0.0,1.0,0.0,1.0,0.0,5.0,30.35,0.0
74.0,2434.0,0.0,1.0,0.0,6.0,0.0,6.0,418.06,1.0
74.0,2434.0,0.0,1.0,0.0,1.0,0.0,5.0,42.34,0.0
75.0,2434.0,0.0,1.0,0.0,1.0,0.0,5.0,17.36,0.0
6.0,2435.0,5.0,1.0,0.0,10.0,0.0,11.0,216.92,0.0
7.0,2435.0,5.0,1.0,0.0,26.0,0.0,12.0,131.44,0.0
17.0,2435.0,5.0,1.0,0.0,30.0,0.0,16.0,143.04,1.0
18.0,2435.0,5.0,1.0,0.0,2.0,0.0,6.0,217.95,0.0
33.0,2435.0,5.0,1.0,0.0,39.0,0.0,18.0,4221.57,1.0
36.0,2435.0,5.0,1.0,0.0,30.0,0.0,16.0,140.81,0.0
38.0,2435.0,5.0,1.0,0.0,13.0,0.0,14.0,23.6,0.0
47.0,2435.0,5.0,1.0,0.0,0.0,0.0,5.0,49.29,0.0
48.0,2435.0,5.0,1.0,0.0,0.0,0.0,5.0,6.24,0.0
48.0,2435.0,5.0,1.0,0.0,6.0,0.0,6.0,182.62,1.0
49.0,2435.0,5.0,1.0,0.0,0.0,0.0,5.0,42.0,0.0
50.0,2435.0,5.0,1.0,0.0,0.0,0.0,5.0,53.66,0.0
71.0,2435.0,5.0,1.0,0.0,0.0,0.0,5.0,10.9,0.0
72.0,2435.0,5.0,1.0,0.0,0.0,0.0,5.0,47.45,0.0
73.0,2435.0,5.0,1.0,0.0,35.0,0.0,18.0,3313.92,1.0
73.0,2435.0,5.0,1.0,0.0,0.0,0.0,5.0,3.92,0.0
74.0,2435.0,5.0,1.0,0.0,0.0,0.0,5.0,40.91,0.0
76.0,2435.0,5.0,1.0,0.0,0.0,0.0,5.0,52.83,0.0
77.0,2435.0,5.0,1.0,0.0,0.0,0.0,5.0,0.99,0.0
78.0,2435.0,5.0,1.0,0.0,41.0,0.0,19.0,194.3,1.0
79.0,2435.0,5.0,1.0,0.0,0.0,0.0,5.0,39.08,0.0
80.0,2435.0,5.0,1.0,0.0,0.0,0.0,5.0,35.47,0.0
84.0,2435.0,5.0,1.0,0.0,0.0,0.0,5.0,47.04,0.0
86.0,2435.0,5.0,1.0,0.0,0.0,0.0,5.0,14.48,0.0
86.0,2435.0,5.0,1.0,0.0,18.0,0.0,9.0,268.3,1.0
87.0,2435.0,5.0,1.0,0.0,0.0,0.0,5.0,22.26,0.0
88.0,2435.0,5.0,1.0,0.0,0.0,0.0,5.0,10.03,0.0
96.0,2435.0,5.0,1.0,0.0,0.0,0.0,5.0,2.75,0.0
97.0,2435.0,5.0,1.0,0.0,9.0,0.0,10.0,41.46,0.0
98.0,2435.0,5.0,1.0,0.0,41.0,0.0,19.0,296.66,1.0
99.0,2435.0,5.0,1.0,0.0,0.0,0.0,5.0,35.67,0.0
98.0,2435.0,5.0,1.0,0.0,41.0,0.0,19.0,360.65,1.0
100.0,2435.0,5.0,1.0,0.0,0.0,0.0,5.0,35.76,0.0
102.0,2435.0,5.0,1.0,0.0,0.0,0.0,5.0,32.52,0.0
103.0,2435.0,5.0,1.0,0.0,0.0,0.0,5.0,36.27,0.0
103.0,2435.0,5.0,1.0,0.0,44.0,0.0,13.0,3.27,1.0
104.0,2435.0,5.0,1.0,0.0,0.0,0.0,5.0,29.04,0.0
106.0,2435.0,5.0,1.0,0.0,0.0,0.0,5.0,57.86,0.0
138.0,2435.0,5.0,1.0,0.0,0.0,0.0,5.0,37.53,0.0
139.0,2435.0,5.0,1.0,0.0,0.0,0.0,5.0,31.14,0.0
140.0,2435.0,5.0,1.0,0.0,13.0,0.0,14.0,233.94,1.0
140.0,2435.0,5.0,1.0,0.0,0.0,0.0,5.0,12.77,0.0
141.0,2435.0,5.0,1.0,0.0,0.0,0.0,5.0,12.71,0.0
1.0,2436.0,4.0,1.0,0.0,12.0,0.0,13.0,329.13,1.0
12.0,2436.0,4.0,1.0,0.0,12.0,0.0,13.0,130.63,0.0
7.0,2436.0,4.0,1.0,0.0,15.0,0.0,13.0,4.5,1.0
27.0,2436.0,4.0,1.0,0.0,35.0,0.0,18.0,501.77,1.0
37.0,2436.0,4.0,1.0,0.0,3.0,0.0,7.0,13.1,0.0
32.0,2436.0,4.0,1.0,0.0,22.0,0.0,12.0,86.43,1.0
39.0,2436.0,4.0,1.0,0.0,11.0,0.0,12.0,126.6,0.0
44.0,2436.0,4.0,1.0,0.0,6.0,0.0,6.0,263.92,1.0
50.0,2436.0,4.0,1.0,0.0,12.0,0.0,13.0,58.57,0.0
50.0,2436.0,4.0,1.0,0.0,20.0,0.0,13.0,1.64,0.0
65.0,2436.0,4.0,1.0,0.0,19.0,0.0,9.0,376.52,1.0
65.0,2436.0,4.0,1.0,0.0,12.0,0.0,13.0,119.23,0.0
65.0,2436.0,4.0,1.0,0.0,20.0,0.0,13.0,83.32,0.0
80.0,2436.0,4.0,1.0,0.0,0.0,0.0,5.0,22.82,0.0
81.0,2436.0,4.0,1.0,0.0,36.0,0.0,15.0,199.38,0.0
81.0,2436.0,4.0,1.0,0.0,22.0,0.0,12.0,660.76,1.0
82.0,2436.0,4.0,1.0,0.0,0.0,0.0,5.0,18.19,0.0
82.0,2436.0,4.0,1.0,0.0,1.0,0.0,5.0,8.97,0.0
111.0,2436.0,4.0,1.0,0.0,1.0,0.0,5.0,23.75,0.0
112.0,2436.0,4.0,1.0,0.0,1.0,0.0,5.0,29.49,0.0
113.0,2436.0,4.0,1.0,0.0,35.0,0.0,18.0,499.64,1.0
113.0,2436.0,4.0,1.0,0.0,1.0,0.0,5.0,24.76,0.0
114.0,2436.0,4.0,1.0,0.0,1.0,0.0,5.0,40.67,0.0
120.0,2436.0,4.0,1.0,0.0,1.0,0.0,5.0,61.51,0.0
121.0,2436.0,4.0,1.0,0.0,1.0,0.0,5.0,33.07,0.0
121.0,2436.0,4.0,1.0,0.0,6.0,0.0,6.0,345.88,1.0
122.0,2436.0,4.0,1.0,0.0,1.0,0.0,5.0,12.05,0.0
123.0,2436.0,4.0,1.0,0.0,1.0,0.0,5.0,50.22,0.0
148.0,2436.0,4.0,1.0,0.0,1.0,0.0,5.0,33.17,0.0
149.0,2436.0,4.0,1.0,0.0,1.0,0.0,5.0,71.6,0.0
150.0,2436.0,4.0,1.0,0.0,22.0,0.0,12.0,185.17,1.0
150.0,2436.0,4.0,1.0,0.0,1.0,0.0,5.0,52.41,0.0
152.0,2436.0,4.0,1.0,0.0,1.0,0.0,5.0,54.6,0.0
173.0,2436.0,4.0,1.0,0.0,1.0,0.0,5.0,23.0,0.0
174.0,2436.0,4.0,1.0,0.0,1.0,0.0,5.0,15.15,0.0
175.0,2436.0,4.0,1.0,0.0,6.0,0.0,6.0,51.69,1.0
175.0,2436.0,4.0,1.0,0.0,1.0,0.0,5.0,45.07,0.0
176.0,2436.0,4.0,1.0,0.0,1.0,0.0,5.0,26.51,0.0
1.0,2438.0,1.0,0.0,0.0,0.0,0.0,5.0,2.56,0.0
1.0,2438.0,1.0,0.0,0.0,6.0,0.0,6.0,933.69,1.0
2.0,2438.0,1.0,0.0,0.0,0.0,0.0,5.0,34.82,0.0
4.0,2438.0,1.0,0.0,0.0,0.0,0.0,5.0,2.26,0.0
43.0,2438.0,1.0,0.0,0.0,0.0,0.0,5.0,42.32,0.0
44.0,2438.0,1.0,0.0,0.0,0.0,0.0,5.0,24.17,0.0
44.0,2438.0,1.0,0.0,0.0,25.0,0.0,15.0,135.56,1.0
45.0,2438.0,1.0,0.0,0.0,0.0,0.0,5.0,6.67,0.0
46.0,2438.0,1.0,0.0,0.0,0.0,0.0,5.0,64.09,0.0
138.0,2442.0,1.0,0.0,0.0,12.0,0.0,13.0,5.18,0.0
138.0,2442.0,1.0,0.0,0.0,20.0,0.0,13.0,38.1,0.0
139.0,2442.0,1.0,0.0,0.0,22.0,0.0,12.0,124.72,1.0
140.0,2442.0,1.0,0.0,0.0,22.0,0.0,12.0,63.02,0.0
145.0,2442.0,1.0,0.0,0.0,13.0,0.0,14.0,36.94,1.0
158.0,2442.0,1.0,0.0,0.0,25.0,0.0,15.0,85.81,0.0
167.0,2442.0,1.0,0.0,0.0,22.0,0.0,12.0,371.39,1.0
176.0,2442.0,1.0,0.0,0.0,6.0,0.0,6.0,268.67,0.0
176.0,2442.0,1.0,0.0,0.0,7.0,0.0,6.0,16.36,0.0
20.0,2446.0,3.0,0.0,0.0,0.0,0.0,5.0,26.44,0.0
21.0,2446.0,3.0,0.0,0.0,0.0,0.0,5.0,17.27,0.0
22.0,2446.0,3.0,0.0,0.0,6.0,0.0,6.0,138.61,1.0
23.0,2446.0,3.0,0.0,0.0,0.0,0.0,5.0,53.82,0.0
24.0,2446.0,3.0,0.0,0.0,0.0,0.0,5.0,34.53,0.0
35.0,2446.0,3.0,0.0,0.0,5.0,0.0,8.0,13.32,0.0
36.0,2446.0,3.0,0.0,0.0,1.0,0.0,5.0,14.15,0.0
36.0,2446.0,3.0,0.0,0.0,44.0,0.0,13.0,388.01,1.0
37.0,2446.0,3.0,0.0,0.0,28.0,0.0,13.0,20.83,0.0
38.0,2446.0,3.0,0.0,0.0,14.0,0.0,15.0,28.63,0.0
34.0,2450.0,1.0,1.0,0.0,12.0,0.0,13.0,1.89,0.0
34.0,2450.0,1.0,1.0,0.0,20.0,0.0,13.0,3.41,0.0
44.0,2450.0,1.0,1.0,0.0,11.0,0.0,12.0,307.22,1.0
61.0,2450.0,1.0,1.0,0.0,13.0,0.0,14.0,60.97,0.0
62.0,2450.0,1.0,1.0,0.0,13.0,0.0,14.0,30.59,0.0
79.0,2450.0,1.0,1.0,0.0,0.0,0.0,5.0,52.37,0.0
80.0,2450.0,1.0,1.0,0.0,0.0,0.0,5.0,9.3,0.0
80.0,2450.0,1.0,1.0,0.0,41.0,0.0,19.0,395.76,1.0
81.0,2450.0,1.0,1.0,0.0,0.0,0.0,5.0,45.09,0.0
82.0,2450.0,1.0,1.0,0.0,0.0,0.0,5.0,1.8,0.0
88.0,2450.0,1.0,1.0,0.0,0.0,0.0,5.0,18.16,0.0
89.0,2450.0,1.0,1.0,0.0,0.0,0.0,5.0,23.37,0.0
90.0,2450.0,1.0,1.0,0.0,6.0,0.0,6.0,664.89,1.0
90.0,2450.0,1.0,1.0,0.0,0.0,0.0,5.0,27.96,0.0
91.0,2450.0,1.0,1.0,0.0,0.0,0.0,5.0,29.38,0.0
101.0,2450.0,1.0,1.0,0.0,0.0,0.0,5.0,87.28,0.0
102.0,2450.0,1.0,1.0,0.0,0.0,0.0,5.0,36.18,0.0
102.0,2450.0,1.0,1.0,0.0,3.0,0.0,7.0,72.86,1.0
103.0,2450.0,1.0,1.0,0.0,0.0,0.0,5.0,61.71,0.0
104.0,2450.0,1.0,1.0,0.0,0.0,0.0,5.0,5.95,0.0
152.0,2450.0,1.0,1.0,0.0,1.0,0.0,5.0,48.37,0.0
153.0,2450.0,1.0,1.0,0.0,4.0,0.0,6.0,141.47,0.0
153.0,2450.0,1.0,1.0,0.0,11.0,0.0,12.0,325.97,1.0
154.0,2450.0,1.0,1.0,0.0,1.0,0.0,5.0,54.42,0.0
155.0,2450.0,1.0,1.0,0.0,1.0,0.0,5.0,14.41,0.0
41.0,2451.0,5.0,1.0,0.0,0.0,0.0,5.0,9.05,0.0
42.0,2451.0,5.0,1.0,0.0,0.0,0.0,5.0,3.85,0.0
42.0,2451.0,5.0,1.0,0.0,22.0,0.0,12.0,199.17,1.0
43.0,2451.0,5.0,1.0,0.0,0.0,0.0,5.0,33.48,0.0
45.0,2451.0,5.0,1.0,0.0,0.0,0.0,5.0,25.98,0.0
54.0,2451.0,5.0,1.0,0.0,0.0,0.0,5.0,18.08,0.0
55.0,2451.0,5.0,1.0,0.0,0.0,0.0,5.0,10.83,0.0
55.0,2451.0,5.0,1.0,0.0,22.0,0.0,12.0,648.12,1.0
56.0,2451.0,5.0,1.0,0.0,9.0,0.0,10.0,31.14,0.0
57.0,2451.0,5.0,1.0,0.0,0.0,0.0,5.0,37.26,0.0
65.0,2451.0,5.0,1.0,0.0,0.0,0.0,5.0,29.24,0.0
66.0,2451.0,5.0,1.0,0.0,0.0,0.0,5.0,38.08,0.0
67.0,2451.0,5.0,1.0,0.0,22.0,0.0,12.0,9.66,1.0
68.0,2451.0,5.0,1.0,0.0,0.0,0.0,5.0,31.82,0.0
69.0,2451.0,5.0,1.0,0.0,0.0,0.0,5.0,41.62,0.0
166.0,2451.0,5.0,1.0,0.0,0.0,0.0,5.0,36.03,0.0
167.0,2451.0,5.0,1.0,0.0,0.0,0.0,5.0,1.33,0.0
167.0,2451.0,5.0,1.0,0.0,22.0,0.0,12.0,620.91,1.0
168.0,2451.0,5.0,1.0,0.0,0.0,0.0,5.0,14.36,0.0
169.0,2451.0,5.0,1.0,0.0,0.0,0.0,5.0,24.84,0.0
104.0,2454.0,6.0,2.0,0.0,4.0,0.0,6.0,205.23,0.0
105.0,2454.0,6.0,2.0,0.0,1.0,0.0,5.0,10.4,0.0
106.0,2454.0,6.0,2.0,0.0,13.0,0.0,14.0,434.17,1.0
106.0,2454.0,6.0,2.0,0.0,1.0,0.0,5.0,8.09,0.0
107.0,2454.0,6.0,2.0,0.0,1.0,0.0,5.0,46.59,0.0
166.0,2454.0,6.0,2.0,0.0,5.0,0.0,8.0,41.4,0.0
167.0,2454.0,6.0,2.0,0.0,1.0,0.0,5.0,0.26,0.0
167.0,2454.0,6.0,2.0,0.0,3.0,0.0,7.0,294.2,1.0
168.0,2454.0,6.0,2.0,0.0,1.0,0.0,5.0,44.31,0.0
169.0,2454.0,6.0,2.0,0.0,1.0,0.0,5.0,0.95,0.0
85.0,2457.0,1.0,1.0,0.0,0.0,0.0,5.0,23.73,0.0
86.0,2457.0,1.0,1.0,0.0,9.0,0.0,10.0,22.25,0.0
86.0,2457.0,1.0,1.0,0.0,35.0,0.0,18.0,1876.33,1.0
87.0,2457.0,1.0,1.0,0.0,0.0,0.0,5.0,16.26,0.0
88.0,2457.0,1.0,1.0,0.0,0.0,0.0,5.0,23.52,0.0
1.0,2463.0,1.0,0.0,0.0,11.0,0.0,12.0,1.68,0.0
12.0,2463.0,1.0,0.0,0.0,9.0,0.0,10.0,10.99,1.0
34.0,2463.0,1.0,0.0,0.0,13.0,0.0,14.0,61.7,0.0
16.0,2463.0,1.0,0.0,0.0,22.0,0.0,12.0,89.71,1.0
35.0,2463.0,1.0,0.0,0.0,0.0,0.0,5.0,45.0,0.0
43.0,2463.0,1.0,0.0,0.0,0.0,0.0,5.0,49.54,0.0
44.0,2463.0,1.0,0.0,0.0,0.0,0.0,5.0,49.24,0.0
44.0,2463.0,1.0,0.0,0.0,13.0,0.0,14.0,255.4,1.0
45.0,2463.0,1.0,0.0,0.0,0.0,0.0,5.0,38.38,0.0
46.0,2463.0,1.0,0.0,0.0,0.0,0.0,5.0,16.11,0.0
71.0,2463.0,1.0,0.0,0.0,5.0,0.0,8.0,52.07,0.0
72.0,2463.0,1.0,0.0,0.0,1.0,0.0,5.0,5.76,0.0
73.0,2463.0,1.0,0.0,0.0,35.0,0.0,18.0,47.54,1.0
74.0,2463.0,1.0,0.0,0.0,5.0,0.0,8.0,13.94,0.0
75.0,2463.0,1.0,0.0,0.0,1.0,0.0,5.0,56.52,0.0
117.0,2463.0,1.0,0.0,0.0,1.0,0.0,5.0,20.17,0.0
118.0,2463.0,1.0,0.0,0.0,1.0,0.0,5.0,10.59,0.0
119.0,2463.0,1.0,0.0,0.0,6.0,0.0,6.0,83.17,1.0
120.0,2463.0,1.0,0.0,0.0,1.0,0.0,5.0,10.28,0.0
121.0,2463.0,1.0,0.0,0.0,5.0,0.0,8.0,46.33,0.0
153.0,2463.0,1.0,0.0,0.0,1.0,0.0,5.0,26.5,0.0
154.0,2463.0,1.0,0.0,0.0,1.0,0.0,5.0,25.51,0.0
154.0,2463.0,1.0,0.0,0.0,38.0,0.0,19.0,321.98,1.0
155.0,2463.0,1.0,0.0,0.0,1.0,0.0,5.0,18.15,0.0
156.0,2463.0,1.0,0.0,0.0,1.0,0.0,5.0,45.69,0.0
98.0,2470.0,0.0,0.0,0.0,9.0,0.0,10.0,36.64,0.0
99.0,2470.0,0.0,0.0,0.0,0.0,0.0,5.0,50.71,0.0
99.0,2470.0,0.0,0.0,0.0,18.0,0.0,9.0,73.13,1.0
100.0,2470.0,0.0,0.0,0.0,0.0,0.0,5.0,19.48,0.0
101.0,2470.0,0.0,0.0,0.0,0.0,0.0,5.0,30.41,0.0
1.0,2474.0,4.0,0.0,0.0,6.0,0.0,6.0,132.13,1.0
4.0,2474.0,4.0,0.0,0.0,6.0,0.0,6.0,580.99,1.0
7.0,2474.0,4.0,0.0,0.0,6.0,0.0,6.0,9.47,0.0
5.0,2474.0,4.0,0.0,0.0,22.0,0.0,12.0,592.33,1.0
19.0,2474.0,4.0,0.0,0.0,41.0,0.0,19.0,359.16,1.0
38.0,2474.0,4.0,0.0,0.0,11.0,0.0,12.0,38.93,0.0
30.0,2474.0,4.0,0.0,0.0,6.0,0.0,6.0,459.46,1.0
50.0,2474.0,4.0,0.0,0.0,22.0,0.0,12.0,179.94,1.0
62.0,2474.0,4.0,0.0,0.0,3.0,0.0,7.0,145.18,0.0
53.0,2474.0,4.0,0.0,0.0,41.0,0.0,19.0,368.26,1.0
63.0,2474.0,4.0,0.0,0.0,22.0,0.0,12.0,626.02,1.0
66.0,2474.0,4.0,0.0,0.0,3.0,0.0,7.0,97.42,0.0
91.0,2474.0,4.0,0.0,0.0,6.0,0.0,6.0,297.92,1.0
101.0,2474.0,4.0,0.0,0.0,12.0,0.0,13.0,46.93,0.0
122.0,2474.0,4.0,0.0,0.0,6.0,0.0,6.0,38.83,0.0
156.0,2474.0,4.0,0.0,0.0,6.0,0.0,6.0,48.12,0.0
156.0,2474.0,4.0,0.0,0.0,7.0,0.0,6.0,95.23,0.0
162.0,2474.0,4.0,0.0,0.0,19.0,0.0,9.0,512.77,1.0
178.0,2474.0,4.0,0.0,0.0,20.0,0.0,13.0,14.13,0.0
175.0,2474.0,4.0,0.0,0.0,20.0,0.0,13.0,108.14,1.0
39.0,2476.0,1.0,0.0,0.0,9.0,0.0,10.0,71.2,0.0
40.0,2476.0,1.0,0.0,0.0,20.0,0.0,13.0,20.21,0.0
54.0,2476.0,1.0,0.0,0.0,11.0,0.0,12.0,571.69,1.0
67.0,2476.0,1.0,0.0,0.0,12.0,0.0,13.0,18.56,0.0
103.0,2476.0,1.0,0.0,0.0,6.0,0.0,6.0,132.09,1.0
135.0,2476.0,1.0,0.0,0.0,3.0,0.0,7.0,84.59,0.0
129.0,2476.0,1.0,0.0,0.0,30.0,0.0,16.0,683.58,1.0
151.0,2476.0,1.0,0.0,0.0,12.0,0.0,13.0,62.22,0.0
165.0,2476.0,1.0,0.0,0.0,12.0,0.0,13.0,112.16,0.0
165.0,2476.0,1.0,0.0,0.0,21.0,0.0,13.0,3.16,0.0
170.0,2476.0,1.0,0.0,0.0,38.0,0.0,19.0,267.15,1.0
171.0,2476.0,1.0,0.0,0.0,18.0,0.0,9.0,50.54,0.0
178.0,2476.0,1.0,0.0,0.0,35.0,0.0,18.0,3672.38,1.0
1.0,2477.0,0.0,0.0,0.0,12.0,0.0,13.0,62.48,0.0
7.0,2477.0,0.0,0.0,0.0,6.0,0.0,6.0,73.02,0.0
64.0,2477.0,0.0,0.0,0.0,22.0,0.0,12.0,37.4,1.0
70.0,2477.0,0.0,0.0,0.0,25.0,0.0,15.0,43.55,0.0
84.0,2477.0,0.0,0.0,0.0,22.0,0.0,12.0,73.24,0.0
1.0,2480.0,2.0,1.0,0.0,27.0,0.0,12.0,1041.31,1.0
1.0,2480.0,2.0,1.0,0.0,0.0,0.0,5.0,49.74,0.0
2.0,2480.0,2.0,1.0,0.0,0.0,0.0,5.0,17.93,0.0
22.0,2480.0,2.0,1.0,0.0,0.0,0.0,5.0,10.32,0.0
23.0,2480.0,2.0,1.0,0.0,0.0,0.0,5.0,36.96,0.0
24.0,2480.0,2.0,1.0,0.0,6.0,0.0,6.0,453.7,1.0
24.0,2480.0,2.0,1.0,0.0,0.0,0.0,5.0,75.91,0.0
25.0,2480.0,2.0,1.0,0.0,0.0,0.0,5.0,70.28,0.0
101.0,2480.0,2.0,1.0,0.0,0.0,0.0,5.0,9.14,0.0
102.0,2480.0,2.0,1.0,0.0,0.0,0.0,5.0,7.49,0.0
102.0,2480.0,2.0,1.0,0.0,20.0,0.0,13.0,490.65,1.0
103.0,2480.0,2.0,1.0,0.0,0.0,0.0,5.0,14.13,0.0
104.0,2480.0,2.0,1.0,0.0,0.0,0.0,5.0,20.62,0.0
1.0,2481.0,0.0,0.0,0.0,27.0,0.0,12.0,591.83,1.0
2.0,2481.0,0.0,0.0,0.0,0.0,0.0,5.0,49.76,0.0
3.0,2481.0,0.0,0.0,0.0,0.0,0.0,5.0,11.11,0.0
100.0,2481.0,0.0,0.0,0.0,1.0,0.0,5.0,32.17,0.0
101.0,2481.0,0.0,0.0,0.0,1.0,0.0,5.0,27.31,0.0
101.0,2481.0,0.0,0.0,0.0,17.0,0.0,9.0,65.28,1.0
102.0,2481.0,0.0,0.0,0.0,5.0,0.0,8.0,8.34,0.0
103.0,2481.0,0.0,0.0,0.0,1.0,0.0,5.0,23.84,0.0
22.0,2483.0,0.0,1.0,0.0,0.0,0.0,5.0,49.0,0.0
23.0,2483.0,0.0,1.0,0.0,0.0,0.0,5.0,22.2,0.0
24.0,2483.0,0.0,1.0,0.0,6.0,0.0,6.0,172.28,1.0
25.0,2483.0,0.0,1.0,0.0,0.0,0.0,5.0,13.3,0.0
26.0,2483.0,0.0,1.0,0.0,0.0,0.0,5.0,12.33,0.0
1.0,2484.0,1.0,1.0,0.0,22.0,0.0,12.0,317.62,0.0
23.0,2484.0,1.0,1.0,0.0,6.0,0.0,6.0,260.61,1.0
38.0,2484.0,1.0,1.0,0.0,20.0,0.0,13.0,129.29,0.0
43.0,2484.0,1.0,1.0,0.0,9.0,0.0,10.0,11.54,0.0
47.0,2484.0,1.0,1.0,0.0,15.0,0.0,13.0,50.9,0.0
48.0,2484.0,1.0,1.0,0.0,0.0,0.0,5.0,18.99,0.0
49.0,2484.0,1.0,1.0,0.0,22.0,0.0,12.0,636.91,1.0
50.0,2484.0,1.0,1.0,0.0,0.0,0.0,5.0,23.71,0.0
51.0,2484.0,1.0,1.0,0.0,0.0,0.0,5.0,62.04,0.0
71.0,2484.0,1.0,1.0,0.0,5.0,0.0,8.0,28.3,0.0
72.0,2484.0,1.0,1.0,0.0,1.0,0.0,5.0,24.97,0.0
73.0,2484.0,1.0,1.0,0.0,22.0,0.0,12.0,93.9,1.0
73.0,2484.0,1.0,1.0,0.0,1.0,0.0,5.0,49.33,0.0
74.0,2484.0,1.0,1.0,0.0,1.0,0.0,5.0,16.56,0.0
88.0,2484.0,1.0,1.0,0.0,1.0,0.0,5.0,23.32,0.0
89.0,2484.0,1.0,1.0,0.0,1.0,0.0,5.0,10.2,0.0
89.0,2484.0,1.0,1.0,0.0,25.0,0.0,15.0,521.97,1.0
90.0,2484.0,1.0,1.0,0.0,1.0,0.0,5.0,3.71,0.0
91.0,2484.0,1.0,1.0,0.0,5.0,0.0,8.0,32.24,0.0
8.0,2488.0,2.0,0.0,0.0,0.0,0.0,5.0,52.75,0.0
9.0,2488.0,2.0,0.0,0.0,0.0,0.0,5.0,23.65,0.0
9.0,2488.0,2.0,0.0,0.0,22.0,0.0,12.0,92.4,1.0
10.0,2488.0,2.0,0.0,0.0,0.0,0.0,5.0,16.19,0.0
11.0,2488.0,2.0,0.0,0.0,0.0,0.0,5.0,17.84,0.0
32.0,2488.0,2.0,0.0,0.0,0.0,0.0,5.0,23.34,0.0
33.0,2488.0,2.0,0.0,0.0,0.0,0.0,5.0,32.9,0.0
34.0,2488.0,2.0,0.0,0.0,35.0,0.0,18.0,2364.02,1.0
34.0,2488.0,2.0,0.0,0.0,0.0,0.0,5.0,42.18,0.0
34.0,2488.0,2.0,0.0,0.0,35.0,0.0,18.0,2113.29,1.0
35.0,2488.0,2.0,0.0,0.0,0.0,0.0,5.0,17.25,0.0
119.0,2488.0,2.0,0.0,0.0,1.0,0.0,5.0,27.79,0.0
120.0,2488.0,2.0,0.0,0.0,1.0,0.0,5.0,16.45,0.0
120.0,2488.0,2.0,0.0,0.0,6.0,0.0,6.0,585.52,1.0
121.0,2488.0,2.0,0.0,0.0,1.0,0.0,5.0,15.73,0.0
122.0,2488.0,2.0,0.0,0.0,1.0,0.0,5.0,44.28,0.0
28.0,2490.0,1.0,1.0,0.0,1.0,0.0,5.0,17.92,0.0
29.0,2490.0,1.0,1.0,0.0,1.0,0.0,5.0,21.68,0.0
30.0,2490.0,1.0,1.0,0.0,3.0,0.0,7.0,485.9,1.0
30.0,2490.0,1.0,1.0,0.0,1.0,0.0,5.0,30.07,0.0
31.0,2490.0,1.0,1.0,0.0,1.0,0.0,5.0,48.14,0.0
73.0,2490.0,1.0,1.0,0.0,1.0,0.0,5.0,2.37,0.0
74.0,2490.0,1.0,1.0,0.0,1.0,0.0,5.0,13.64,0.0
75.0,2490.0,1.0,1.0,0.0,6.0,0.0,6.0,236.81,1.0
75.0,2490.0,1.0,1.0,0.0,1.0,0.0,5.0,47.7,0.0
76.0,2490.0,1.0,1.0,0.0,1.0,0.0,5.0,29.15,0.0
52.0,2492.0,4.0,0.0,0.0,21.0,0.0,13.0,36.45,0.0
121.0,2492.0,4.0,0.0,0.0,6.0,0.0,6.0,97.05,0.0
129.0,2492.0,4.0,0.0,0.0,11.0,0.0,12.0,547.64,1.0
166.0,2492.0,4.0,0.0,0.0,18.0,0.0,9.0,182.08,0.0
173.0,2492.0,4.0,0.0,0.0,22.0,0.0,12.0,87.04,1.0
176.0,2492.0,4.0,0.0,0.0,18.0,0.0,9.0,379.11,1.0
1.0,2494.0,2.0,0.0,0.0,0.0,0.0,5.0,4.12,0.0
2.0,2494.0,2.0,0.0,0.0,0.0,0.0,5.0,33.12,0.0
3.0,2494.0,2.0,0.0,0.0,11.0,0.0,12.0,260.03,1.0
3.0,2494.0,2.0,0.0,0.0,0.0,0.0,5.0,37.96,0.0
4.0,2494.0,2.0,0.0,0.0,0.0,0.0,5.0,9.74,0.0
4.0,2494.0,2.0,0.0,0.0,20.0,0.0,13.0,158.83,1.0
5.0,2494.0,2.0,0.0,0.0,0.0,0.0,5.0,34.77,0.0
5.0,2494.0,2.0,0.0,0.0,12.0,0.0,13.0,249.8,1.0
6.0,2494.0,2.0,0.0,0.0,0.0,0.0,5.0,48.82,0.0
7.0,2494.0,2.0,0.0,0.0,0.0,0.0,5.0,12.16,0.0
8.0,2494.0,2.0,0.0,0.0,0.0,0.0,5.0,33.22,0.0
9.0,2494.0,2.0,0.0,0.0,0.0,0.0,5.0,33.68,0.0
9.0,2494.0,2.0,0.0,0.0,9.0,0.0,10.0,19.0,1.0
10.0,2494.0,2.0,0.0,0.0,0.0,0.0,5.0,34.47,0.0
11.0,2494.0,2.0,0.0,0.0,0.0,0.0,5.0,21.04,0.0
26.0,2494.0,2.0,0.0,0.0,0.0,0.0,5.0,61.17,0.0
27.0,2494.0,2.0,0.0,0.0,0.0,0.0,5.0,9.33,0.0
28.0,2494.0,2.0,0.0,0.0,13.0,0.0,14.0,166.76,1.0
28.0,2494.0,2.0,0.0,0.0,0.0,0.0,5.0,24.72,0.0
29.0,2494.0,2.0,0.0,0.0,0.0,0.0,5.0,2.5,0.0
24.0,2496.0,2.0,0.0,0.0,2.0,0.0,6.0,83.38,0.0
56.0,2496.0,2.0,0.0,0.0,25.0,0.0,15.0,144.35,0.0
71.0,2496.0,2.0,0.0,0.0,16.0,0.0,16.0,978.09,1.0
95.0,2496.0,2.0,0.0,0.0,25.0,0.0,15.0,137.86,0.0
106.0,2496.0,2.0,0.0,0.0,22.0,0.0,12.0,53.82,0.0
132.0,2496.0,2.0,0.0,0.0,12.0,0.0,13.0,87.44,0.0
132.0,2496.0,2.0,0.0,0.0,21.0,0.0,13.0,63.54,0.0
135.0,2496.0,2.0,0.0,0.0,3.0,0.0,7.0,446.37,1.0
153.0,2496.0,2.0,0.0,0.0,12.0,0.0,13.0,49.06,0.0
153.0,2496.0,2.0,0.0,0.0,21.0,0.0,13.0,44.8,0.0
24.0,2497.0,1.0,1.0,0.0,1.0,0.0,5.0,13.9,0.0
25.0,2497.0,1.0,1.0,0.0,1.0,0.0,5.0,38.06,0.0
26.0,2497.0,1.0,1.0,0.0,20.0,0.0,13.0,370.08,1.0
27.0,2497.0,1.0,1.0,0.0,1.0,0.0,5.0,53.5,0.0
28.0,2497.0,1.0,1.0,0.0,1.0,0.0,5.0,38.58,0.0
29.0,2497.0,1.0,1.0,0.0,38.0,0.0,19.0,229.75,1.0
29.0,2497.0,1.0,1.0,0.0,1.0,0.0,5.0,10.04,0.0
30.0,2497.0,1.0,1.0,0.0,14.0,0.0,15.0,82.11,0.0
59.0,2497.0,1.0,1.0,0.0,1.0,0.0,5.0,0.46,0.0
60.0,2497.0,1.0,1.0,0.0,1.0,0.0,5.0,71.17,0.0
60.0,2497.0,1.0,1.0,0.0,6.0,0.0,6.0,393.39,1.0
61.0,2497.0,1.0,1.0,0.0,1.0,0.0,5.0,7.86,0.0
62.0,2497.0,1.0,1.0,0.0,1.0,0.0,5.0,32.66,0.0
116.0,2497.0,1.0,1.0,0.0,0.0,0.0,5.0,17.69,0.0
117.0,2497.0,1.0,1.0,0.0,0.0,0.0,5.0,43.15,0.0
117.0,2497.0,1.0,1.0,0.0,22.0,0.0,12.0,33.0,1.0
118.0,2497.0,1.0,1.0,0.0,0.0,0.0,5.0,25.76,0.0
119.0,2497.0,1.0,1.0,0.0,0.0,0.0,5.0,45.53,0.0
118.0,2501.0,1.0,0.0,0.0,10.0,0.0,11.0,174.04,0.0
118.0,2501.0,1.0,0.0,0.0,47.0,0.0,11.0,79.59,0.0
119.0,2501.0,1.0,0.0,0.0,22.0,0.0,12.0,344.02,1.0
119.0,2501.0,1.0,0.0,0.0,1.0,0.0,5.0,42.67,0.0
120.0,2501.0,1.0,0.0,0.0,1.0,0.0,5.0,4.32,0.0
172.0,2501.0,1.0,0.0,0.0,1.0,0.0,5.0,49.7,0.0
173.0,2501.0,1.0,0.0,0.0,1.0,0.0,5.0,46.72,0.0
174.0,2501.0,1.0,0.0,0.0,22.0,0.0,12.0,432.52,1.0
174.0,2501.0,1.0,0.0,0.0,1.0,0.0,5.0,49.99,0.0
175.0,2501.0,1.0,0.0,0.0,1.0,0.0,5.0,6.38,0.0
76.0,2504.0,1.0,0.0,0.0,13.0,0.0,14.0,2.46,0.0
77.0,2504.0,1.0,0.0,0.0,30.0,0.0,16.0,73.75,0.0
79.0,2504.0,1.0,0.0,0.0,22.0,0.0,12.0,309.19,1.0
86.0,2504.0,1.0,0.0,0.0,7.0,0.0,6.0,75.73,0.0
122.0,2504.0,1.0,0.0,0.0,22.0,0.0,12.0,200.43,1.0
128.0,2504.0,1.0,0.0,0.0,25.0,0.0,15.0,21.7,0.0
130.0,2504.0,1.0,0.0,0.0,6.0,0.0,6.0,77.53,0.0
149.0,2504.0,1.0,0.0,0.0,6.0,0.0,6.0,124.96,0.0
149.0,2504.0,1.0,0.0,0.0,2.0,0.0,6.0,53.28,0.0
164.0,2504.0,1.0,0.0,0.0,3.0,0.0,7.0,411.22,1.0
170.0,2504.0,1.0,0.0,0.0,13.0,0.0,14.0,56.4,0.0
171.0,2504.0,1.0,0.0,0.0,0.0,0.0,5.0,30.36,0.0
1.0,2507.0,0.0,1.0,0.0,2.0,0.0,6.0,98.24,0.0
21.0,2507.0,0.0,1.0,0.0,20.0,0.0,13.0,402.13,1.0
22.0,2507.0,0.0,1.0,0.0,6.0,0.0,6.0,147.59,0.0
28.0,2507.0,0.0,1.0,0.0,6.0,0.0,6.0,367.24,1.0
61.0,2507.0,0.0,1.0,0.0,6.0,0.0,6.0,39.85,0.0
61.0,2507.0,0.0,1.0,0.0,2.0,0.0,6.0,269.75,0.0
68.0,2507.0,0.0,1.0,0.0,6.0,0.0,6.0,100.58,1.0
72.0,2507.0,0.0,1.0,0.0,11.0,0.0,12.0,16.71,0.0
82.0,2507.0,0.0,1.0,0.0,16.0,0.0,16.0,119.28,0.0
83.0,2507.0,0.0,1.0,0.0,3.0,0.0,7.0,7.45,0.0
98.0,2507.0,0.0,1.0,0.0,22.0,0.0,12.0,726.5,1.0
102.0,2507.0,0.0,1.0,0.0,14.0,0.0,15.0,70.2,0.0
103.0,2507.0,0.0,1.0,0.0,1.0,0.0,5.0,33.15,0.0
140.0,2507.0,0.0,1.0,0.0,1.0,0.0,5.0,11.03,0.0
142.0,2507.0,0.0,1.0,0.0,1.0,0.0,5.0,0.35,0.0
143.0,2507.0,0.0,1.0,0.0,2.0,0.0,6.0,475.42,1.0
143.0,2507.0,0.0,1.0,0.0,1.0,0.0,5.0,60.51,0.0
144.0,2507.0,0.0,1.0,0.0,1.0,0.0,5.0,0.06,0.0
89.0,2511.0,2.0,0.0,0.0,0.0,0.0,5.0,28.38,0.0
90.0,2511.0,2.0,0.0,0.0,0.0,0.0,5.0,5.43,0.0
91.0,2511.0,2.0,0.0,0.0,6.0,0.0,6.0,388.99,1.0
91.0,2511.0,2.0,0.0,0.0,0.0,0.0,5.0,21.82,0.0
92.0,2511.0,2.0,0.0,0.0,13.0,0.0,14.0,85.78,0.0
115.0,2511.0,2.0,0.0,0.0,0.0,0.0,5.0,41.5,0.0
116.0,2511.0,2.0,0.0,0.0,0.0,0.0,5.0,27.74,0.0
116.0,2511.0,2.0,0.0,0.0,38.0,0.0,19.0,260.38,1.0
117.0,2511.0,2.0,0.0,0.0,9.0,0.0,10.0,20.21,0.0
119.0,2511.0,2.0,0.0,0.0,0.0,0.0,5.0,47.18,0.0
148.0,2511.0,2.0,0.0,0.0,0.0,0.0,5.0,30.58,0.0
149.0,2511.0,2.0,0.0,0.0,0.0,0.0,5.0,24.38,0.0
149.0,2511.0,2.0,0.0,0.0,22.0,0.0,12.0,792.48,1.0
150.0,2511.0,2.0,0.0,0.0,0.0,0.0,5.0,16.65,0.0
151.0,2511.0,2.0,0.0,0.0,15.0,0.0,13.0,91.3,0.0
158.0,2511.0,2.0,0.0,0.0,1.0,0.0,5.0,6.78,0.0
159.0,2511.0,2.0,0.0,0.0,1.0,0.0,5.0,22.89,0.0
159.0,2511.0,2.0,0.0,0.0,6.0,0.0,6.0,399.28,1.0
160.0,2511.0,2.0,0.0,0.0,4.0,0.0,6.0,67.08,0.0
161.0,2511.0,2.0,0.0,0.0,1.0,0.0,5.0,48.6,0.0
1.0,2513.0,2.0,0.0,0.0,6.0,0.0,6.0,222.26,1.0
4.0,2513.0,2.0,0.0,0.0,7.0,0.0,6.0,13.01,0.0
1.0,2513.0,2.0,0.0,0.0,6.0,0.0,6.0,399.22,1.0
5.0,2513.0,2.0,0.0,0.0,38.0,0.0,19.0,278.32,1.0
14.0,2513.0,2.0,0.0,0.0,20.0,0.0,13.0,28.88,0.0
9.0,2513.0,2.0,0.0,0.0,22.0,0.0,12.0,597.17,1.0
19.0,2513.0,2.0,0.0,0.0,22.0,0.0,12.0,252.85,1.0
21.0,2513.0,2.0,0.0,0.0,6.0,0.0,6.0,200.21,0.0
33.0,2513.0,2.0,0.0,0.0,35.0,0.0,18.0,5448.07,1.0
67.0,2513.0,2.0,0.0,0.0,6.0,0.0,6.0,136.97,0.0
62.0,2513.0,2.0,0.0,0.0,6.0,0.0,6.0,381.64,1.0
67.0,2513.0,2.0,0.0,0.0,2.0,0.0,6.0,51.59,0.0
111.0,2513.0,2.0,0.0,0.0,1.0,0.0,5.0,57.77,0.0
112.0,2513.0,2.0,0.0,0.0,1.0,0.0,5.0,22.69,0.0
113.0,2513.0,2.0,0.0,0.0,19.0,0.0,9.0,44.22,1.0
113.0,2513.0,2.0,0.0,0.0,1.0,0.0,5.0,0.36,0.0
114.0,2513.0,2.0,0.0,0.0,1.0,0.0,5.0,51.91,0.0
161.0,2513.0,2.0,0.0,0.0,5.0,0.0,8.0,30.12,0.0
162.0,2513.0,2.0,0.0,0.0,14.0,0.0,15.0,54.33,0.0
162.0,2513.0,2.0,0.0,0.0,10.0,0.0,11.0,21.74,1.0
163.0,2513.0,2.0,0.0,0.0,1.0,0.0,5.0,52.53,0.0
164.0,2513.0,2.0,0.0,0.0,1.0,0.0,5.0,40.25,0.0
133.0,2514.0,3.0,0.0,0.0,1.0,0.0,5.0,28.68,0.0
134.0,2514.0,3.0,0.0,0.0,1.0,0.0,5.0,47.68,0.0
135.0,2514.0,3.0,0.0,0.0,6.0,0.0,6.0,469.14,1.0
135.0,2514.0,3.0,0.0,0.0,1.0,0.0,5.0,29.24,0.0
136.0,2514.0,3.0,0.0,0.0,1.0,0.0,5.0,15.83,0.0
167.0,2514.0,3.0,0.0,0.0,1.0,0.0,5.0,77.92,0.0
168.0,2514.0,3.0,0.0,0.0,1.0,0.0,5.0,9.51,0.0
169.0,2514.0,3.0,0.0,0.0,6.0,0.0,6.0,702.77,1.0
169.0,2514.0,3.0,0.0,0.0,1.0,0.0,5.0,33.25,0.0
170.0,2514.0,3.0,0.0,0.0,1.0,0.0,5.0,3.58,0.0
5.0,2515.0,2.0,0.0,0.0,0.0,0.0,5.0,26.07,0.0
6.0,2515.0,2.0,0.0,0.0,0.0,0.0,5.0,6.89,0.0
6.0,2515.0,2.0,0.0,0.0,11.0,0.0,12.0,925.66,1.0
7.0,2515.0,2.0,0.0,0.0,0.0,0.0,5.0,36.06,0.0
8.0,2515.0,2.0,0.0,0.0,0.0,0.0,5.0,52.9,0.0
32.0,2515.0,2.0,0.0,0.0,25.0,0.0,15.0,48.75,0.0
54.0,2515.0,2.0,0.0,0.0,12.0,0.0,13.0,61.73,0.0
77.0,2515.0,2.0,0.0,0.0,38.0,0.0,19.0,316.81,1.0
161.0,2515.0,2.0,0.0,0.0,12.0,0.0,13.0,11.45,0.0
152.0,2515.0,2.0,0.0,0.0,45.0,0.0,18.0,2266.75,1.0
161.0,2515.0,2.0,0.0,0.0,20.0,0.0,13.0,47.33,0.0
53.0,2516.0,0.0,0.0,0.0,12.0,0.0,13.0,1.67,0.0
53.0,2516.0,0.0,0.0,0.0,21.0,0.0,13.0,93.76,0.0
75.0,2516.0,0.0,0.0,0.0,27.0,0.0,12.0,531.88,1.0
85.0,2516.0,0.0,0.0,0.0,12.0,0.0,13.0,89.4,0.0
85.0,2516.0,0.0,0.0,0.0,21.0,0.0,13.0,7.85,0.0
137.0,2516.0,0.0,0.0,0.0,0.0,0.0,5.0,39.6,0.0
138.0,2516.0,0.0,0.0,0.0,0.0,0.0,5.0,70.3,0.0
138.0,2516.0,0.0,0.0,0.0,6.0,0.0,6.0,839.41,1.0
139.0,2516.0,0.0,0.0,0.0,0.0,0.0,5.0,24.49,0.0
140.0,2516.0,0.0,0.0,0.0,0.0,0.0,5.0,38.66,0.0
146.0,2516.0,0.0,0.0,0.0,0.0,0.0,5.0,44.9,0.0
147.0,2516.0,0.0,0.0,0.0,0.0,0.0,5.0,20.86,0.0
149.0,2516.0,0.0,0.0,0.0,19.0,0.0,9.0,298.97,1.0
149.0,2516.0,0.0,0.0,0.0,0.0,0.0,5.0,19.92,0.0
150.0,2516.0,0.0,0.0,0.0,0.0,0.0,5.0,24.18,0.0
87.0,2519.0,0.0,1.0,0.0,20.0,0.0,13.0,17.77,0.0
90.0,2519.0,0.0,1.0,0.0,6.0,0.0,6.0,105.38,0.0
128.0,2519.0,0.0,1.0,0.0,13.0,0.0,14.0,71.75,1.0
144.0,2519.0,0.0,1.0,0.0,6.0,0.0,6.0,35.48,0.0
144.0,2519.0,0.0,1.0,0.0,2.0,0.0,6.0,64.08,0.0
144.0,2519.0,0.0,1.0,0.0,3.0,0.0,7.0,168.85,1.0
156.0,2519.0,0.0,1.0,0.0,12.0,0.0,13.0,22.93,0.0
153.0,2519.0,0.0,1.0,0.0,6.0,0.0,6.0,530.96,1.0
156.0,2519.0,0.0,1.0,0.0,20.0,0.0,13.0,34.7,0.0
158.0,2519.0,0.0,1.0,0.0,12.0,0.0,13.0,35.57,1.0
166.0,2519.0,0.0,1.0,0.0,13.0,0.0,14.0,68.03,0.0
167.0,2519.0,0.0,1.0,0.0,0.0,0.0,5.0,42.73,0.0
87.0,2521.0,1.0,0.0,0.0,0.0,0.0,5.0,34.07,0.0
88.0,2521.0,1.0,0.0,0.0,0.0,0.0,5.0,17.56,0.0
88.0,2521.0,1.0,0.0,0.0,30.0,0.0,16.0,715.62,1.0
89.0,2521.0,1.0,0.0,0.0,0.0,0.0,5.0,43.74,0.0
90.0,2521.0,1.0,0.0,0.0,0.0,0.0,5.0,45.06,0.0
151.0,2521.0,1.0,0.0,0.0,0.0,0.0,5.0,17.5,0.0
152.0,2521.0,1.0,0.0,0.0,0.0,0.0,5.0,11.39,0.0
153.0,2521.0,1.0,0.0,0.0,35.0,0.0,18.0,6620.36,1.0
153.0,2521.0,1.0,0.0,0.0,0.0,0.0,5.0,18.7,0.0
154.0,2521.0,1.0,0.0,0.0,0.0,0.0,5.0,12.36,0.0
1.0,2522.0,3.0,0.0,0.0,3.0,0.0,7.0,51.91,0.0
6.0,2522.0,3.0,0.0,0.0,13.0,0.0,14.0,34.78,0.0
7.0,2522.0,3.0,0.0,0.0,35.0,0.0,18.0,4046.65,1.0
7.0,2522.0,3.0,0.0,0.0,13.0,0.0,14.0,1.85,0.0
8.0,2522.0,3.0,0.0,0.0,0.0,0.0,5.0,20.26,0.0
41.0,2522.0,3.0,0.0,0.0,0.0,0.0,5.0,5.36,0.0
42.0,2522.0,3.0,0.0,0.0,0.0,0.0,5.0,28.53,0.0
43.0,2522.0,3.0,0.0,0.0,6.0,0.0,6.0,788.44,1.0
43.0,2522.0,3.0,0.0,0.0,0.0,0.0,5.0,7.08,0.0
44.0,2522.0,3.0,0.0,0.0,0.0,0.0,5.0,31.92,0.0
88.0,2522.0,3.0,0.0,0.0,1.0,0.0,5.0,10.85,0.0
89.0,2522.0,3.0,0.0,0.0,1.0,0.0,5.0,11.02,0.0
90.0,2522.0,3.0,0.0,0.0,31.0,0.0,9.0,318.22,1.0
90.0,2522.0,3.0,0.0,0.0,1.0,0.0,5.0,51.87,0.0
91.0,2522.0,3.0,0.0,0.0,1.0,0.0,5.0,40.67,0.0
104.0,2522.0,3.0,0.0,0.0,1.0,0.0,5.0,16.91,0.0
105.0,2522.0,3.0,0.0,0.0,1.0,0.0,5.0,51.71,0.0
105.0,2522.0,3.0,0.0,0.0,10.0,0.0,11.0,310.76,1.0
106.0,2522.0,3.0,0.0,0.0,1.0,0.0,5.0,6.0,0.0
107.0,2522.0,3.0,0.0,0.0,1.0,0.0,5.0,0.57,0.0
84.0,2523.0,2.0,0.0,0.0,25.0,0.0,15.0,83.98,0.0
121.0,2523.0,2.0,0.0,0.0,6.0,0.0,6.0,141.03,0.0
139.0,2523.0,2.0,0.0,0.0,31.0,0.0,9.0,664.01,1.0
143.0,2523.0,2.0,0.0,0.0,25.0,0.0,15.0,148.73,0.0
118.0,2525.0,5.0,1.0,0.0,0.0,0.0,5.0,30.42,0.0
119.0,2525.0,5.0,1.0,0.0,0.0,0.0,5.0,5.57,0.0
119.0,2525.0,5.0,1.0,0.0,10.0,0.0,11.0,204.29,1.0
120.0,2525.0,5.0,1.0,0.0,0.0,0.0,5.0,10.47,0.0
121.0,2525.0,5.0,1.0,0.0,0.0,0.0,5.0,6.88,0.0
64.0,2528.0,0.0,1.0,0.0,12.0,0.0,13.0,89.37,0.0
64.0,2528.0,0.0,1.0,0.0,20.0,0.0,13.0,108.87,0.0
67.0,2528.0,0.0,1.0,0.0,11.0,0.0,12.0,797.74,1.0
80.0,2528.0,0.0,1.0,0.0,0.0,0.0,5.0,39.36,0.0
74.0,2528.0,0.0,1.0,0.0,22.0,0.0,12.0,837.37,1.0
81.0,2528.0,0.0,1.0,0.0,0.0,0.0,5.0,30.14,0.0
93.0,2528.0,0.0,1.0,0.0,0.0,0.0,5.0,32.04,0.0
94.0,2528.0,0.0,1.0,0.0,0.0,0.0,5.0,64.46,0.0
95.0,2528.0,0.0,1.0,0.0,6.0,0.0,6.0,416.41,1.0
95.0,2528.0,0.0,1.0,0.0,0.0,0.0,5.0,38.18,0.0
96.0,2528.0,0.0,1.0,0.0,0.0,0.0,5.0,2.58,0.0
1.0,2530.0,2.0,1.0,0.0,6.0,0.0,6.0,151.84,0.0
12.0,2530.0,2.0,1.0,0.0,6.0,0.0,6.0,312.62,1.0
13.0,2530.0,2.0,1.0,0.0,18.0,0.0,9.0,569.3,1.0
19.0,2530.0,2.0,1.0,0.0,12.0,0.0,13.0,3.41,0.0
17.0,2530.0,2.0,1.0,0.0,22.0,0.0,12.0,715.2,1.0
26.0,2530.0,2.0,1.0,0.0,3.0,0.0,7.0,24.25,0.0
41.0,2530.0,2.0,1.0,0.0,13.0,0.0,14.0,38.68,1.0
54.0,2530.0,2.0,1.0,0.0,14.0,0.0,15.0,26.93,0.0
55.0,2530.0,2.0,1.0,0.0,5.0,0.0,8.0,48.13,0.0
56.0,2530.0,2.0,1.0,0.0,1.0,0.0,5.0,48.96,0.0
57.0,2530.0,2.0,1.0,0.0,26.0,0.0,12.0,345.16,1.0
57.0,2530.0,2.0,1.0,0.0,1.0,0.0,5.0,70.72,0.0
58.0,2530.0,2.0,1.0,0.0,1.0,0.0,5.0,0.95,0.0
144.0,2530.0,2.0,1.0,0.0,0.0,0.0,5.0,23.51,0.0
145.0,2530.0,2.0,1.0,0.0,0.0,0.0,5.0,26.03,0.0
145.0,2530.0,2.0,1.0,0.0,22.0,0.0,12.0,61.45,1.0
146.0,2530.0,2.0,1.0,0.0,0.0,0.0,5.0,22.8,0.0
147.0,2530.0,2.0,1.0,0.0,0.0,0.0,5.0,10.72,0.0
161.0,2530.0,2.0,1.0,0.0,0.0,0.0,5.0,7.57,0.0
162.0,2530.0,2.0,1.0,0.0,0.0,0.0,5.0,38.01,0.0
162.0,2530.0,2.0,1.0,0.0,17.0,0.0,9.0,165.31,1.0
163.0,2530.0,2.0,1.0,0.0,9.0,0.0,10.0,5.61,0.0
164.0,2530.0,2.0,1.0,0.0,0.0,0.0,5.0,15.28,0.0
15.0,2534.0,1.0,1.0,0.0,13.0,0.0,14.0,26.53,0.0
16.0,2534.0,1.0,1.0,0.0,17.0,0.0,9.0,36.01,0.0
50.0,2534.0,1.0,1.0,0.0,18.0,0.0,9.0,541.33,1.0
100.0,2534.0,1.0,1.0,0.0,12.0,0.0,13.0,55.38,0.0
57.0,2534.0,1.0,1.0,0.0,41.0,0.0,19.0,341.13,1.0
100.0,2534.0,1.0,1.0,0.0,20.0,0.0,13.0,61.99,0.0
101.0,2534.0,1.0,1.0,0.0,22.0,0.0,12.0,208.52,1.0
110.0,2534.0,1.0,1.0,0.0,9.0,0.0,10.0,76.55,0.0
111.0,2534.0,1.0,1.0,0.0,0.0,0.0,5.0,7.78,0.0
131.0,2534.0,1.0,1.0,0.0,5.0,0.0,8.0,23.3,0.0
132.0,2534.0,1.0,1.0,0.0,1.0,0.0,5.0,16.45,0.0
133.0,2534.0,1.0,1.0,0.0,9.0,0.0,10.0,354.65,1.0
133.0,2534.0,1.0,1.0,0.0,5.0,0.0,8.0,10.16,0.0
134.0,2534.0,1.0,1.0,0.0,1.0,0.0,5.0,36.24,0.0
157.0,2548.0,0.0,0.0,0.0,0.0,0.0,5.0,11.88,0.0
158.0,2548.0,0.0,0.0,0.0,0.0,0.0,5.0,53.16,0.0
159.0,2548.0,0.0,0.0,0.0,13.0,0.0,14.0,52.78,1.0
159.0,2548.0,0.0,0.0,0.0,0.0,0.0,5.0,44.39,0.0
160.0,2548.0,0.0,0.0,0.0,0.0,0.0,5.0,18.39,0.0
170.0,2548.0,0.0,0.0,0.0,0.0,0.0,5.0,6.22,0.0
171.0,2548.0,0.0,0.0,0.0,0.0,0.0,5.0,6.02,0.0
171.0,2548.0,0.0,0.0,0.0,20.0,0.0,13.0,59.02,1.0
172.0,2548.0,0.0,0.0,0.0,0.0,0.0,5.0,13.17,0.0
173.0,2548.0,0.0,0.0,0.0,0.0,0.0,5.0,5.38,0.0
174.0,2548.0,0.0,0.0,0.0,0.0,0.0,5.0,10.88,0.0
175.0,2548.0,0.0,0.0,0.0,0.0,0.0,5.0,0.08,0.0
175.0,2548.0,0.0,0.0,0.0,13.0,0.0,14.0,151.52,1.0
176.0,2548.0,0.0,0.0,0.0,0.0,0.0,5.0,1.46,0.0
177.0,2548.0,0.0,0.0,0.0,0.0,0.0,5.0,9.63,0.0
156.0,2549.0,0.0,1.0,0.0,1.0,0.0,5.0,28.78,0.0
157.0,2549.0,0.0,1.0,0.0,1.0,0.0,5.0,4.96,0.0
157.0,2549.0,0.0,1.0,0.0,13.0,0.0,14.0,30.86,1.0
158.0,2549.0,0.0,1.0,0.0,1.0,0.0,5.0,45.9,0.0
159.0,2549.0,0.0,1.0,0.0,1.0,0.0,5.0,65.61,0.0
172.0,2549.0,0.0,1.0,0.0,1.0,0.0,5.0,0.7,0.0
173.0,2549.0,0.0,1.0,0.0,5.0,0.0,8.0,39.72,0.0
174.0,2549.0,0.0,1.0,0.0,41.0,0.0,19.0,124.49,1.0
174.0,2549.0,0.0,1.0,0.0,1.0,0.0,5.0,3.47,0.0
175.0,2549.0,0.0,1.0,0.0,1.0,0.0,5.0,60.07,0.0
43.0,2557.0,0.0,0.0,0.0,1.0,0.0,5.0,7.35,0.0
45.0,2557.0,0.0,0.0,0.0,1.0,0.0,5.0,40.83,0.0
46.0,2557.0,0.0,0.0,0.0,6.0,0.0,6.0,329.22,1.0
46.0,2557.0,0.0,0.0,0.0,1.0,0.0,5.0,18.84,0.0
47.0,2557.0,0.0,0.0,0.0,28.0,0.0,13.0,146.33,0.0
113.0,2557.0,0.0,0.0,0.0,0.0,0.0,5.0,15.27,0.0
114.0,2557.0,0.0,0.0,0.0,0.0,0.0,5.0,57.17,0.0
116.0,2557.0,0.0,0.0,0.0,45.0,0.0,18.0,4759.79,1.0
116.0,2557.0,0.0,0.0,0.0,0.0,0.0,5.0,71.53,0.0
117.0,2557.0,0.0,0.0,0.0,0.0,0.0,5.0,24.39,0.0
51.0,2558.0,3.0,1.0,0.0,0.0,0.0,5.0,9.83,0.0
52.0,2558.0,3.0,1.0,0.0,9.0,0.0,10.0,31.68,0.0
52.0,2558.0,3.0,1.0,0.0,38.0,0.0,19.0,227.34,1.0
53.0,2558.0,3.0,1.0,0.0,0.0,0.0,5.0,21.04,0.0
54.0,2558.0,3.0,1.0,0.0,0.0,0.0,5.0,29.68,0.0
72.0,2558.0,3.0,1.0,0.0,0.0,0.0,5.0,45.48,0.0
73.0,2558.0,3.0,1.0,0.0,0.0,0.0,5.0,26.36,0.0
75.0,2558.0,3.0,1.0,0.0,20.0,0.0,13.0,37.21,1.0
75.0,2558.0,3.0,1.0,0.0,0.0,0.0,5.0,41.57,0.0
77.0,2558.0,3.0,1.0,0.0,0.0,0.0,5.0,38.37,0.0
142.0,2558.0,3.0,1.0,0.0,1.0,0.0,5.0,24.05,0.0
143.0,2558.0,3.0,1.0,0.0,1.0,0.0,5.0,22.56,0.0
143.0,2558.0,3.0,1.0,0.0,22.0,0.0,12.0,723.74,1.0
144.0,2558.0,3.0,1.0,0.0,1.0,0.0,5.0,75.44,0.0
145.0,2558.0,3.0,1.0,0.0,1.0,0.0,5.0,25.36,0.0
25.0,2560.0,4.0,1.0,0.0,1.0,0.0,5.0,50.1,0.0
26.0,2560.0,4.0,1.0,0.0,1.0,0.0,5.0,9.43,0.0
26.0,2560.0,4.0,1.0,0.0,22.0,0.0,12.0,509.28,1.0
27.0,2560.0,4.0,1.0,0.0,1.0,0.0,5.0,31.38,0.0
28.0,2560.0,4.0,1.0,0.0,1.0,0.0,5.0,35.34,0.0
84.0,2560.0,4.0,1.0,0.0,1.0,0.0,5.0,20.32,0.0
85.0,2560.0,4.0,1.0,0.0,5.0,0.0,8.0,22.71,0.0
87.0,2560.0,4.0,1.0,0.0,22.0,0.0,12.0,110.91,1.0
87.0,2560.0,4.0,1.0,0.0,1.0,0.0,5.0,13.68,0.0
88.0,2560.0,4.0,1.0,0.0,1.0,0.0,5.0,37.34,0.0
102.0,2560.0,4.0,1.0,0.0,1.0,0.0,5.0,64.5,0.0
104.0,2560.0,4.0,1.0,0.0,5.0,0.0,8.0,94.19,0.0
104.0,2560.0,4.0,1.0,0.0,27.0,0.0,12.0,333.84,1.0
105.0,2560.0,4.0,1.0,0.0,1.0,0.0,5.0,6.7,0.0
106.0,2560.0,4.0,1.0,0.0,28.0,0.0,13.0,5.32,0.0
36.0,2562.0,1.0,0.0,0.0,15.0,0.0,13.0,34.79,0.0
37.0,2562.0,1.0,0.0,0.0,2.0,0.0,6.0,21.38,0.0
59.0,2562.0,1.0,0.0,0.0,35.0,0.0,18.0,3085.69,1.0
65.0,2562.0,1.0,0.0,0.0,22.0,0.0,12.0,43.76,0.0
69.0,2562.0,1.0,0.0,0.0,25.0,0.0,15.0,70.39,0.0
77.0,2562.0,1.0,0.0,0.0,11.0,0.0,12.0,142.69,0.0
84.0,2562.0,1.0,0.0,0.0,35.0,0.0,18.0,1108.23,1.0
97.0,2562.0,1.0,0.0,0.0,13.0,0.0,14.0,20.95,0.0
95.0,2562.0,1.0,0.0,0.0,22.0,0.0,12.0,917.18,1.0
98.0,2562.0,1.0,0.0,0.0,0.0,0.0,5.0,35.39,0.0
2.0,2568.0,1.0,1.0,0.0,9.0,0.0,10.0,7.02,0.0
4.0,2568.0,1.0,1.0,0.0,7.0,0.0,6.0,49.65,0.0
18.0,2568.0,1.0,1.0,0.0,20.0,0.0,13.0,67.21,1.0
22.0,2568.0,1.0,1.0,0.0,7.0,0.0,6.0,157.14,0.0
22.0,2568.0,1.0,1.0,0.0,2.0,0.0,6.0,79.83,0.0
80.0,2568.0,1.0,1.0,0.0,1.0,0.0,5.0,32.46,0.0
81.0,2568.0,1.0,1.0,0.0,1.0,0.0,5.0,25.94,0.0
82.0,2568.0,1.0,1.0,0.0,22.0,0.0,12.0,468.54,1.0
82.0,2568.0,1.0,1.0,0.0,1.0,0.0,5.0,39.13,0.0
83.0,2568.0,1.0,1.0,0.0,10.0,0.0,11.0,65.86,0.0
90.0,2568.0,1.0,1.0,0.0,1.0,0.0,5.0,41.58,0.0
91.0,2568.0,1.0,1.0,0.0,1.0,0.0,5.0,21.0,0.0
92.0,2568.0,1.0,1.0,0.0,35.0,0.0,18.0,5516.4,1.0
93.0,2568.0,1.0,1.0,0.0,1.0,0.0,5.0,12.28,0.0
94.0,2568.0,1.0,1.0,0.0,1.0,0.0,5.0,14.53,0.0
1.0,2571.0,0.0,0.0,0.0,7.0,0.0,6.0,108.6,0.0
32.0,2571.0,0.0,0.0,0.0,20.0,0.0,13.0,28.42,0.0
41.0,2571.0,0.0,0.0,0.0,6.0,0.0,6.0,270.97,1.0
47.0,2571.0,0.0,0.0,0.0,6.0,0.0,6.0,682.0,1.0
51.0,2571.0,0.0,0.0,0.0,22.0,0.0,12.0,119.79,0.0
48.0,2571.0,0.0,0.0,0.0,25.0,0.0,15.0,59.19,1.0
71.0,2571.0,0.0,0.0,0.0,6.0,0.0,6.0,394.31,1.0
79.0,2571.0,0.0,0.0,0.0,22.0,0.0,12.0,131.0,0.0
79.0,2571.0,0.0,0.0,0.0,48.0,0.0,12.0,14.54,0.0
90.0,2571.0,0.0,0.0,0.0,12.0,0.0,13.0,295.24,1.0
111.0,2571.0,0.0,0.0,0.0,7.0,0.0,6.0,49.62,0.0
99.0,2571.0,0.0,0.0,0.0,11.0,0.0,12.0,31.61,1.0
111.0,2571.0,0.0,0.0,0.0,2.0,0.0,6.0,69.71,0.0
115.0,2571.0,0.0,0.0,0.0,12.0,0.0,13.0,94.17,0.0
138.0,2571.0,0.0,0.0,0.0,6.0,0.0,6.0,219.66,0.0
162.0,2571.0,0.0,0.0,0.0,6.0,0.0,6.0,359.9,1.0
167.0,2571.0,0.0,0.0,0.0,25.0,0.0,15.0,23.83,0.0
169.0,2571.0,0.0,0.0,0.0,22.0,0.0,12.0,578.63,1.0
65.0,2572.0,2.0,0.0,0.0,13.0,0.0,14.0,73.24,0.0
66.0,2572.0,2.0,0.0,0.0,5.0,0.0,8.0,0.91,0.0
66.0,2572.0,2.0,0.0,0.0,9.0,0.0,10.0,61.96,1.0
68.0,2572.0,2.0,0.0,0.0,1.0,0.0,5.0,29.45,0.0
69.0,2572.0,2.0,0.0,0.0,1.0,0.0,5.0,9.69,0.0
142.0,2576.0,7.0,0.0,0.0,0.0,0.0,5.0,57.1,0.0
143.0,2576.0,7.0,0.0,0.0,0.0,0.0,5.0,25.95,0.0
144.0,2576.0,7.0,0.0,0.0,9.0,0.0,10.0,180.2,1.0
144.0,2576.0,7.0,0.0,0.0,0.0,0.0,5.0,48.75,0.0
145.0,2576.0,7.0,0.0,0.0,0.0,0.0,5.0,16.2,0.0
176.0,2576.0,7.0,0.0,0.0,1.0,0.0,5.0,48.72,0.0
177.0,2576.0,7.0,0.0,0.0,1.0,0.0,5.0,55.37,0.0
178.0,2576.0,7.0,0.0,0.0,20.0,0.0,13.0,416.56,1.0
178.0,2576.0,7.0,0.0,0.0,1.0,0.0,5.0,11.65,0.0
1.0,2580.0,4.0,1.0,0.0,39.0,0.0,18.0,6888.3,1.0
7.0,2580.0,4.0,1.0,0.0,25.0,0.0,15.0,50.71,0.0
19.0,2580.0,4.0,1.0,0.0,12.0,0.0,13.0,9.37,0.0
20.0,2580.0,4.0,1.0,0.0,12.0,0.0,13.0,23.67,0.0
20.0,2580.0,4.0,1.0,0.0,20.0,0.0,13.0,76.27,0.0
30.0,2580.0,4.0,1.0,0.0,41.0,0.0,19.0,419.16,1.0
31.0,2580.0,4.0,1.0,0.0,25.0,0.0,15.0,8.25,0.0
50.0,2580.0,4.0,1.0,0.0,3.0,0.0,7.0,257.73,1.0
113.0,2580.0,4.0,1.0,0.0,9.0,0.0,10.0,12.03,0.0
96.0,2580.0,4.0,1.0,0.0,20.0,0.0,13.0,47.29,1.0
114.0,2580.0,4.0,1.0,0.0,0.0,0.0,5.0,44.33,0.0
137.0,2580.0,4.0,1.0,0.0,0.0,0.0,5.0,15.57,0.0
138.0,2580.0,4.0,1.0,0.0,0.0,0.0,5.0,40.04,0.0
138.0,2580.0,4.0,1.0,0.0,22.0,0.0,12.0,34.7,1.0
139.0,2580.0,4.0,1.0,0.0,0.0,0.0,5.0,3.18,0.0
140.0,2580.0,4.0,1.0,0.0,9.0,0.0,10.0,15.97,0.0
151.0,2580.0,4.0,1.0,0.0,0.0,0.0,5.0,20.73,0.0
151.0,2580.0,4.0,1.0,0.0,1.0,0.0,5.0,8.35,0.0
152.0,2580.0,4.0,1.0,0.0,35.0,0.0,18.0,851.2,1.0
152.0,2580.0,4.0,1.0,0.0,1.0,0.0,5.0,31.43,0.0
153.0,2580.0,4.0,1.0,0.0,1.0,0.0,5.0,36.13,0.0
57.0,2582.0,4.0,0.0,0.0,9.0,0.0,10.0,60.88,0.0
58.0,2582.0,4.0,0.0,0.0,0.0,0.0,5.0,40.6,0.0
59.0,2582.0,4.0,0.0,0.0,35.0,0.0,18.0,4001.67,1.0
59.0,2582.0,4.0,0.0,0.0,0.0,0.0,5.0,24.67,0.0
60.0,2582.0,4.0,0.0,0.0,0.0,0.0,5.0,13.14,0.0
63.0,2582.0,4.0,0.0,0.0,29.0,0.0,13.0,93.66,0.0
64.0,2582.0,4.0,0.0,0.0,0.0,0.0,5.0,6.55,0.0
64.0,2582.0,4.0,0.0,0.0,6.0,0.0,6.0,148.54,1.0
65.0,2582.0,4.0,0.0,0.0,0.0,0.0,5.0,27.98,0.0
66.0,2582.0,4.0,0.0,0.0,0.0,0.0,5.0,24.81,0.0
158.0,2582.0,4.0,0.0,0.0,1.0,0.0,5.0,9.79,0.0
159.0,2582.0,4.0,0.0,0.0,1.0,0.0,5.0,5.66,0.0
159.0,2582.0,4.0,0.0,0.0,35.0,0.0,18.0,2379.53,1.0
161.0,2582.0,4.0,0.0,0.0,1.0,0.0,5.0,4.33,0.0
161.0,2582.0,4.0,0.0,0.0,17.0,0.0,9.0,476.46,1.0
162.0,2582.0,4.0,0.0,0.0,1.0,0.0,5.0,4.45,0.0
163.0,2582.0,4.0,0.0,0.0,5.0,0.0,8.0,49.69,0.0
165.0,2582.0,4.0,0.0,0.0,1.0,0.0,5.0,38.66,0.0
166.0,2582.0,4.0,0.0,0.0,1.0,0.0,5.0,43.4,0.0
166.0,2582.0,4.0,0.0,0.0,10.0,0.0,11.0,154.89,1.0
167.0,2582.0,4.0,0.0,0.0,1.0,0.0,5.0,45.9,0.0
168.0,2582.0,4.0,0.0,0.0,1.0,0.0,5.0,43.73,0.0
101.0,2585.0,1.0,0.0,0.0,0.0,0.0,5.0,26.53,0.0
102.0,2585.0,1.0,0.0,0.0,0.0,0.0,5.0,26.35,0.0
103.0,2585.0,1.0,0.0,0.0,44.0,0.0,13.0,11.6,1.0
103.0,2585.0,1.0,0.0,0.0,0.0,0.0,5.0,42.69,0.0
104.0,2585.0,1.0,0.0,0.0,0.0,0.0,5.0,28.76,0.0
120.0,2585.0,1.0,0.0,0.0,5.0,0.0,8.0,24.65,0.0
121.0,2585.0,1.0,0.0,0.0,1.0,0.0,5.0,48.3,0.0
121.0,2585.0,1.0,0.0,0.0,6.0,0.0,6.0,918.06,1.0
122.0,2585.0,1.0,0.0,0.0,1.0,0.0,5.0,12.96,0.0
123.0,2585.0,1.0,0.0,0.0,1.0,0.0,5.0,30.16,0.0
47.0,2586.0,1.0,1.0,0.0,11.0,0.0,12.0,55.53,0.0
47.0,2586.0,1.0,1.0,0.0,26.0,0.0,12.0,198.46,0.0
52.0,2586.0,1.0,1.0,0.0,19.0,0.0,9.0,570.68,1.0
55.0,2586.0,1.0,1.0,0.0,0.0,0.0,5.0,13.44,0.0
55.0,2586.0,1.0,1.0,0.0,12.0,0.0,13.0,271.43,1.0
56.0,2586.0,1.0,1.0,0.0,36.0,0.0,15.0,29.84,0.0
57.0,2586.0,1.0,1.0,0.0,0.0,0.0,5.0,22.11,0.0
62.0,2586.0,1.0,1.0,0.0,5.0,0.0,8.0,10.96,0.0
63.0,2586.0,1.0,1.0,0.0,1.0,0.0,5.0,8.23,0.0
64.0,2586.0,1.0,1.0,0.0,22.0,0.0,12.0,95.26,1.0
64.0,2586.0,1.0,1.0,0.0,1.0,0.0,5.0,51.32,0.0
65.0,2586.0,1.0,1.0,0.0,1.0,0.0,5.0,18.16,0.0
120.0,2586.0,1.0,1.0,0.0,1.0,0.0,5.0,36.7,0.0
121.0,2586.0,1.0,1.0,0.0,1.0,0.0,5.0,9.36,0.0
121.0,2586.0,1.0,1.0,0.0,8.0,0.0,9.0,145.84,1.0
122.0,2586.0,1.0,1.0,0.0,5.0,0.0,8.0,51.13,0.0
123.0,2586.0,1.0,1.0,0.0,1.0,0.0,5.0,17.28,0.0
164.0,2586.0,1.0,1.0,0.0,1.0,0.0,5.0,12.96,0.0
165.0,2586.0,1.0,1.0,0.0,1.0,0.0,5.0,23.77,0.0
166.0,2586.0,1.0,1.0,0.0,18.0,0.0,9.0,826.82,1.0
166.0,2586.0,1.0,1.0,0.0,1.0,0.0,5.0,31.33,0.0
167.0,2586.0,1.0,1.0,0.0,1.0,0.0,5.0,32.35,0.0
175.0,2586.0,1.0,1.0,0.0,1.0,0.0,5.0,8.94,0.0
176.0,2586.0,1.0,1.0,0.0,1.0,0.0,5.0,38.17,0.0
176.0,2586.0,1.0,1.0,0.0,35.0,0.0,18.0,8.73,1.0
177.0,2586.0,1.0,1.0,0.0,1.0,0.0,5.0,15.88,0.0
178.0,2586.0,1.0,1.0,0.0,1.0,0.0,5.0,38.26,0.0
1.0,2587.0,0.0,0.0,0.0,22.0,0.0,12.0,397.63,1.0
1.0,2587.0,0.0,0.0,0.0,6.0,0.0,6.0,809.46,1.0
6.0,2587.0,0.0,0.0,0.0,6.0,0.0,6.0,817.59,1.0
6.0,2587.0,0.0,0.0,0.0,6.0,0.0,6.0,614.25,1.0
7.0,2587.0,0.0,0.0,0.0,9.0,0.0,10.0,51.38,1.0
7.0,2587.0,0.0,0.0,0.0,6.0,0.0,6.0,514.2,1.0
8.0,2587.0,0.0,0.0,0.0,22.0,0.0,12.0,498.38,1.0
8.0,2587.0,0.0,0.0,0.0,22.0,0.0,12.0,396.62,1.0
8.0,2587.0,0.0,0.0,0.0,22.0,0.0,12.0,301.36,1.0
9.0,2587.0,0.0,0.0,0.0,6.0,0.0,6.0,105.64,1.0
9.0,2587.0,0.0,0.0,0.0,22.0,0.0,12.0,42.92,0.0
9.0,2587.0,0.0,0.0,0.0,22.0,0.0,12.0,19.11,1.0
10.0,2587.0,0.0,0.0,0.0,6.0,0.0,6.0,729.03,1.0
10.0,2587.0,0.0,0.0,0.0,20.0,0.0,13.0,42.77,1.0
10.0,2587.0,0.0,0.0,0.0,22.0,0.0,12.0,303.99,1.0
11.0,2587.0,0.0,0.0,0.0,22.0,0.0,12.0,379.73,1.0
11.0,2587.0,0.0,0.0,0.0,6.0,0.0,6.0,29.68,1.0
12.0,2587.0,0.0,0.0,0.0,22.0,0.0,12.0,508.13,1.0
13.0,2587.0,0.0,0.0,0.0,45.0,0.0,18.0,4909.26,1.0
13.0,2587.0,0.0,0.0,0.0,6.0,0.0,6.0,53.01,1.0
13.0,2587.0,0.0,0.0,0.0,3.0,0.0,7.0,41.08,1.0
13.0,2587.0,0.0,0.0,0.0,11.0,0.0,12.0,264.56,1.0
14.0,2587.0,0.0,0.0,0.0,10.0,0.0,11.0,995.2,1.0
16.0,2587.0,0.0,0.0,0.0,25.0,0.0,15.0,48.87,0.0
14.0,2587.0,0.0,0.0,0.0,6.0,0.0,6.0,254.7,1.0
16.0,2587.0,0.0,0.0,0.0,22.0,0.0,12.0,533.1,1.0
17.0,2587.0,0.0,0.0,0.0,6.0,0.0,6.0,29.01,1.0
17.0,2587.0,0.0,0.0,0.0,6.0,0.0,6.0,977.76,1.0
21.0,2587.0,0.0,0.0,0.0,17.0,0.0,9.0,104.32,1.0
22.0,2587.0,0.0,0.0,0.0,6.0,0.0,6.0,606.29,1.0
23.0,2587.0,0.0,0.0,0.0,20.0,0.0,13.0,399.49,1.0
23.0,2587.0,0.0,0.0,0.0,22.0,0.0,12.0,214.61,1.0
23.0,2587.0,0.0,0.0,0.0,12.0,0.0,13.0,100.95,1.0
24.0,2587.0,0.0,0.0,0.0,6.0,0.0,6.0,612.28,1.0
28.0,2587.0,0.0,0.0,0.0,3.0,0.0,7.0,284.43,1.0
32.0,2587.0,0.0,0.0,0.0,20.0,0.0,13.0,183.53,1.0
32.0,2587.0,0.0,0.0,0.0,35.0,0.0,18.0,2657.35,1.0
34.0,2587.0,0.0,0.0,0.0,6.0,0.0,6.0,354.22,1.0
34.0,2587.0,0.0,0.0,0.0,22.0,0.0,12.0,184.25,1.0
36.0,2587.0,0.0,0.0,0.0,6.0,0.0,6.0,885.57,1.0
38.0,2587.0,0.0,0.0,0.0,22.0,0.0,12.0,220.31,1.0
38.0,2587.0,0.0,0.0,0.0,22.0,0.0,12.0,552.3,1.0
40.0,2587.0,0.0,0.0,0.0,22.0,0.0,12.0,633.79,1.0
46.0,2587.0,0.0,0.0,0.0,6.0,0.0,6.0,219.51,1.0
48.0,2587.0,0.0,0.0,0.0,6.0,0.0,6.0,25.15,0.0
46.0,2587.0,0.0,0.0,0.0,6.0,0.0,6.0,59.47,1.0
51.0,2587.0,0.0,0.0,0.0,38.0,0.0,19.0,183.0,1.0
51.0,2587.0,0.0,0.0,0.0,44.0,0.0,13.0,411.14,1.0
54.0,2587.0,0.0,0.0,0.0,15.0,0.0,13.0,220.53,1.0
55.0,2587.0,0.0,0.0,0.0,6.0,0.0,6.0,245.24,1.0
58.0,2587.0,0.0,0.0,0.0,18.0,0.0,9.0,236.33,1.0
63.0,2587.0,0.0,0.0,0.0,38.0,0.0,19.0,280.58,1.0
65.0,2587.0,0.0,0.0,0.0,41.0,0.0,19.0,256.27,1.0
68.0,2587.0,0.0,0.0,0.0,16.0,0.0,16.0,352.58,1.0
74.0,2587.0,0.0,0.0,0.0,20.0,0.0,13.0,66.07,1.0
75.0,2587.0,0.0,0.0,0.0,6.0,0.0,6.0,496.77,1.0
79.0,2587.0,0.0,0.0,0.0,22.0,0.0,12.0,11.23,1.0
79.0,2587.0,0.0,0.0,0.0,26.0,0.0,12.0,505.8,1.0
80.0,2587.0,0.0,0.0,0.0,22.0,0.0,12.0,28.19,1.0
83.0,2587.0,0.0,0.0,0.0,6.0,0.0,6.0,447.92,1.0
84.0,2587.0,0.0,0.0,0.0,22.0,0.0,12.0,224.49,1.0
89.0,2587.0,0.0,0.0,0.0,3.0,0.0,7.0,135.6,1.0
94.0,2587.0,0.0,0.0,0.0,12.0,0.0,13.0,18.23,0.0
93.0,2587.0,0.0,0.0,0.0,20.0,0.0,13.0,347.24,1.0
112.0,2587.0,0.0,0.0,0.0,6.0,0.0,6.0,346.06,1.0
112.0,2587.0,0.0,0.0,0.0,22.0,0.0,12.0,43.72,1.0
112.0,2587.0,0.0,0.0,0.0,38.0,0.0,19.0,391.52,1.0
117.0,2587.0,0.0,0.0,0.0,22.0,0.0,12.0,486.33,1.0
118.0,2587.0,0.0,0.0,0.0,13.0,0.0,14.0,187.53,1.0
118.0,2587.0,0.0,0.0,0.0,3.0,0.0,7.0,363.54,1.0
121.0,2587.0,0.0,0.0,0.0,3.0,0.0,7.0,54.95,0.0
119.0,2587.0,0.0,0.0,0.0,18.0,0.0,9.0,797.79,1.0
125.0,2587.0,0.0,0.0,0.0,44.0,0.0,13.0,448.72,1.0
127.0,2587.0,0.0,0.0,0.0,12.0,0.0,13.0,43.57,0.0
126.0,2587.0,0.0,0.0,0.0,22.0,0.0,12.0,685.95,1.0
127.0,2587.0,0.0,0.0,0.0,21.0,0.0,13.0,71.76,0.0
146.0,2587.0,0.0,0.0,0.0,1.0,0.0,5.0,11.78,0.0
147.0,2587.0,0.0,0.0,0.0,1.0,0.0,5.0,38.7,0.0
148.0,2587.0,0.0,0.0,0.0,6.0,0.0,6.0,320.75,1.0
148.0,2587.0,0.0,0.0,0.0,1.0,0.0,5.0,29.62,0.0
149.0,2587.0,0.0,0.0,0.0,28.0,0.0,13.0,122.9,0.0
159.0,2587.0,0.0,0.0,0.0,0.0,0.0,5.0,25.09,0.0
160.0,2587.0,0.0,0.0,0.0,0.0,0.0,5.0,47.93,0.0
160.0,2587.0,0.0,0.0,0.0,6.0,0.0,6.0,802.78,1.0
161.0,2587.0,0.0,0.0,0.0,0.0,0.0,5.0,25.08,0.0
162.0,2587.0,0.0,0.0,0.0,0.0,0.0,5.0,20.71,0.0
165.0,2587.0,0.0,0.0,0.0,0.0,0.0,5.0,35.11,0.0
166.0,2587.0,0.0,0.0,0.0,0.0,0.0,5.0,55.15,0.0
167.0,2587.0,0.0,0.0,0.0,22.0,0.0,12.0,439.48,1.0
168.0,2587.0,0.0,0.0,0.0,0.0,0.0,5.0,5.26,0.0
169.0,2587.0,0.0,0.0,0.0,0.0,0.0,5.0,10.42,0.0
175.0,2587.0,0.0,0.0,0.0,0.0,0.0,5.0,8.42,0.0
176.0,2587.0,0.0,0.0,0.0,0.0,0.0,5.0,26.07,0.0
177.0,2587.0,0.0,0.0,0.0,22.0,0.0,12.0,624.66,1.0
177.0,2587.0,0.0,0.0,0.0,0.0,0.0,5.0,29.36,0.0
178.0,2587.0,0.0,0.0,0.0,0.0,0.0,5.0,1.84,0.0
1.0,2588.0,2.0,0.0,0.0,22.0,0.0,12.0,92.01,1.0
2.0,2588.0,2.0,0.0,0.0,22.0,0.0,12.0,1079.27,1.0
19.0,2588.0,2.0,0.0,0.0,7.0,0.0,6.0,42.0,0.0
12.0,2588.0,2.0,0.0,0.0,6.0,0.0,6.0,239.62,1.0
24.0,2588.0,2.0,0.0,0.0,20.0,0.0,13.0,48.9,0.0
34.0,2588.0,2.0,0.0,0.0,12.0,0.0,13.0,56.29,0.0
46.0,2588.0,2.0,0.0,0.0,6.0,0.0,6.0,163.54,1.0
51.0,2588.0,2.0,0.0,0.0,12.0,0.0,13.0,82.49,0.0
51.0,2588.0,2.0,0.0,0.0,20.0,0.0,13.0,86.28,0.0
51.0,2588.0,2.0,0.0,0.0,21.0,0.0,13.0,75.65,0.0
57.0,2588.0,2.0,0.0,0.0,19.0,0.0,9.0,77.74,1.0
91.0,2588.0,2.0,0.0,0.0,6.0,0.0,6.0,115.64,0.0
103.0,2588.0,2.0,0.0,0.0,11.0,0.0,12.0,2.23,0.0
112.0,2588.0,2.0,0.0,0.0,12.0,0.0,13.0,26.02,0.0
112.0,2588.0,2.0,0.0,0.0,20.0,0.0,13.0,50.7,0.0
125.0,2588.0,2.0,0.0,0.0,25.0,0.0,15.0,601.4,1.0
139.0,2588.0,2.0,0.0,0.0,12.0,0.0,13.0,126.61,0.0
139.0,2588.0,2.0,0.0,0.0,20.0,0.0,13.0,95.65,0.0
102.0,2589.0,2.0,1.0,0.0,25.0,0.0,15.0,103.99,0.0
107.0,2589.0,2.0,1.0,0.0,6.0,0.0,6.0,78.31,0.0
135.0,2589.0,2.0,1.0,0.0,22.0,0.0,12.0,469.75,1.0
140.0,2589.0,2.0,1.0,0.0,3.0,0.0,7.0,4.98,0.0
145.0,2589.0,2.0,1.0,0.0,3.0,0.0,7.0,110.51,0.0
147.0,2589.0,2.0,1.0,0.0,18.0,0.0,9.0,733.91,1.0
150.0,2589.0,2.0,1.0,0.0,3.0,0.0,7.0,80.45,0.0
152.0,2589.0,2.0,1.0,0.0,13.0,0.0,14.0,64.04,0.0
1.0,2599.0,2.0,1.0,0.0,6.0,0.0,6.0,896.93,1.0
1.0,2599.0,2.0,1.0,0.0,6.0,0.0,6.0,801.49,1.0
1.0,2599.0,2.0,1.0,0.0,6.0,0.0,6.0,167.27,1.0
3.0,2599.0,2.0,1.0,0.0,22.0,0.0,12.0,108.07,1.0
3.0,2599.0,2.0,1.0,0.0,3.0,0.0,7.0,386.21,1.0
4.0,2599.0,2.0,1.0,0.0,22.0,0.0,12.0,25.54,1.0
4.0,2599.0,2.0,1.0,0.0,22.0,0.0,12.0,193.16,1.0
6.0,2599.0,2.0,1.0,0.0,22.0,0.0,12.0,255.29,1.0
6.0,2599.0,2.0,1.0,0.0,38.0,0.0,19.0,398.85,1.0
9.0,2599.0,2.0,1.0,0.0,25.0,0.0,15.0,10.18,0.0
8.0,2599.0,2.0,1.0,0.0,6.0,0.0,6.0,274.14,1.0
14.0,2599.0,2.0,1.0,0.0,6.0,0.0,6.0,586.21,1.0
22.0,2599.0,2.0,1.0,0.0,25.0,0.0,15.0,2.04,0.0
16.0,2599.0,2.0,1.0,0.0,22.0,0.0,12.0,124.01,1.0
35.0,2599.0,2.0,1.0,0.0,22.0,0.0,12.0,207.97,1.0
36.0,2599.0,2.0,1.0,0.0,38.0,0.0,19.0,291.52,1.0
53.0,2599.0,2.0,1.0,0.0,41.0,0.0,19.0,274.99,1.0
55.0,2599.0,2.0,1.0,0.0,17.0,0.0,9.0,565.11,1.0
65.0,2599.0,2.0,1.0,0.0,6.0,0.0,6.0,45.6,0.0
62.0,2599.0,2.0,1.0,0.0,35.0,0.0,18.0,299.92,1.0
69.0,2599.0,2.0,1.0,0.0,12.0,0.0,13.0,57.61,0.0
81.0,2599.0,2.0,1.0,0.0,6.0,0.0,6.0,794.91,1.0
95.0,2599.0,2.0,1.0,0.0,6.0,0.0,6.0,55.39,0.0
90.0,2599.0,2.0,1.0,0.0,35.0,0.0,18.0,657.64,1.0
95.0,2599.0,2.0,1.0,0.0,2.0,0.0,6.0,43.3,0.0
99.0,2599.0,2.0,1.0,0.0,12.0,0.0,13.0,466.37,1.0
105.0,2599.0,2.0,1.0,0.0,6.0,0.0,6.0,77.72,0.0
105.0,2599.0,2.0,1.0,0.0,7.0,0.0,6.0,196.98,0.0
152.0,2599.0,2.0,1.0,0.0,20.0,0.0,13.0,43.78,0.0
157.0,2599.0,2.0,1.0,0.0,25.0,0.0,15.0,159.41,1.0
165.0,2599.0,2.0,1.0,0.0,6.0,0.0,6.0,115.1,0.0
165.0,2599.0,2.0,1.0,0.0,7.0,0.0,6.0,169.59,0.0
1.0,2600.0,2.0,0.0,0.0,19.0,0.0,9.0,396.36,1.0
9.0,2600.0,2.0,0.0,0.0,18.0,0.0,9.0,296.92,1.0
30.0,2600.0,2.0,0.0,0.0,9.0,0.0,10.0,23.72,0.0
19.0,2600.0,2.0,0.0,0.0,20.0,0.0,13.0,96.63,1.0
31.0,2600.0,2.0,0.0,0.0,0.0,0.0,5.0,29.6,0.0
131.0,2600.0,2.0,0.0,0.0,4.0,0.0,6.0,54.28,0.0
132.0,2600.0,2.0,0.0,0.0,1.0,0.0,5.0,5.56,0.0
133.0,2600.0,2.0,0.0,0.0,6.0,0.0,6.0,1284.7,1.0
133.0,2600.0,2.0,0.0,0.0,5.0,0.0,8.0,27.82,0.0
134.0,2600.0,2.0,0.0,0.0,5.0,0.0,8.0,5.59,0.0
1.0,2603.0,0.0,0.0,0.0,7.0,0.0,6.0,0.64,0.0
24.0,2603.0,0.0,0.0,0.0,10.0,0.0,11.0,709.16,1.0
46.0,2603.0,0.0,0.0,0.0,9.0,0.0,10.0,53.98,0.0
47.0,2603.0,0.0,0.0,0.0,0.0,0.0,5.0,37.69,0.0
54.0,2603.0,0.0,0.0,0.0,0.0,0.0,5.0,44.35,0.0
55.0,2603.0,0.0,0.0,0.0,0.0,0.0,5.0,2.93,0.0
56.0,2603.0,0.0,0.0,0.0,6.0,0.0,6.0,748.51,1.0
56.0,2603.0,0.0,0.0,0.0,15.0,0.0,13.0,18.95,0.0
57.0,2603.0,0.0,0.0,0.0,0.0,0.0,5.0,16.49,0.0
93.0,2603.0,0.0,0.0,0.0,0.0,0.0,5.0,7.78,0.0
94.0,2603.0,0.0,0.0,0.0,0.0,0.0,5.0,20.75,0.0
94.0,2603.0,0.0,0.0,0.0,35.0,0.0,18.0,4792.07,1.0
95.0,2603.0,0.0,0.0,0.0,0.0,0.0,5.0,21.03,0.0
96.0,2603.0,0.0,0.0,0.0,0.0,0.0,5.0,10.79,0.0
124.0,2603.0,0.0,0.0,0.0,0.0,0.0,5.0,48.3,0.0
125.0,2603.0,0.0,0.0,0.0,0.0,0.0,5.0,14.05,0.0
126.0,2603.0,0.0,0.0,0.0,6.0,0.0,6.0,344.67,1.0
126.0,2603.0,0.0,0.0,0.0,0.0,0.0,5.0,51.47,0.0
127.0,2603.0,0.0,0.0,0.0,0.0,0.0,5.0,4.29,0.0
165.0,2603.0,0.0,0.0,0.0,44.0,0.0,13.0,12.38,0.0
166.0,2603.0,0.0,0.0,0.0,0.0,0.0,5.0,46.35,0.0
166.0,2603.0,0.0,0.0,0.0,6.0,0.0,6.0,764.43,1.0
167.0,2603.0,0.0,0.0,0.0,0.0,0.0,5.0,56.1,0.0
168.0,2603.0,0.0,0.0,0.0,0.0,0.0,5.0,3.04,0.0
60.0,2607.0,0.0,1.0,0.0,1.0,0.0,5.0,34.45,0.0
61.0,2607.0,0.0,1.0,0.0,1.0,0.0,5.0,94.07,0.0
61.0,2607.0,0.0,1.0,0.0,35.0,0.0,18.0,4662.38,1.0
62.0,2607.0,0.0,1.0,0.0,1.0,0.0,5.0,53.74,0.0
63.0,2607.0,0.0,1.0,0.0,1.0,0.0,5.0,61.38,0.0
121.0,2607.0,0.0,1.0,0.0,1.0,0.0,5.0,21.42,0.0
122.0,2607.0,0.0,1.0,0.0,1.0,0.0,5.0,51.1,0.0
123.0,2607.0,0.0,1.0,0.0,17.0,0.0,9.0,119.69,1.0
123.0,2607.0,0.0,1.0,0.0,1.0,0.0,5.0,5.46,0.0
124.0,2607.0,0.0,1.0,0.0,1.0,0.0,5.0,27.79,0.0
131.0,2607.0,0.0,1.0,0.0,1.0,0.0,5.0,20.39,0.0
132.0,2607.0,0.0,1.0,0.0,1.0,0.0,5.0,16.01,0.0
132.0,2607.0,0.0,1.0,0.0,35.0,0.0,18.0,1558.71,1.0
133.0,2607.0,0.0,1.0,0.0,1.0,0.0,5.0,63.19,0.0
134.0,2607.0,0.0,1.0,0.0,1.0,0.0,5.0,32.97,0.0
90.0,2614.0,4.0,1.0,0.0,37.0,0.0,16.0,110.84,0.0
91.0,2614.0,4.0,1.0,0.0,26.0,0.0,12.0,170.79,0.0
128.0,2614.0,4.0,1.0,0.0,18.0,0.0,9.0,90.18,1.0
137.0,2614.0,4.0,1.0,0.0,12.0,0.0,13.0,27.4,0.0
145.0,2614.0,4.0,1.0,0.0,17.0,0.0,9.0,187.76,1.0
163.0,2614.0,4.0,1.0,0.0,6.0,0.0,6.0,223.28,0.0
172.0,2614.0,4.0,1.0,0.0,17.0,0.0,9.0,279.49,1.0
179.0,2614.0,4.0,1.0,0.0,20.0,0.0,13.0,449.73,1.0
52.0,2619.0,2.0,1.0,0.0,13.0,0.0,14.0,69.39,0.0
53.0,2619.0,2.0,1.0,0.0,0.0,0.0,5.0,11.29,0.0
54.0,2619.0,2.0,1.0,0.0,6.0,0.0,6.0,390.21,1.0
55.0,2619.0,2.0,1.0,0.0,0.0,0.0,5.0,16.97,0.0
56.0,2619.0,2.0,1.0,0.0,0.0,0.0,5.0,20.91,0.0
1.0,2620.0,1.0,1.0,0.0,3.0,0.0,7.0,91.36,0.0
20.0,2620.0,1.0,1.0,0.0,6.0,0.0,6.0,615.22,1.0
23.0,2620.0,1.0,1.0,0.0,3.0,0.0,7.0,118.3,0.0
26.0,2620.0,1.0,1.0,0.0,6.0,0.0,6.0,194.09,0.0
54.0,2620.0,1.0,1.0,0.0,20.0,0.0,13.0,212.98,1.0
73.0,2620.0,1.0,1.0,0.0,13.0,0.0,14.0,167.58,1.0
78.0,2620.0,1.0,1.0,0.0,6.0,0.0,6.0,539.87,1.0
84.0,2620.0,1.0,1.0,0.0,12.0,0.0,13.0,97.37,0.0
84.0,2620.0,1.0,1.0,0.0,12.0,0.0,13.0,480.32,1.0
87.0,2620.0,1.0,1.0,0.0,25.0,0.0,15.0,44.05,0.0
91.0,2620.0,1.0,1.0,0.0,38.0,0.0,19.0,352.15,1.0
99.0,2620.0,1.0,1.0,0.0,12.0,0.0,13.0,577.27,1.0
118.0,2620.0,1.0,1.0,0.0,6.0,0.0,6.0,210.51,1.0
130.0,2620.0,1.0,1.0,0.0,6.0,0.0,6.0,132.39,0.0
128.0,2620.0,1.0,1.0,0.0,22.0,0.0,12.0,126.51,1.0
130.0,2620.0,1.0,1.0,0.0,7.0,0.0,6.0,44.98,0.0
135.0,2620.0,1.0,1.0,0.0,7.0,0.0,6.0,32.25,0.0
135.0,2620.0,1.0,1.0,0.0,2.0,0.0,6.0,156.54,0.0
169.0,2620.0,1.0,1.0,0.0,22.0,0.0,12.0,233.01,1.0
176.0,2620.0,1.0,1.0,0.0,6.0,0.0,6.0,155.57,0.0
170.0,2620.0,1.0,1.0,0.0,6.0,0.0,6.0,24.17,1.0
176.0,2620.0,1.0,1.0,0.0,7.0,0.0,6.0,13.02,0.0
176.0,2620.0,1.0,1.0,0.0,2.0,0.0,6.0,40.62,0.0
178.0,2620.0,1.0,1.0,0.0,22.0,0.0,12.0,672.25,1.0
34.0,2623.0,4.0,1.0,0.0,9.0,0.0,10.0,23.63,0.0
35.0,2623.0,4.0,1.0,0.0,0.0,0.0,5.0,13.43,0.0
35.0,2623.0,4.0,1.0,0.0,22.0,0.0,12.0,69.77,1.0
36.0,2623.0,4.0,1.0,0.0,0.0,0.0,5.0,3.36,0.0
37.0,2623.0,4.0,1.0,0.0,0.0,0.0,5.0,26.98,0.0
46.0,2623.0,4.0,1.0,0.0,0.0,0.0,5.0,28.11,0.0
47.0,2623.0,4.0,1.0,0.0,0.0,0.0,5.0,1.47,0.0
47.0,2623.0,4.0,1.0,0.0,22.0,0.0,12.0,116.76,1.0
48.0,2623.0,4.0,1.0,0.0,0.0,0.0,5.0,6.02,0.0
49.0,2623.0,4.0,1.0,0.0,0.0,0.0,5.0,9.28,0.0
77.0,2623.0,4.0,1.0,0.0,0.0,0.0,5.0,17.29,0.0
78.0,2623.0,4.0,1.0,0.0,0.0,0.0,5.0,26.94,0.0
79.0,2623.0,4.0,1.0,0.0,20.0,0.0,13.0,328.03,1.0
79.0,2623.0,4.0,1.0,0.0,0.0,0.0,5.0,11.46,0.0
80.0,2623.0,4.0,1.0,0.0,0.0,0.0,5.0,33.09,0.0
1.0,2636.0,1.0,1.0,0.0,25.0,0.0,15.0,36.64,0.0
4.0,2636.0,1.0,1.0,0.0,13.0,0.0,14.0,57.72,1.0
6.0,2636.0,1.0,1.0,0.0,6.0,0.0,6.0,174.74,0.0
10.0,2636.0,1.0,1.0,0.0,30.0,0.0,16.0,242.5,1.0
23.0,2636.0,1.0,1.0,0.0,12.0,0.0,13.0,35.0,0.0
32.0,2636.0,1.0,1.0,0.0,22.0,0.0,12.0,122.01,1.0
92.0,2636.0,1.0,1.0,0.0,13.0,0.0,14.0,7.8,0.0
43.0,2636.0,1.0,1.0,0.0,10.0,0.0,11.0,124.75,1.0
93.0,2636.0,1.0,1.0,0.0,0.0,0.0,5.0,28.21,0.0
94.0,2636.0,1.0,1.0,0.0,0.0,0.0,5.0,8.09,0.0
94.0,2636.0,1.0,1.0,0.0,31.0,0.0,9.0,298.63,1.0
95.0,2636.0,1.0,1.0,0.0,0.0,0.0,5.0,8.27,0.0
96.0,2636.0,1.0,1.0,0.0,0.0,0.0,5.0,44.49,0.0
85.0,2638.0,4.0,1.0,0.0,0.0,0.0,5.0,0.03,0.0
86.0,2638.0,4.0,1.0,0.0,0.0,0.0,5.0,47.55,0.0
86.0,2638.0,4.0,1.0,0.0,6.0,0.0,6.0,163.24,1.0
87.0,2638.0,4.0,1.0,0.0,0.0,0.0,5.0,61.05,0.0
88.0,2638.0,4.0,1.0,0.0,13.0,0.0,14.0,58.31,0.0
96.0,2638.0,4.0,1.0,0.0,0.0,0.0,5.0,29.23,0.0
97.0,2638.0,4.0,1.0,0.0,0.0,0.0,5.0,29.92,0.0
97.0,2638.0,4.0,1.0,0.0,6.0,0.0,6.0,992.03,1.0
98.0,2638.0,4.0,1.0,0.0,0.0,0.0,5.0,26.17,0.0
99.0,2638.0,4.0,1.0,0.0,22.0,0.0,12.0,350.71,1.0
99.0,2638.0,4.0,1.0,0.0,0.0,0.0,5.0,1.15,0.0
101.0,2638.0,4.0,1.0,0.0,9.0,0.0,10.0,7.61,0.0
52.0,2639.0,4.0,1.0,0.0,25.0,0.0,15.0,21.27,0.0
59.0,2639.0,4.0,1.0,0.0,22.0,0.0,12.0,52.86,0.0
115.0,2639.0,4.0,1.0,0.0,48.0,0.0,12.0,690.76,1.0
148.0,2639.0,4.0,1.0,0.0,7.0,0.0,6.0,64.46,0.0
151.0,2639.0,4.0,1.0,0.0,12.0,0.0,13.0,99.5,1.0
159.0,2639.0,4.0,1.0,0.0,20.0,0.0,13.0,20.81,1.0
169.0,2639.0,4.0,1.0,0.0,7.0,0.0,6.0,46.46,0.0
162.0,2639.0,4.0,1.0,0.0,22.0,0.0,12.0,249.39,1.0
169.0,2639.0,4.0,1.0,0.0,2.0,0.0,6.0,90.11,0.0
129.0,2641.0,1.0,1.0,0.0,1.0,0.0,5.0,56.59,0.0
130.0,2641.0,1.0,1.0,0.0,1.0,0.0,5.0,29.75,0.0
130.0,2641.0,1.0,1.0,0.0,6.0,0.0,6.0,403.82,1.0
131.0,2641.0,1.0,1.0,0.0,1.0,0.0,5.0,3.91,0.0
132.0,2641.0,1.0,1.0,0.0,1.0,0.0,5.0,12.03,0.0
101.0,2643.0,2.0,0.0,0.0,1.0,0.0,5.0,36.85,0.0
102.0,2643.0,2.0,0.0,0.0,1.0,0.0,5.0,37.45,0.0
102.0,2643.0,2.0,0.0,0.0,11.0,0.0,12.0,650.02,1.0
103.0,2643.0,2.0,0.0,0.0,1.0,0.0,5.0,18.06,0.0
104.0,2643.0,2.0,0.0,0.0,1.0,0.0,5.0,4.38,0.0
110.0,2643.0,2.0,0.0,0.0,1.0,0.0,5.0,47.09,0.0
111.0,2643.0,2.0,0.0,0.0,4.0,0.0,6.0,7.38,0.0
111.0,2643.0,2.0,0.0,0.0,22.0,0.0,12.0,209.17,1.0
112.0,2643.0,2.0,0.0,0.0,1.0,0.0,5.0,16.66,0.0
113.0,2643.0,2.0,0.0,0.0,1.0,0.0,5.0,48.08,0.0
142.0,2643.0,2.0,0.0,0.0,1.0,0.0,5.0,15.11,0.0
143.0,2643.0,2.0,0.0,0.0,1.0,0.0,5.0,17.48,0.0
144.0,2643.0,2.0,0.0,0.0,6.0,0.0,6.0,600.14,1.0
144.0,2643.0,2.0,0.0,0.0,1.0,0.0,5.0,32.89,0.0
145.0,2643.0,2.0,0.0,0.0,1.0,0.0,5.0,21.9,0.0
1.0,2644.0,1.0,1.0,0.0,0.0,0.0,5.0,31.95,0.0
2.0,2644.0,1.0,1.0,0.0,21.0,0.0,13.0,243.05,1.0
2.0,2644.0,1.0,1.0,0.0,0.0,0.0,5.0,28.86,0.0
4.0,2644.0,1.0,1.0,0.0,0.0,0.0,5.0,24.69,0.0
115.0,2644.0,1.0,1.0,0.0,1.0,0.0,5.0,20.13,0.0
116.0,2644.0,1.0,1.0,0.0,28.0,0.0,13.0,49.05,0.0
117.0,2644.0,1.0,1.0,0.0,22.0,0.0,12.0,255.61,1.0
117.0,2644.0,1.0,1.0,0.0,4.0,0.0,6.0,126.17,0.0
117.0,2644.0,1.0,1.0,0.0,42.0,0.0,6.0,150.65,0.0
92.0,2647.0,2.0,0.0,0.0,0.0,0.0,5.0,32.58,0.0
93.0,2647.0,2.0,0.0,0.0,13.0,0.0,14.0,1.6,0.0
94.0,2647.0,2.0,0.0,0.0,6.0,0.0,6.0,263.2,1.0
94.0,2647.0,2.0,0.0,0.0,0.0,0.0,5.0,64.97,0.0
95.0,2647.0,2.0,0.0,0.0,0.0,0.0,5.0,15.51,0.0
137.0,2653.0,4.0,1.0,0.0,0.0,0.0,5.0,22.64,0.0
138.0,2653.0,4.0,1.0,0.0,13.0,0.0,14.0,143.08,0.0
139.0,2653.0,4.0,1.0,0.0,22.0,0.0,12.0,184.9,1.0
139.0,2653.0,4.0,1.0,0.0,0.0,0.0,5.0,68.37,0.0
140.0,2653.0,4.0,1.0,0.0,0.0,0.0,5.0,16.79,0.0
1.0,2658.0,2.0,1.0,0.0,26.0,0.0,12.0,195.37,1.0
2.0,2658.0,2.0,1.0,0.0,12.0,0.0,13.0,72.08,0.0
11.0,2658.0,2.0,1.0,0.0,31.0,0.0,9.0,187.29,1.0
12.0,2658.0,2.0,1.0,0.0,27.0,0.0,12.0,615.91,1.0
48.0,2658.0,2.0,1.0,0.0,12.0,0.0,13.0,21.48,0.0
25.0,2658.0,2.0,1.0,0.0,22.0,0.0,12.0,549.15,1.0
48.0,2658.0,2.0,1.0,0.0,20.0,0.0,13.0,39.85,0.0
82.0,2658.0,2.0,1.0,0.0,1.0,0.0,5.0,66.89,0.0
83.0,2658.0,2.0,1.0,0.0,1.0,0.0,5.0,6.08,0.0
83.0,2658.0,2.0,1.0,0.0,6.0,0.0,6.0,263.72,1.0
84.0,2658.0,2.0,1.0,0.0,1.0,0.0,5.0,0.49,0.0
85.0,2658.0,2.0,1.0,0.0,1.0,0.0,5.0,14.3,0.0
1.0,2661.0,0.0,1.0,0.0,38.0,0.0,19.0,326.34,1.0
1.0,2661.0,0.0,1.0,0.0,38.0,0.0,19.0,307.06,1.0
3.0,2661.0,0.0,1.0,0.0,9.0,0.0,10.0,66.54,0.0
2.0,2661.0,0.0,1.0,0.0,22.0,0.0,12.0,546.26,1.0
4.0,2661.0,0.0,1.0,0.0,0.0,0.0,5.0,23.49,0.0
7.0,2661.0,0.0,1.0,0.0,0.0,0.0,5.0,16.16,0.0
8.0,2661.0,0.0,1.0,0.0,0.0,0.0,5.0,43.76,0.0
8.0,2661.0,0.0,1.0,0.0,38.0,0.0,19.0,319.73,1.0
9.0,2661.0,0.0,1.0,0.0,0.0,0.0,5.0,19.29,0.0
10.0,2661.0,0.0,1.0,0.0,9.0,0.0,10.0,7.26,0.0
33.0,2661.0,0.0,1.0,0.0,0.0,0.0,5.0,5.03,0.0
34.0,2661.0,0.0,1.0,0.0,0.0,0.0,5.0,34.57,0.0
35.0,2661.0,0.0,1.0,0.0,22.0,0.0,12.0,105.58,1.0
35.0,2661.0,0.0,1.0,0.0,0.0,0.0,5.0,7.76,0.0
36.0,2661.0,0.0,1.0,0.0,0.0,0.0,5.0,29.24,0.0
62.0,2661.0,0.0,1.0,0.0,0.0,0.0,5.0,35.58,0.0
63.0,2661.0,0.0,1.0,0.0,0.0,0.0,5.0,27.08,0.0
64.0,2661.0,0.0,1.0,0.0,6.0,0.0,6.0,296.43,1.0
64.0,2661.0,0.0,1.0,0.0,0.0,0.0,5.0,5.26,0.0
65.0,2661.0,0.0,1.0,0.0,15.0,0.0,13.0,58.52,0.0
99.0,2666.0,2.0,0.0,0.0,1.0,0.0,5.0,92.98,0.0
100.0,2666.0,2.0,0.0,0.0,1.0,0.0,5.0,12.72,0.0
100.0,2666.0,2.0,0.0,0.0,10.0,0.0,11.0,733.09,1.0
102.0,2666.0,2.0,0.0,0.0,1.0,0.0,5.0,5.81,0.0
103.0,2666.0,2.0,0.0,0.0,1.0,0.0,5.0,49.21,0.0
123.0,2666.0,2.0,0.0,0.0,1.0,0.0,5.0,5.35,0.0
124.0,2666.0,2.0,0.0,0.0,1.0,0.0,5.0,8.63,0.0
124.0,2666.0,2.0,0.0,0.0,38.0,0.0,19.0,397.43,1.0
125.0,2666.0,2.0,0.0,0.0,1.0,0.0,5.0,5.26,0.0
126.0,2666.0,2.0,0.0,0.0,1.0,0.0,5.0,27.79,0.0
51.0,2667.0,1.0,0.0,0.0,22.0,0.0,12.0,53.92,0.0
51.0,2667.0,1.0,0.0,0.0,48.0,0.0,12.0,185.14,0.0
86.0,2667.0,1.0,0.0,0.0,22.0,0.0,12.0,264.46,1.0
107.0,2667.0,1.0,0.0,0.0,30.0,0.0,16.0,215.39,0.0
96.0,2667.0,1.0,0.0,0.0,20.0,0.0,13.0,115.99,1.0
108.0,2667.0,1.0,0.0,0.0,22.0,0.0,12.0,187.78,0.0
130.0,2667.0,1.0,0.0,0.0,3.0,0.0,7.0,7.0,0.0
131.0,2667.0,1.0,0.0,0.0,6.0,0.0,6.0,120.15,0.0
133.0,2667.0,1.0,0.0,0.0,30.0,0.0,16.0,198.1,1.0
138.0,2667.0,1.0,0.0,0.0,3.0,0.0,7.0,22.06,0.0
140.0,2667.0,1.0,0.0,0.0,12.0,0.0,13.0,103.74,0.0
142.0,2667.0,1.0,0.0,0.0,31.0,0.0,9.0,407.85,1.0
146.0,2667.0,1.0,0.0,0.0,12.0,0.0,13.0,54.14,0.0
146.0,2667.0,1.0,0.0,0.0,20.0,0.0,13.0,79.61,0.0
91.0,2669.0,3.0,1.0,0.0,0.0,0.0,5.0,17.18,0.0
92.0,2669.0,3.0,1.0,0.0,0.0,0.0,5.0,38.75,0.0
93.0,2669.0,3.0,1.0,0.0,17.0,0.0,9.0,235.72,1.0
93.0,2669.0,3.0,1.0,0.0,0.0,0.0,5.0,23.38,0.0
94.0,2669.0,3.0,1.0,0.0,0.0,0.0,5.0,55.08,0.0
1.0,2670.0,1.0,1.0,0.0,16.0,0.0,16.0,646.92,1.0
12.0,2670.0,1.0,1.0,0.0,13.0,0.0,14.0,97.91,0.0
13.0,2670.0,1.0,1.0,0.0,0.0,0.0,5.0,10.59,0.0
19.0,2670.0,1.0,1.0,0.0,0.0,0.0,5.0,7.39,0.0
20.0,2670.0,1.0,1.0,0.0,0.0,0.0,5.0,13.82,0.0
21.0,2670.0,1.0,1.0,0.0,16.0,0.0,16.0,267.16,1.0
21.0,2670.0,1.0,1.0,0.0,0.0,0.0,5.0,43.02,0.0
22.0,2670.0,1.0,1.0,0.0,9.0,0.0,10.0,48.89,0.0
110.0,2670.0,1.0,1.0,0.0,1.0,0.0,5.0,10.74,0.0
111.0,2670.0,1.0,1.0,0.0,1.0,0.0,5.0,21.67,0.0
111.0,2670.0,1.0,1.0,0.0,16.0,0.0,16.0,835.45,1.0
113.0,2670.0,1.0,1.0,0.0,1.0,0.0,5.0,24.04,0.0
115.0,2670.0,1.0,1.0,0.0,1.0,0.0,5.0,10.64,0.0
118.0,2670.0,1.0,1.0,0.0,1.0,0.0,5.0,29.49,0.0
119.0,2670.0,1.0,1.0,0.0,1.0,0.0,5.0,21.25,0.0
120.0,2670.0,1.0,1.0,0.0,6.0,0.0,6.0,787.14,1.0
120.0,2670.0,1.0,1.0,0.0,1.0,0.0,5.0,49.49,0.0
121.0,2670.0,1.0,1.0,0.0,1.0,0.0,5.0,49.53,0.0
123.0,2670.0,1.0,1.0,0.0,1.0,0.0,5.0,80.96,0.0
124.0,2670.0,1.0,1.0,0.0,1.0,0.0,5.0,24.44,0.0
125.0,2670.0,1.0,1.0,0.0,22.0,0.0,12.0,526.22,1.0
125.0,2670.0,1.0,1.0,0.0,1.0,0.0,5.0,28.64,0.0
126.0,2670.0,1.0,1.0,0.0,5.0,0.0,8.0,27.72,0.0
141.0,2670.0,1.0,1.0,0.0,1.0,0.0,5.0,41.45,0.0
142.0,2670.0,1.0,1.0,0.0,1.0,0.0,5.0,36.86,0.0
143.0,2670.0,1.0,1.0,0.0,6.0,0.0,6.0,31.9,1.0
143.0,2670.0,1.0,1.0,0.0,1.0,0.0,5.0,50.28,0.0
144.0,2670.0,1.0,1.0,0.0,1.0,0.0,5.0,18.17,0.0
115.0,2672.0,1.0,0.0,0.0,1.0,0.0,5.0,13.27,0.0
116.0,2672.0,1.0,0.0,0.0,1.0,0.0,5.0,33.13,0.0
117.0,2672.0,1.0,0.0,0.0,41.0,0.0,19.0,153.37,1.0
117.0,2672.0,1.0,0.0,0.0,1.0,0.0,5.0,18.53,0.0
118.0,2672.0,1.0,0.0,0.0,1.0,0.0,5.0,46.75,0.0
29.0,2673.0,2.0,1.0,0.0,1.0,0.0,5.0,48.65,0.0
30.0,2673.0,2.0,1.0,0.0,1.0,0.0,5.0,44.35,0.0
31.0,2673.0,2.0,1.0,0.0,13.0,0.0,14.0,17.51,1.0
31.0,2673.0,2.0,1.0,0.0,1.0,0.0,5.0,3.58,0.0
32.0,2673.0,2.0,1.0,0.0,1.0,0.0,5.0,27.24,0.0
55.0,2673.0,2.0,1.0,0.0,1.0,0.0,5.0,9.4,0.0
56.0,2673.0,2.0,1.0,0.0,1.0,0.0,5.0,19.04,0.0
57.0,2673.0,2.0,1.0,0.0,7.0,0.0,6.0,453.4,1.0
58.0,2673.0,2.0,1.0,0.0,1.0,0.0,5.0,49.75,0.0
59.0,2673.0,2.0,1.0,0.0,1.0,0.0,5.0,29.17,0.0
82.0,2673.0,2.0,1.0,0.0,1.0,0.0,5.0,12.45,0.0
83.0,2673.0,2.0,1.0,0.0,1.0,0.0,5.0,2.14,0.0
83.0,2673.0,2.0,1.0,0.0,6.0,0.0,6.0,108.22,1.0
84.0,2673.0,2.0,1.0,0.0,1.0,0.0,5.0,11.79,0.0
85.0,2673.0,2.0,1.0,0.0,1.0,0.0,5.0,30.96,0.0
116.0,2673.0,2.0,1.0,0.0,1.0,0.0,5.0,8.73,0.0
117.0,2673.0,2.0,1.0,0.0,1.0,0.0,5.0,16.81,0.0
118.0,2673.0,2.0,1.0,0.0,25.0,0.0,15.0,625.81,1.0
118.0,2673.0,2.0,1.0,0.0,14.0,0.0,15.0,92.31,0.0
119.0,2673.0,2.0,1.0,0.0,1.0,0.0,5.0,16.14,0.0
24.0,2678.0,2.0,0.0,0.0,18.0,0.0,9.0,78.89,0.0
36.0,2678.0,2.0,0.0,0.0,6.0,0.0,6.0,130.85,0.0
51.0,2678.0,2.0,0.0,0.0,38.0,0.0,19.0,232.13,1.0
53.0,2678.0,2.0,0.0,0.0,12.0,0.0,13.0,23.4,0.0
53.0,2678.0,2.0,0.0,0.0,20.0,0.0,13.0,68.98,0.0
101.0,2678.0,2.0,0.0,0.0,1.0,0.0,5.0,3.09,0.0
102.0,2678.0,2.0,0.0,0.0,1.0,0.0,5.0,0.71,0.0
103.0,2678.0,2.0,0.0,0.0,11.0,0.0,12.0,579.6,1.0
105.0,2678.0,2.0,0.0,0.0,1.0,0.0,5.0,36.91,0.0
106.0,2678.0,2.0,0.0,0.0,6.0,0.0,6.0,656.13,1.0
106.0,2678.0,2.0,0.0,0.0,1.0,0.0,5.0,36.9,0.0
107.0,2678.0,2.0,0.0,0.0,1.0,0.0,5.0,18.01,0.0
146.0,2678.0,2.0,0.0,0.0,1.0,0.0,5.0,23.28,0.0
147.0,2678.0,2.0,0.0,0.0,5.0,0.0,8.0,75.07,0.0
148.0,2678.0,2.0,0.0,0.0,12.0,0.0,13.0,279.12,1.0
148.0,2678.0,2.0,0.0,0.0,1.0,0.0,5.0,33.16,0.0
149.0,2678.0,2.0,0.0,0.0,1.0,0.0,5.0,35.82,0.0
23.0,2679.0,2.0,0.0,0.0,12.0,0.0,13.0,121.79,0.0
23.0,2679.0,2.0,0.0,0.0,21.0,0.0,13.0,57.21,0.0
27.0,2679.0,2.0,0.0,0.0,35.0,0.0,18.0,4161.11,1.0
27.0,2679.0,2.0,0.0,0.0,18.0,0.0,9.0,112.05,0.0
44.0,2679.0,2.0,0.0,0.0,3.0,0.0,7.0,39.54,1.0
50.0,2679.0,2.0,0.0,0.0,13.0,0.0,14.0,17.72,0.0
46.0,2679.0,2.0,0.0,0.0,22.0,0.0,12.0,532.27,1.0
51.0,2679.0,2.0,0.0,0.0,0.0,0.0,5.0,1.2,0.0
55.0,2679.0,2.0,0.0,0.0,0.0,0.0,5.0,26.22,0.0
56.0,2679.0,2.0,0.0,0.0,0.0,0.0,5.0,29.51,0.0
57.0,2679.0,2.0,0.0,0.0,41.0,0.0,19.0,305.89,1.0
57.0,2679.0,2.0,0.0,0.0,0.0,0.0,5.0,5.72,0.0
58.0,2679.0,2.0,0.0,0.0,22.0,0.0,12.0,450.11,1.0
58.0,2679.0,2.0,0.0,0.0,0.0,0.0,5.0,20.94,0.0
59.0,2679.0,2.0,0.0,0.0,0.0,0.0,5.0,32.88,0.0
74.0,2679.0,2.0,0.0,0.0,0.0,0.0,5.0,6.26,0.0
75.0,2679.0,2.0,0.0,0.0,0.0,0.0,5.0,45.36,0.0
75.0,2679.0,2.0,0.0,0.0,10.0,0.0,11.0,778.84,1.0
76.0,2679.0,2.0,0.0,0.0,0.0,0.0,5.0,5.25,0.0
77.0,2679.0,2.0,0.0,0.0,0.0,0.0,5.0,18.31,0.0
84.0,2679.0,2.0,0.0,0.0,0.0,0.0,5.0,10.64,0.0
85.0,2679.0,2.0,0.0,0.0,0.0,0.0,5.0,15.25,0.0
87.0,2679.0,2.0,0.0,0.0,11.0,0.0,12.0,391.43,1.0
87.0,2679.0,2.0,0.0,0.0,0.0,0.0,5.0,52.73,0.0
88.0,2679.0,2.0,0.0,0.0,0.0,0.0,5.0,22.22,0.0
116.0,2679.0,2.0,0.0,0.0,0.0,0.0,5.0,39.82,0.0
117.0,2679.0,2.0,0.0,0.0,9.0,0.0,10.0,31.57,0.0
117.0,2679.0,2.0,0.0,0.0,3.0,0.0,7.0,479.75,1.0
118.0,2679.0,2.0,0.0,0.0,0.0,0.0,5.0,47.73,0.0
119.0,2679.0,2.0,0.0,0.0,0.0,0.0,5.0,35.27,0.0
163.0,2679.0,2.0,0.0,0.0,1.0,0.0,5.0,47.34,0.0
164.0,2679.0,2.0,0.0,0.0,1.0,0.0,5.0,14.32,0.0
165.0,2679.0,2.0,0.0,0.0,22.0,0.0,12.0,167.62,1.0
165.0,2679.0,2.0,0.0,0.0,5.0,0.0,8.0,4.77,0.0
166.0,2679.0,2.0,0.0,0.0,1.0,0.0,5.0,0.04,0.0
167.0,2679.0,2.0,0.0,0.0,1.0,0.0,5.0,4.72,0.0
168.0,2679.0,2.0,0.0,0.0,1.0,0.0,5.0,21.25,0.0
169.0,2679.0,2.0,0.0,0.0,12.0,0.0,13.0,46.73,1.0
169.0,2679.0,2.0,0.0,0.0,1.0,0.0,5.0,21.15,0.0
170.0,2679.0,2.0,0.0,0.0,1.0,0.0,5.0,33.92,0.0
173.0,2679.0,2.0,0.0,0.0,1.0,0.0,5.0,21.14,0.0
174.0,2679.0,2.0,0.0,0.0,1.0,0.0,5.0,13.54,0.0
175.0,2679.0,2.0,0.0,0.0,13.0,0.0,14.0,130.98,1.0
175.0,2679.0,2.0,0.0,0.0,1.0,0.0,5.0,11.44,0.0
177.0,2679.0,2.0,0.0,0.0,1.0,0.0,5.0,53.22,0.0
173.0,2688.0,1.0,0.0,0.0,0.0,0.0,5.0,32.7,0.0
174.0,2688.0,1.0,0.0,0.0,0.0,0.0,5.0,43.44,0.0
175.0,2688.0,1.0,0.0,0.0,12.0,0.0,13.0,340.05,1.0
176.0,2688.0,1.0,0.0,0.0,0.0,0.0,5.0,39.02,0.0
178.0,2688.0,1.0,0.0,0.0,0.0,0.0,5.0,48.56,0.0
14.0,2689.0,1.0,0.0,0.0,20.0,0.0,13.0,42.47,0.0
25.0,2689.0,1.0,0.0,0.0,9.0,0.0,10.0,6.18,0.0
26.0,2689.0,1.0,0.0,0.0,38.0,0.0,19.0,419.78,1.0
26.0,2689.0,1.0,0.0,0.0,0.0,0.0,5.0,47.7,0.0
27.0,2689.0,1.0,0.0,0.0,0.0,0.0,5.0,1.55,0.0
156.0,2689.0,1.0,0.0,0.0,5.0,0.0,8.0,4.86,0.0
157.0,2689.0,1.0,0.0,0.0,4.0,0.0,6.0,89.04,0.0
158.0,2689.0,1.0,0.0,0.0,35.0,0.0,18.0,8329.96,1.0
158.0,2689.0,1.0,0.0,0.0,14.0,0.0,15.0,129.63,0.0
158.0,2689.0,1.0,0.0,0.0,36.0,0.0,15.0,71.18,0.0
160.0,2693.0,4.0,1.0,0.0,22.0,0.0,12.0,204.5,0.0
160.0,2693.0,4.0,1.0,0.0,48.0,0.0,12.0,34.49,0.0
165.0,2693.0,4.0,1.0,0.0,17.0,0.0,9.0,613.77,1.0
170.0,2693.0,4.0,1.0,0.0,22.0,0.0,12.0,404.01,1.0
176.0,2693.0,4.0,1.0,0.0,30.0,0.0,16.0,122.78,1.0
93.0,2695.0,2.0,1.0,0.0,1.0,0.0,5.0,61.97,0.0
95.0,2695.0,2.0,1.0,0.0,1.0,0.0,5.0,5.79,0.0
95.0,2695.0,2.0,1.0,0.0,27.0,0.0,12.0,719.93,1.0
96.0,2695.0,2.0,1.0,0.0,1.0,0.0,5.0,6.86,0.0
97.0,2695.0,2.0,1.0,0.0,1.0,0.0,5.0,42.52,0.0
1.0,2699.0,1.0,1.0,0.0,41.0,0.0,19.0,349.85,1.0
25.0,2699.0,1.0,1.0,0.0,9.0,0.0,10.0,4.87,0.0
2.0,2699.0,1.0,1.0,0.0,6.0,0.0,6.0,143.1,1.0
26.0,2699.0,1.0,1.0,0.0,35.0,0.0,18.0,4458.66,1.0
26.0,2699.0,1.0,1.0,0.0,0.0,0.0,5.0,14.73,0.0
27.0,2699.0,1.0,1.0,0.0,9.0,0.0,10.0,34.69,0.0
54.0,2699.0,1.0,1.0,0.0,0.0,0.0,5.0,14.68,0.0
55.0,2699.0,1.0,1.0,0.0,9.0,0.0,10.0,82.85,0.0
55.0,2699.0,1.0,1.0,0.0,6.0,0.0,6.0,5.71,1.0
56.0,2699.0,1.0,1.0,0.0,0.0,0.0,5.0,26.03,0.0
57.0,2699.0,1.0,1.0,0.0,0.0,0.0,5.0,31.04,0.0
83.0,2699.0,1.0,1.0,0.0,0.0,0.0,5.0,10.07,0.0
84.0,2699.0,1.0,1.0,0.0,0.0,0.0,5.0,13.8,0.0
86.0,2699.0,1.0,1.0,0.0,17.0,0.0,9.0,492.25,1.0
86.0,2699.0,1.0,1.0,0.0,0.0,0.0,5.0,48.78,0.0
87.0,2699.0,1.0,1.0,0.0,0.0,0.0,5.0,31.48,0.0
99.0,2699.0,1.0,1.0,0.0,0.0,0.0,5.0,41.58,0.0
100.0,2699.0,1.0,1.0,0.0,0.0,0.0,5.0,29.5,0.0
100.0,2699.0,1.0,1.0,0.0,25.0,0.0,15.0,26.86,1.0
101.0,2699.0,1.0,1.0,0.0,13.0,0.0,14.0,16.73,0.0
102.0,2699.0,1.0,1.0,0.0,0.0,0.0,5.0,28.91,0.0
123.0,2699.0,1.0,1.0,0.0,1.0,0.0,5.0,39.38,0.0
124.0,2699.0,1.0,1.0,0.0,1.0,0.0,5.0,14.02,0.0
124.0,2699.0,1.0,1.0,0.0,45.0,0.0,18.0,2035.16,1.0
125.0,2699.0,1.0,1.0,0.0,1.0,0.0,5.0,54.92,0.0
126.0,2699.0,1.0,1.0,0.0,5.0,0.0,8.0,72.16,0.0
156.0,2699.0,1.0,1.0,0.0,1.0,0.0,5.0,6.73,0.0
158.0,2699.0,1.0,1.0,0.0,1.0,0.0,5.0,2.06,0.0
159.0,2699.0,1.0,1.0,0.0,35.0,0.0,18.0,4357.94,1.0
159.0,2699.0,1.0,1.0,0.0,5.0,0.0,8.0,58.88,0.0
160.0,2699.0,1.0,1.0,0.0,1.0,0.0,5.0,26.53,0.0
177.0,2699.0,1.0,1.0,0.0,1.0,0.0,5.0,17.81,0.0
178.0,2699.0,1.0,1.0,0.0,5.0,0.0,8.0,32.43,0.0
179.0,2699.0,1.0,1.0,0.0,6.0,0.0,6.0,319.7,1.0
179.0,2699.0,1.0,1.0,0.0,1.0,0.0,5.0,21.78,0.0
1.0,2700.0,4.0,0.0,0.0,41.0,0.0,19.0,153.08,1.0
5.0,2700.0,4.0,0.0,0.0,16.0,0.0,16.0,132.75,1.0
9.0,2700.0,4.0,0.0,0.0,20.0,0.0,13.0,90.15,1.0
20.0,2700.0,4.0,0.0,0.0,19.0,0.0,9.0,981.34,1.0
35.0,2700.0,4.0,0.0,0.0,6.0,0.0,6.0,1090.44,1.0
39.0,2700.0,4.0,0.0,0.0,16.0,0.0,16.0,421.66,1.0
47.0,2700.0,4.0,0.0,0.0,20.0,0.0,13.0,12.57,0.0
46.0,2700.0,4.0,0.0,0.0,6.0,0.0,6.0,24.08,1.0
51.0,2700.0,4.0,0.0,0.0,6.0,0.0,6.0,152.7,0.0
51.0,2700.0,4.0,0.0,0.0,31.0,0.0,9.0,251.27,1.0
57.0,2700.0,4.0,0.0,0.0,6.0,0.0,6.0,46.89,0.0
57.0,2700.0,4.0,0.0,0.0,2.0,0.0,6.0,131.12,0.0
77.0,2700.0,4.0,0.0,0.0,12.0,0.0,13.0,128.04,1.0
79.0,2700.0,4.0,0.0,0.0,6.0,0.0,6.0,253.78,0.0
79.0,2700.0,4.0,0.0,0.0,7.0,0.0,6.0,300.96,0.0
138.0,2700.0,4.0,0.0,0.0,0.0,0.0,5.0,4.49,0.0
139.0,2700.0,4.0,0.0,0.0,0.0,0.0,5.0,42.74,0.0
141.0,2700.0,4.0,0.0,0.0,25.0,0.0,15.0,289.92,1.0
141.0,2700.0,4.0,0.0,0.0,0.0,0.0,5.0,54.08,0.0
142.0,2700.0,4.0,0.0,0.0,0.0,0.0,5.0,27.19,0.0
163.0,2700.0,4.0,0.0,0.0,0.0,0.0,5.0,22.43,0.0
165.0,2700.0,4.0,0.0,0.0,0.0,0.0,5.0,29.82,0.0
166.0,2700.0,4.0,0.0,0.0,6.0,0.0,6.0,120.66,1.0
166.0,2700.0,4.0,0.0,0.0,0.0,0.0,5.0,10.62,0.0
167.0,2700.0,4.0,0.0,0.0,0.0,0.0,5.0,13.84,0.0
105.0,2701.0,1.0,1.0,0.0,1.0,0.0,5.0,6.53,0.0
106.0,2701.0,1.0,1.0,0.0,1.0,0.0,5.0,38.73,0.0
107.0,2701.0,1.0,1.0,0.0,45.0,0.0,18.0,1162.11,1.0
107.0,2701.0,1.0,1.0,0.0,1.0,0.0,5.0,22.12,0.0
108.0,2701.0,1.0,1.0,0.0,1.0,0.0,5.0,10.07,0.0
85.0,2702.0,3.0,1.0,0.0,1.0,0.0,5.0,0.83,0.0
86.0,2702.0,3.0,1.0,0.0,5.0,0.0,8.0,4.74,0.0
87.0,2702.0,3.0,1.0,0.0,22.0,0.0,12.0,386.67,1.0
87.0,2702.0,3.0,1.0,0.0,1.0,0.0,5.0,27.78,0.0
88.0,2702.0,3.0,1.0,0.0,1.0,0.0,5.0,14.84,0.0
65.0,2705.0,2.0,1.0,0.0,8.0,0.0,9.0,155.93,0.0
81.0,2705.0,2.0,1.0,0.0,20.0,0.0,13.0,27.35,0.0
113.0,2705.0,2.0,1.0,0.0,22.0,0.0,12.0,590.54,1.0
114.0,2705.0,2.0,1.0,0.0,22.0,0.0,12.0,19.63,0.0
119.0,2705.0,2.0,1.0,0.0,18.0,0.0,9.0,1075.56,1.0
121.0,2705.0,2.0,1.0,0.0,20.0,0.0,13.0,124.66,0.0
122.0,2705.0,2.0,1.0,0.0,9.0,0.0,10.0,45.06,0.0
137.0,2709.0,2.0,0.0,0.0,0.0,0.0,5.0,59.14,0.0
139.0,2709.0,2.0,0.0,0.0,0.0,0.0,5.0,14.1,0.0
140.0,2709.0,2.0,0.0,0.0,8.0,0.0,9.0,141.22,1.0
140.0,2709.0,2.0,0.0,0.0,0.0,0.0,5.0,93.21,0.0
141.0,2709.0,2.0,0.0,0.0,36.0,0.0,15.0,121.17,0.0
1.0,2710.0,0.0,1.0,0.0,7.0,0.0,6.0,40.85,0.0
19.0,2710.0,0.0,1.0,0.0,25.0,0.0,15.0,43.02,0.0
24.0,2710.0,0.0,1.0,0.0,12.0,0.0,13.0,94.79,1.0
26.0,2710.0,0.0,1.0,0.0,6.0,0.0,6.0,212.29,0.0
25.0,2710.0,0.0,1.0,0.0,22.0,0.0,12.0,327.65,1.0
74.0,2710.0,0.0,1.0,0.0,3.0,0.0,7.0,24.76,0.0
158.0,2710.0,0.0,1.0,0.0,0.0,0.0,5.0,14.25,0.0
159.0,2710.0,0.0,1.0,0.0,0.0,0.0,5.0,38.97,0.0
159.0,2710.0,0.0,1.0,0.0,19.0,0.0,9.0,996.32,1.0
160.0,2710.0,0.0,1.0,0.0,0.0,0.0,5.0,7.49,0.0
161.0,2710.0,0.0,1.0,0.0,0.0,0.0,5.0,15.48,0.0
143.0,2711.0,0.0,1.0,0.0,0.0,0.0,5.0,2.86,0.0
144.0,2711.0,0.0,1.0,0.0,0.0,0.0,5.0,28.53,0.0
144.0,2711.0,0.0,1.0,0.0,15.0,0.0,13.0,192.98,1.0
145.0,2711.0,0.0,1.0,0.0,15.0,0.0,13.0,0.74,0.0
145.0,2711.0,0.0,1.0,0.0,44.0,0.0,13.0,27.99,0.0
131.0,2712.0,1.0,0.0,0.0,12.0,0.0,13.0,16.42,0.0
137.0,2712.0,1.0,0.0,0.0,3.0,0.0,7.0,25.52,0.0
144.0,2712.0,1.0,0.0,0.0,22.0,0.0,12.0,350.09,1.0
163.0,2712.0,1.0,0.0,0.0,27.0,0.0,12.0,592.77,1.0
166.0,2712.0,1.0,0.0,0.0,11.0,0.0,12.0,192.04,0.0
165.0,2712.0,1.0,0.0,0.0,11.0,0.0,12.0,139.36,1.0
173.0,2712.0,1.0,0.0,0.0,3.0,0.0,7.0,101.92,0.0
66.0,2715.0,1.0,1.0,0.0,25.0,0.0,15.0,12.44,0.0
85.0,2715.0,1.0,1.0,0.0,6.0,0.0,6.0,4.35,0.0
86.0,2715.0,1.0,1.0,0.0,22.0,0.0,12.0,947.72,1.0
93.0,2715.0,1.0,1.0,0.0,12.0,0.0,13.0,77.67,0.0
126.0,2715.0,1.0,1.0,0.0,6.0,0.0,6.0,216.47,0.0
126.0,2715.0,1.0,1.0,0.0,2.0,0.0,6.0,264.55,0.0
151.0,2715.0,1.0,1.0,0.0,25.0,0.0,15.0,45.79,0.0
154.0,2715.0,1.0,1.0,0.0,13.0,0.0,14.0,76.36,1.0
165.0,2715.0,1.0,1.0,0.0,6.0,0.0,6.0,219.66,0.0
165.0,2715.0,1.0,1.0,0.0,7.0,0.0,6.0,50.86,0.0
10.0,2721.0,4.0,0.0,0.0,2.0,0.0,6.0,142.58,0.0
21.0,2721.0,4.0,0.0,0.0,12.0,0.0,13.0,99.75,0.0
37.0,2721.0,4.0,0.0,0.0,6.0,0.0,6.0,80.41,1.0
46.0,2721.0,4.0,0.0,0.0,3.0,0.0,7.0,70.68,0.0
49.0,2721.0,4.0,0.0,0.0,6.0,0.0,6.0,101.33,0.0
1.0,2727.0,1.0,1.0,0.0,25.0,0.0,15.0,22.43,1.0
121.0,2727.0,1.0,1.0,0.0,7.0,0.0,6.0,80.65,0.0
112.0,2727.0,1.0,1.0,0.0,20.0,0.0,13.0,98.63,1.0
125.0,2727.0,1.0,1.0,0.0,22.0,0.0,12.0,21.78,1.0
130.0,2727.0,1.0,1.0,0.0,26.0,0.0,12.0,54.93,1.0
146.0,2727.0,1.0,1.0,0.0,22.0,0.0,12.0,64.95,0.0
145.0,2727.0,1.0,1.0,0.0,13.0,0.0,14.0,86.5,1.0
148.0,2727.0,1.0,1.0,0.0,6.0,0.0,6.0,635.31,1.0
150.0,2727.0,1.0,1.0,0.0,6.0,0.0,6.0,269.33,1.0
151.0,2727.0,1.0,1.0,0.0,13.0,0.0,14.0,307.63,1.0
153.0,2727.0,1.0,1.0,0.0,22.0,0.0,12.0,577.26,1.0
153.0,2727.0,1.0,1.0,0.0,11.0,0.0,12.0,374.24,1.0
158.0,2727.0,1.0,1.0,0.0,6.0,0.0,6.0,54.52,1.0
161.0,2727.0,1.0,1.0,0.0,7.0,0.0,6.0,5.23,0.0
158.0,2727.0,1.0,1.0,0.0,20.0,0.0,13.0,120.96,1.0
161.0,2727.0,1.0,1.0,0.0,2.0,0.0,6.0,134.66,0.0
170.0,2727.0,1.0,1.0,0.0,38.0,0.0,19.0,400.32,1.0
170.0,2727.0,1.0,1.0,0.0,13.0,0.0,14.0,13.2,0.0
171.0,2727.0,1.0,1.0,0.0,17.0,0.0,9.0,24.1,0.0
179.0,2727.0,1.0,1.0,0.0,12.0,0.0,13.0,152.87,1.0
91.0,2730.0,3.0,1.0,0.0,3.0,0.0,7.0,131.3,0.0
119.0,2730.0,3.0,1.0,0.0,16.0,0.0,16.0,151.2,0.0
119.0,2730.0,3.0,1.0,0.0,17.0,0.0,9.0,1032.14,1.0
122.0,2730.0,3.0,1.0,0.0,6.0,0.0,6.0,48.27,0.0
122.0,2730.0,3.0,1.0,0.0,2.0,0.0,6.0,227.87,0.0
173.0,2730.0,3.0,1.0,0.0,0.0,0.0,5.0,1.44,0.0
174.0,2730.0,3.0,1.0,0.0,0.0,0.0,5.0,63.14,0.0
175.0,2730.0,3.0,1.0,0.0,26.0,0.0,12.0,36.96,1.0
175.0,2730.0,3.0,1.0,0.0,0.0,0.0,5.0,10.43,0.0
176.0,2730.0,3.0,1.0,0.0,0.0,0.0,5.0,39.61,0.0
27.0,2733.0,3.0,0.0,0.0,21.0,0.0,13.0,79.65,0.0
30.0,2733.0,3.0,0.0,0.0,6.0,0.0,6.0,2.86,0.0
33.0,2733.0,3.0,0.0,0.0,13.0,0.0,14.0,133.05,1.0
53.0,2733.0,3.0,0.0,0.0,6.0,0.0,6.0,85.43,0.0
53.0,2733.0,3.0,0.0,0.0,2.0,0.0,6.0,218.02,0.0
64.0,2733.0,3.0,0.0,0.0,8.0,0.0,9.0,228.05,0.0
76.0,2733.0,3.0,0.0,0.0,25.0,0.0,15.0,144.26,0.0
86.0,2733.0,3.0,0.0,0.0,18.0,0.0,9.0,1000.67,1.0
113.0,2733.0,3.0,0.0,0.0,11.0,0.0,12.0,115.43,0.0
115.0,2733.0,3.0,0.0,0.0,6.0,0.0,6.0,50.88,0.0
172.0,2733.0,3.0,0.0,0.0,1.0,0.0,5.0,10.52,0.0
173.0,2733.0,3.0,0.0,0.0,1.0,0.0,5.0,44.15,0.0
174.0,2733.0,3.0,0.0,0.0,12.0,0.0,13.0,9.09,1.0
174.0,2733.0,3.0,0.0,0.0,1.0,0.0,5.0,22.06,0.0
175.0,2733.0,3.0,0.0,0.0,1.0,0.0,5.0,16.55,0.0
135.0,2737.0,3.0,1.0,0.0,0.0,0.0,5.0,42.67,0.0
136.0,2737.0,3.0,1.0,0.0,0.0,0.0,5.0,13.44,0.0
137.0,2737.0,3.0,1.0,0.0,10.0,0.0,11.0,93.89,1.0
137.0,2737.0,3.0,1.0,0.0,0.0,0.0,5.0,0.23,0.0
138.0,2737.0,3.0,1.0,0.0,0.0,0.0,5.0,3.25,0.0
175.0,2740.0,5.0,1.0,0.0,0.0,0.0,5.0,29.85,0.0
176.0,2740.0,5.0,1.0,0.0,0.0,0.0,5.0,41.65,0.0
176.0,2740.0,5.0,1.0,0.0,35.0,0.0,18.0,782.5,1.0
177.0,2740.0,5.0,1.0,0.0,9.0,0.0,10.0,80.82,0.0
2.0,2745.0,1.0,1.0,0.0,25.0,0.0,15.0,87.05,0.0
2.0,2745.0,1.0,1.0,0.0,41.0,0.0,19.0,184.72,1.0
12.0,2745.0,1.0,1.0,0.0,12.0,0.0,13.0,37.96,0.0
3.0,2745.0,1.0,1.0,0.0,6.0,0.0,6.0,716.17,1.0
22.0,2745.0,1.0,1.0,0.0,12.0,0.0,13.0,58.95,0.0
85.0,2745.0,1.0,1.0,0.0,1.0,0.0,5.0,39.08,0.0
86.0,2745.0,1.0,1.0,0.0,1.0,0.0,5.0,23.48,0.0
86.0,2745.0,1.0,1.0,0.0,10.0,0.0,11.0,548.96,1.0
87.0,2745.0,1.0,1.0,0.0,5.0,0.0,8.0,10.36,0.0
88.0,2745.0,1.0,1.0,0.0,1.0,0.0,5.0,27.08,0.0
154.0,2745.0,1.0,1.0,0.0,4.0,0.0,6.0,154.96,0.0
154.0,2745.0,1.0,1.0,0.0,42.0,0.0,6.0,19.46,0.0
154.0,2745.0,1.0,1.0,0.0,11.0,0.0,12.0,182.97,1.0
155.0,2745.0,1.0,1.0,0.0,1.0,0.0,5.0,7.74,0.0
156.0,2745.0,1.0,1.0,0.0,28.0,0.0,13.0,100.36,0.0
2.0,2749.0,0.0,1.0,0.0,16.0,0.0,16.0,788.67,1.0
9.0,2749.0,0.0,1.0,0.0,30.0,0.0,16.0,96.4,0.0
18.0,2749.0,0.0,1.0,0.0,22.0,0.0,12.0,529.4,1.0
19.0,2749.0,0.0,1.0,0.0,13.0,0.0,14.0,71.04,0.0
21.0,2749.0,0.0,1.0,0.0,0.0,0.0,5.0,52.67,0.0
46.0,2749.0,0.0,1.0,0.0,0.0,0.0,5.0,26.75,0.0
47.0,2749.0,0.0,1.0,0.0,0.0,0.0,5.0,41.16,0.0
48.0,2749.0,0.0,1.0,0.0,13.0,0.0,14.0,33.44,1.0
48.0,2749.0,0.0,1.0,0.0,0.0,0.0,5.0,15.44,0.0
49.0,2749.0,0.0,1.0,0.0,0.0,0.0,5.0,10.75,0.0
78.0,2749.0,0.0,1.0,0.0,1.0,0.0,5.0,27.68,0.0
79.0,2749.0,0.0,1.0,0.0,1.0,0.0,5.0,16.96,0.0
80.0,2749.0,0.0,1.0,0.0,6.0,0.0,6.0,668.83,1.0
80.0,2749.0,0.0,1.0,0.0,5.0,0.0,8.0,25.42,0.0
81.0,2749.0,0.0,1.0,0.0,1.0,0.0,5.0,50.01,0.0
116.0,2749.0,0.0,1.0,0.0,1.0,0.0,5.0,29.92,0.0
117.0,2749.0,0.0,1.0,0.0,1.0,0.0,5.0,12.08,0.0
118.0,2749.0,0.0,1.0,0.0,25.0,0.0,15.0,233.65,1.0
118.0,2749.0,0.0,1.0,0.0,14.0,0.0,15.0,183.84,0.0
118.0,2749.0,0.0,1.0,0.0,36.0,0.0,15.0,91.07,0.0
2.0,2750.0,7.0,1.0,0.0,16.0,0.0,16.0,1167.18,1.0
3.0,2750.0,7.0,1.0,0.0,6.0,0.0,6.0,168.94,0.0
11.0,2750.0,7.0,1.0,0.0,41.0,0.0,19.0,93.08,1.0
12.0,2750.0,7.0,1.0,0.0,6.0,0.0,6.0,571.59,1.0
14.0,2750.0,7.0,1.0,0.0,22.0,0.0,12.0,406.5,1.0
27.0,2750.0,7.0,1.0,0.0,6.0,0.0,6.0,38.37,0.0
21.0,2750.0,7.0,1.0,0.0,35.0,0.0,18.0,1451.61,1.0
27.0,2750.0,7.0,1.0,0.0,2.0,0.0,6.0,52.58,0.0
43.0,2750.0,7.0,1.0,0.0,6.0,0.0,6.0,230.63,0.0
43.0,2750.0,7.0,1.0,0.0,2.0,0.0,6.0,195.6,0.0
47.0,2750.0,7.0,1.0,0.0,20.0,0.0,13.0,340.72,1.0
55.0,2750.0,7.0,1.0,0.0,6.0,0.0,6.0,82.21,0.0
48.0,2750.0,7.0,1.0,0.0,11.0,0.0,12.0,704.96,1.0
55.0,2750.0,7.0,1.0,0.0,7.0,0.0,6.0,56.37,0.0
83.0,2750.0,7.0,1.0,0.0,2.0,0.0,6.0,141.21,0.0
94.0,2750.0,7.0,1.0,0.0,19.0,0.0,9.0,130.33,0.0
156.0,2750.0,7.0,1.0,0.0,17.0,0.0,9.0,323.08,1.0
163.0,2750.0,7.0,1.0,0.0,22.0,0.0,12.0,484.32,1.0
165.0,2750.0,7.0,1.0,0.0,22.0,0.0,12.0,287.34,1.0
170.0,2750.0,7.0,1.0,0.0,20.0,0.0,13.0,6.87,0.0
168.0,2750.0,7.0,1.0,0.0,38.0,0.0,19.0,164.54,1.0
178.0,2750.0,7.0,1.0,0.0,13.0,0.0,14.0,50.57,0.0
4.0,2751.0,3.0,1.0,0.0,0.0,0.0,5.0,19.08,0.0
5.0,2751.0,3.0,1.0,0.0,0.0,0.0,5.0,58.47,0.0
6.0,2751.0,3.0,1.0,0.0,13.0,0.0,14.0,306.04,1.0
6.0,2751.0,3.0,1.0,0.0,0.0,0.0,5.0,33.56,0.0
7.0,2751.0,3.0,1.0,0.0,36.0,0.0,15.0,56.93,0.0
18.0,2751.0,3.0,1.0,0.0,1.0,0.0,5.0,38.69,0.0
19.0,2751.0,3.0,1.0,0.0,1.0,0.0,5.0,55.77,0.0
20.0,2751.0,3.0,1.0,0.0,22.0,0.0,12.0,808.28,1.0
20.0,2751.0,3.0,1.0,0.0,1.0,0.0,5.0,28.39,0.0
21.0,2751.0,3.0,1.0,0.0,1.0,0.0,5.0,15.56,0.0
27.0,2751.0,3.0,1.0,0.0,4.0,0.0,6.0,63.25,0.0
28.0,2751.0,3.0,1.0,0.0,1.0,0.0,5.0,69.46,0.0
28.0,2751.0,3.0,1.0,0.0,6.0,0.0,6.0,339.91,1.0
29.0,2751.0,3.0,1.0,0.0,10.0,0.0,11.0,59.42,0.0
29.0,2751.0,3.0,1.0,0.0,47.0,0.0,11.0,4.24,0.0
67.0,2753.0,2.0,0.0,0.0,0.0,0.0,5.0,19.48,0.0
68.0,2753.0,2.0,0.0,0.0,0.0,0.0,5.0,21.03,0.0
68.0,2753.0,2.0,0.0,0.0,6.0,0.0,6.0,915.32,1.0
69.0,2753.0,2.0,0.0,0.0,0.0,0.0,5.0,27.8,0.0
70.0,2753.0,2.0,0.0,0.0,0.0,0.0,5.0,47.14,0.0
105.0,2753.0,2.0,0.0,0.0,0.0,0.0,5.0,2.57,0.0
106.0,2753.0,2.0,0.0,0.0,0.0,0.0,5.0,9.2,0.0
107.0,2753.0,2.0,0.0,0.0,13.0,0.0,14.0,370.23,1.0
108.0,2753.0,2.0,0.0,0.0,0.0,0.0,5.0,43.38,0.0
109.0,2753.0,2.0,0.0,0.0,0.0,0.0,5.0,32.46,0.0
2.0,2755.0,2.0,1.0,0.0,19.0,0.0,9.0,30.04,1.0
2.0,2755.0,2.0,1.0,0.0,19.0,0.0,9.0,586.05,1.0
4.0,2755.0,2.0,1.0,0.0,7.0,0.0,6.0,141.63,0.0
4.0,2755.0,2.0,1.0,0.0,22.0,0.0,12.0,447.53,1.0
6.0,2755.0,2.0,1.0,0.0,45.0,0.0,18.0,3611.11,1.0
9.0,2755.0,2.0,1.0,0.0,22.0,0.0,12.0,174.62,0.0
59.0,2755.0,2.0,1.0,0.0,7.0,0.0,6.0,12.44,0.0
130.0,2756.0,1.0,0.0,0.0,11.0,0.0,12.0,46.37,0.0
130.0,2756.0,1.0,0.0,0.0,26.0,0.0,12.0,116.94,0.0
137.0,2756.0,1.0,0.0,0.0,35.0,0.0,18.0,1848.68,1.0
142.0,2756.0,1.0,0.0,0.0,18.0,0.0,9.0,221.27,0.0
138.0,2756.0,1.0,0.0,0.0,13.0,0.0,14.0,222.07,1.0
146.0,2756.0,1.0,0.0,0.0,19.0,0.0,9.0,143.02,0.0
36.0,2758.0,1.0,0.0,0.0,12.0,0.0,13.0,57.27,0.0
36.0,2758.0,1.0,0.0,0.0,20.0,0.0,13.0,1.29,0.0
40.0,2758.0,1.0,0.0,0.0,22.0,0.0,12.0,536.53,1.0
41.0,2758.0,1.0,0.0,0.0,12.0,0.0,13.0,55.85,0.0
41.0,2758.0,1.0,0.0,0.0,20.0,0.0,13.0,81.75,0.0
45.0,2759.0,5.0,1.0,0.0,3.0,0.0,7.0,10.77,0.0
68.0,2759.0,5.0,1.0,0.0,13.0,0.0,14.0,5.86,0.0
69.0,2759.0,5.0,1.0,0.0,38.0,0.0,19.0,367.84,1.0
69.0,2759.0,5.0,1.0,0.0,0.0,0.0,5.0,18.14,0.0
70.0,2759.0,5.0,1.0,0.0,0.0,0.0,5.0,46.17,0.0
2.0,2761.0,1.0,1.0,0.0,11.0,0.0,12.0,8.26,0.0
30.0,2761.0,1.0,1.0,0.0,12.0,0.0,13.0,66.88,0.0
42.0,2761.0,1.0,1.0,0.0,41.0,0.0,19.0,280.34,1.0
48.0,2761.0,1.0,1.0,0.0,25.0,0.0,15.0,5.33,0.0
62.0,2761.0,1.0,1.0,0.0,6.0,0.0,6.0,847.9,1.0
75.0,2761.0,1.0,1.0,0.0,12.0,0.0,13.0,26.06,0.0
75.0,2761.0,1.0,1.0,0.0,20.0,0.0,13.0,40.81,0.0
32.0,2764.0,5.0,1.0,0.0,22.0,0.0,12.0,115.44,0.0
54.0,2764.0,5.0,1.0,0.0,20.0,0.0,13.0,8.55,0.0
55.0,2764.0,5.0,1.0,0.0,6.0,0.0,6.0,285.4,1.0
70.0,2764.0,5.0,1.0,0.0,9.0,0.0,10.0,81.58,0.0
71.0,2764.0,5.0,1.0,0.0,0.0,0.0,5.0,19.75,0.0
102.0,2764.0,5.0,1.0,0.0,1.0,0.0,5.0,50.17,0.0
103.0,2764.0,5.0,1.0,0.0,1.0,0.0,5.0,19.86,0.0
104.0,2764.0,5.0,1.0,0.0,22.0,0.0,12.0,548.5,1.0
105.0,2764.0,5.0,1.0,0.0,1.0,0.0,5.0,42.94,0.0
106.0,2764.0,5.0,1.0,0.0,1.0,0.0,5.0,55.27,0.0
134.0,2764.0,5.0,1.0,0.0,1.0,0.0,5.0,44.09,0.0
135.0,2764.0,5.0,1.0,0.0,1.0,0.0,5.0,28.1,0.0
135.0,2764.0,5.0,1.0,0.0,6.0,0.0,6.0,261.15,1.0
136.0,2764.0,5.0,1.0,0.0,1.0,0.0,5.0,7.44,0.0
137.0,2764.0,5.0,1.0,0.0,1.0,0.0,5.0,34.28,0.0
162.0,2764.0,5.0,1.0,0.0,1.0,0.0,5.0,47.13,0.0
163.0,2764.0,5.0,1.0,0.0,14.0,0.0,15.0,60.2,0.0
164.0,2764.0,5.0,1.0,0.0,6.0,0.0,6.0,494.79,1.0
164.0,2764.0,5.0,1.0,0.0,1.0,0.0,5.0,51.92,0.0
165.0,2764.0,5.0,1.0,0.0,1.0,0.0,5.0,39.97,0.0
53.0,2766.0,0.0,0.0,0.0,0.0,0.0,5.0,63.67,0.0
55.0,2766.0,0.0,0.0,0.0,0.0,0.0,5.0,4.95,0.0
56.0,2766.0,0.0,0.0,0.0,10.0,0.0,11.0,553.03,1.0
56.0,2766.0,0.0,0.0,0.0,0.0,0.0,5.0,57.84,0.0
57.0,2766.0,0.0,0.0,0.0,0.0,0.0,5.0,0.96,0.0
85.0,2766.0,0.0,0.0,0.0,0.0,0.0,5.0,49.97,0.0
86.0,2766.0,0.0,0.0,0.0,0.0,0.0,5.0,40.11,0.0
87.0,2766.0,0.0,0.0,0.0,22.0,0.0,12.0,505.32,1.0
88.0,2766.0,0.0,0.0,0.0,0.0,0.0,5.0,19.73,0.0
89.0,2766.0,0.0,0.0,0.0,36.0,0.0,15.0,72.75,0.0
2.0,2768.0,2.0,1.0,0.0,11.0,0.0,12.0,12.19,0.0
8.0,2768.0,2.0,1.0,0.0,3.0,0.0,7.0,8.62,0.0
38.0,2768.0,2.0,1.0,0.0,15.0,0.0,13.0,390.07,1.0
40.0,2768.0,2.0,1.0,0.0,13.0,0.0,14.0,30.64,0.0
41.0,2768.0,2.0,1.0,0.0,0.0,0.0,5.0,19.75,0.0
53.0,2768.0,2.0,1.0,0.0,0.0,0.0,5.0,0.86,0.0
54.0,2768.0,2.0,1.0,0.0,0.0,0.0,5.0,51.07,0.0
54.0,2768.0,2.0,1.0,0.0,20.0,0.0,13.0,372.46,1.0
57.0,2768.0,2.0,1.0,0.0,0.0,0.0,5.0,14.2,0.0
56.0,2768.0,2.0,1.0,0.0,6.0,0.0,6.0,6.19,1.0
58.0,2768.0,2.0,1.0,0.0,0.0,0.0,5.0,45.84,0.0
103.0,2768.0,2.0,1.0,0.0,1.0,0.0,5.0,18.25,0.0
104.0,2768.0,2.0,1.0,0.0,5.0,0.0,8.0,41.81,0.0
105.0,2768.0,2.0,1.0,0.0,6.0,0.0,6.0,814.45,1.0
105.0,2768.0,2.0,1.0,0.0,1.0,0.0,5.0,56.1,0.0
106.0,2768.0,2.0,1.0,0.0,1.0,0.0,5.0,35.56,0.0
2.0,2770.0,4.0,0.0,0.0,0.0,0.0,5.0,53.61,0.0
3.0,2770.0,4.0,0.0,0.0,0.0,0.0,5.0,55.26,0.0
3.0,2770.0,4.0,0.0,0.0,35.0,0.0,18.0,3334.89,1.0
4.0,2770.0,4.0,0.0,0.0,0.0,0.0,5.0,18.48,0.0
6.0,2770.0,4.0,0.0,0.0,0.0,0.0,5.0,0.71,0.0
26.0,2770.0,4.0,0.0,0.0,0.0,0.0,5.0,32.02,0.0
27.0,2770.0,4.0,0.0,0.0,0.0,0.0,5.0,47.76,0.0
28.0,2770.0,4.0,0.0,0.0,6.0,0.0,6.0,1298.23,1.0
29.0,2770.0,4.0,0.0,0.0,0.0,0.0,5.0,18.78,0.0
30.0,2770.0,4.0,0.0,0.0,0.0,0.0,5.0,5.9,0.0
2.0,2772.0,4.0,1.0,0.0,20.0,0.0,13.0,39.07,0.0
12.0,2772.0,4.0,1.0,0.0,8.0,0.0,9.0,25.45,0.0
32.0,2772.0,4.0,1.0,0.0,9.0,0.0,10.0,142.13,1.0
40.0,2772.0,4.0,1.0,0.0,7.0,0.0,6.0,5.0,0.0
50.0,2772.0,4.0,1.0,0.0,7.0,0.0,6.0,149.77,0.0
50.0,2772.0,4.0,1.0,0.0,2.0,0.0,6.0,216.3,0.0
63.0,2772.0,4.0,1.0,0.0,25.0,0.0,15.0,128.03,0.0
64.0,2772.0,4.0,1.0,0.0,3.0,0.0,7.0,254.1,1.0
73.0,2772.0,4.0,1.0,0.0,22.0,0.0,12.0,53.37,0.0
87.0,2772.0,4.0,1.0,0.0,13.0,0.0,14.0,413.86,1.0
97.0,2772.0,4.0,1.0,0.0,20.0,0.0,13.0,129.81,0.0
117.0,2772.0,4.0,1.0,0.0,25.0,0.0,15.0,33.23,0.0
117.0,2772.0,4.0,1.0,0.0,35.0,0.0,18.0,420.7,1.0
117.0,2772.0,4.0,1.0,0.0,6.0,0.0,6.0,967.32,1.0
124.0,2772.0,4.0,1.0,0.0,8.0,0.0,9.0,190.03,0.0
118.0,2772.0,4.0,1.0,0.0,6.0,0.0,6.0,94.53,1.0
124.0,2772.0,4.0,1.0,0.0,19.0,0.0,9.0,39.1,0.0
129.0,2772.0,4.0,1.0,0.0,0.0,0.0,5.0,34.07,0.0
130.0,2772.0,4.0,1.0,0.0,0.0,0.0,5.0,23.53,0.0
132.0,2772.0,4.0,1.0,0.0,6.0,0.0,6.0,344.15,1.0
132.0,2772.0,4.0,1.0,0.0,0.0,0.0,5.0,9.62,0.0
133.0,2772.0,4.0,1.0,0.0,0.0,0.0,5.0,58.63,0.0
163.0,2772.0,4.0,1.0,0.0,0.0,0.0,5.0,34.89,0.0
164.0,2772.0,4.0,1.0,0.0,0.0,0.0,5.0,47.53,0.0
164.0,2772.0,4.0,1.0,0.0,6.0,0.0,6.0,327.7,1.0
165.0,2772.0,4.0,1.0,0.0,0.0,0.0,5.0,19.38,0.0
166.0,2772.0,4.0,1.0,0.0,0.0,0.0,5.0,27.25,0.0
173.0,2772.0,4.0,1.0,0.0,0.0,0.0,5.0,54.12,0.0
174.0,2772.0,4.0,1.0,0.0,0.0,0.0,5.0,0.19,0.0
175.0,2772.0,4.0,1.0,0.0,26.0,0.0,12.0,73.33,1.0
175.0,2772.0,4.0,1.0,0.0,9.0,0.0,10.0,54.67,0.0
176.0,2772.0,4.0,1.0,0.0,0.0,0.0,5.0,34.91,0.0
177.0,2772.0,4.0,1.0,0.0,0.0,0.0,5.0,30.32,0.0
179.0,2772.0,4.0,1.0,0.0,0.0,0.0,5.0,36.14,0.0
179.0,2772.0,4.0,1.0,0.0,12.0,0.0,13.0,346.63,1.0
2.0,2773.0,1.0,0.0,0.0,6.0,0.0,6.0,297.09,1.0
3.0,2773.0,1.0,0.0,0.0,10.0,0.0,11.0,446.8,1.0
3.0,2773.0,1.0,0.0,0.0,6.0,0.0,6.0,149.94,1.0
4.0,2773.0,1.0,0.0,0.0,6.0,0.0,6.0,34.32,1.0
4.0,2773.0,1.0,0.0,0.0,41.0,0.0,19.0,318.12,1.0
5.0,2773.0,1.0,0.0,0.0,9.0,0.0,10.0,261.99,1.0
6.0,2773.0,1.0,0.0,0.0,35.0,0.0,18.0,5326.55,1.0
6.0,2773.0,1.0,0.0,0.0,22.0,0.0,12.0,776.51,1.0
6.0,2773.0,1.0,0.0,0.0,6.0,0.0,6.0,563.2,1.0
10.0,2773.0,1.0,0.0,0.0,6.0,0.0,6.0,123.09,1.0
11.0,2773.0,1.0,0.0,0.0,30.0,0.0,16.0,102.64,1.0
12.0,2773.0,1.0,0.0,0.0,30.0,0.0,16.0,508.6,1.0
12.0,2773.0,1.0,0.0,0.0,27.0,0.0,12.0,232.85,1.0
12.0,2773.0,1.0,0.0,0.0,27.0,0.0,12.0,393.81,1.0
13.0,2773.0,1.0,0.0,0.0,6.0,0.0,6.0,254.87,0.0
12.0,2773.0,1.0,0.0,0.0,22.0,0.0,12.0,111.36,1.0
14.0,2773.0,1.0,0.0,0.0,10.0,0.0,11.0,781.61,1.0
15.0,2773.0,1.0,0.0,0.0,27.0,0.0,12.0,212.03,1.0
18.0,2773.0,1.0,0.0,0.0,35.0,0.0,18.0,2248.92,1.0
19.0,2773.0,1.0,0.0,0.0,22.0,0.0,12.0,340.67,1.0
24.0,2773.0,1.0,0.0,0.0,12.0,0.0,13.0,12.46,0.0
22.0,2773.0,1.0,0.0,0.0,22.0,0.0,12.0,42.83,1.0
25.0,2773.0,1.0,0.0,0.0,26.0,0.0,12.0,155.82,1.0
30.0,2773.0,1.0,0.0,0.0,13.0,0.0,14.0,69.54,0.0
31.0,2773.0,1.0,0.0,0.0,0.0,0.0,5.0,6.95,0.0
36.0,2773.0,1.0,0.0,0.0,0.0,0.0,5.0,49.81,0.0
37.0,2773.0,1.0,0.0,0.0,0.0,0.0,5.0,38.14,0.0
37.0,2773.0,1.0,0.0,0.0,27.0,0.0,12.0,356.59,1.0
39.0,2773.0,1.0,0.0,0.0,0.0,0.0,5.0,24.15,0.0
40.0,2773.0,1.0,0.0,0.0,0.0,0.0,5.0,20.15,0.0
41.0,2773.0,1.0,0.0,0.0,13.0,0.0,14.0,45.98,0.0
42.0,2773.0,1.0,0.0,0.0,0.0,0.0,5.0,16.36,0.0
42.0,2773.0,1.0,0.0,0.0,41.0,0.0,19.0,217.55,1.0
43.0,2773.0,1.0,0.0,0.0,0.0,0.0,5.0,29.23,0.0
43.0,2773.0,1.0,0.0,0.0,22.0,0.0,12.0,147.26,1.0
44.0,2773.0,1.0,0.0,0.0,36.0,0.0,15.0,9.38,0.0
45.0,2773.0,1.0,0.0,0.0,0.0,0.0,5.0,2.99,0.0
54.0,2773.0,1.0,0.0,0.0,1.0,0.0,5.0,9.77,0.0
55.0,2773.0,1.0,0.0,0.0,1.0,0.0,5.0,24.35,0.0
56.0,2773.0,1.0,0.0,0.0,31.0,0.0,9.0,104.82,1.0
56.0,2773.0,1.0,0.0,0.0,1.0,0.0,5.0,0.57,0.0
57.0,2773.0,1.0,0.0,0.0,1.0,0.0,5.0,32.03,0.0
60.0,2773.0,1.0,0.0,0.0,1.0,0.0,5.0,26.74,0.0
61.0,2773.0,1.0,0.0,0.0,1.0,0.0,5.0,70.44,0.0
61.0,2773.0,1.0,0.0,0.0,27.0,0.0,12.0,333.47,1.0
62.0,2773.0,1.0,0.0,0.0,1.0,0.0,5.0,30.1,0.0
63.0,2773.0,1.0,0.0,0.0,1.0,0.0,5.0,47.23,0.0
64.0,2773.0,1.0,0.0,0.0,6.0,0.0,6.0,14.75,1.0
64.0,2773.0,1.0,0.0,0.0,1.0,0.0,5.0,9.31,0.0
65.0,2773.0,1.0,0.0,0.0,1.0,0.0,5.0,29.05,0.0
99.0,2773.0,1.0,0.0,0.0,9.0,0.0,10.0,28.47,0.0
100.0,2773.0,1.0,0.0,0.0,0.0,0.0,5.0,2.61,0.0
100.0,2773.0,1.0,0.0,0.0,25.0,0.0,15.0,657.5,1.0
101.0,2773.0,1.0,0.0,0.0,0.0,0.0,5.0,48.37,0.0
102.0,2773.0,1.0,0.0,0.0,0.0,0.0,5.0,31.31,0.0
103.0,2773.0,1.0,0.0,0.0,13.0,0.0,14.0,173.43,1.0
104.0,2773.0,1.0,0.0,0.0,0.0,0.0,5.0,26.33,0.0
104.0,2773.0,1.0,0.0,0.0,6.0,0.0,6.0,20.25,1.0
105.0,2773.0,1.0,0.0,0.0,0.0,0.0,5.0,30.08,0.0
106.0,2773.0,1.0,0.0,0.0,0.0,0.0,5.0,35.67,0.0
171.0,2773.0,1.0,0.0,0.0,1.0,0.0,5.0,47.82,0.0
172.0,2773.0,1.0,0.0,0.0,4.0,0.0,6.0,2.08,0.0
173.0,2773.0,1.0,0.0,0.0,31.0,0.0,9.0,147.49,1.0
173.0,2773.0,1.0,0.0,0.0,1.0,0.0,5.0,12.53,0.0
174.0,2773.0,1.0,0.0,0.0,1.0,0.0,5.0,23.32,0.0
117.0,2774.0,2.0,1.0,0.0,0.0,0.0,5.0,33.09,0.0
118.0,2774.0,2.0,1.0,0.0,0.0,0.0,5.0,41.37,0.0
119.0,2774.0,2.0,1.0,0.0,6.0,0.0,6.0,641.03,1.0
119.0,2774.0,2.0,1.0,0.0,0.0,0.0,5.0,64.12,0.0
120.0,2774.0,2.0,1.0,0.0,15.0,0.0,13.0,95.63,0.0
90.0,2775.0,1.0,1.0,0.0,1.0,0.0,5.0,77.88,0.0
91.0,2775.0,1.0,1.0,0.0,1.0,0.0,5.0,7.93,0.0
92.0,2775.0,1.0,1.0,0.0,16.0,0.0,16.0,865.05,1.0
92.0,2775.0,1.0,1.0,0.0,1.0,0.0,5.0,19.76,0.0
94.0,2775.0,1.0,1.0,0.0,4.0,0.0,6.0,140.58,0.0
159.0,2775.0,1.0,1.0,0.0,1.0,0.0,5.0,21.05,0.0
160.0,2775.0,1.0,1.0,0.0,1.0,0.0,5.0,47.26,0.0
160.0,2775.0,1.0,1.0,0.0,6.0,0.0,6.0,178.74,1.0
161.0,2775.0,1.0,1.0,0.0,1.0,0.0,5.0,5.51,0.0
162.0,2775.0,1.0,1.0,0.0,1.0,0.0,5.0,4.42,0.0
2.0,2777.0,0.0,1.0,0.0,25.0,0.0,15.0,86.62,0.0
5.0,2777.0,0.0,1.0,0.0,6.0,0.0,6.0,265.67,0.0
65.0,2777.0,0.0,1.0,0.0,22.0,0.0,12.0,252.79,1.0
79.0,2777.0,0.0,1.0,0.0,12.0,0.0,13.0,3.8,0.0
81.0,2777.0,0.0,1.0,0.0,6.0,0.0,6.0,267.12,0.0
146.0,2777.0,0.0,1.0,0.0,5.0,0.0,8.0,16.29,0.0
147.0,2777.0,0.0,1.0,0.0,1.0,0.0,5.0,40.95,0.0
148.0,2777.0,0.0,1.0,0.0,30.0,0.0,16.0,290.69,1.0
148.0,2777.0,0.0,1.0,0.0,1.0,0.0,5.0,1.97,0.0
149.0,2777.0,0.0,1.0,0.0,1.0,0.0,5.0,62.03,0.0
157.0,2780.0,0.0,1.0,0.0,0.0,0.0,5.0,38.69,0.0
158.0,2780.0,0.0,1.0,0.0,0.0,0.0,5.0,50.98,0.0
159.0,2780.0,0.0,1.0,0.0,13.0,0.0,14.0,192.44,1.0
159.0,2780.0,0.0,1.0,0.0,0.0,0.0,5.0,29.99,0.0
161.0,2780.0,0.0,1.0,0.0,0.0,0.0,5.0,47.42,0.0
76.0,2781.0,1.0,1.0,0.0,6.0,0.0,6.0,142.87,0.0
76.0,2781.0,1.0,1.0,0.0,2.0,0.0,6.0,127.2,0.0
81.0,2781.0,1.0,1.0,0.0,6.0,0.0,6.0,373.57,1.0
107.0,2781.0,1.0,1.0,0.0,11.0,0.0,12.0,150.41,0.0
111.0,2781.0,1.0,1.0,0.0,11.0,0.0,12.0,151.6,0.0
170.0,2781.0,1.0,1.0,0.0,0.0,0.0,5.0,13.05,0.0
171.0,2781.0,1.0,1.0,0.0,0.0,0.0,5.0,28.41,0.0
172.0,2781.0,1.0,1.0,0.0,35.0,0.0,18.0,1403.14,1.0
172.0,2781.0,1.0,1.0,0.0,0.0,0.0,5.0,26.85,0.0
174.0,2781.0,1.0,1.0,0.0,0.0,0.0,5.0,1.06,0.0
75.0,2782.0,0.0,1.0,0.0,12.0,0.0,13.0,94.01,0.0
75.0,2782.0,0.0,1.0,0.0,21.0,0.0,13.0,80.72,0.0
79.0,2782.0,0.0,1.0,0.0,6.0,0.0,6.0,14.1,1.0
82.0,2782.0,0.0,1.0,0.0,3.0,0.0,7.0,7.68,0.0
103.0,2782.0,0.0,1.0,0.0,6.0,0.0,6.0,138.82,0.0
106.0,2782.0,0.0,1.0,0.0,1.0,0.0,5.0,81.33,0.0
107.0,2782.0,0.0,1.0,0.0,1.0,0.0,5.0,1.07,0.0
108.0,2782.0,0.0,1.0,0.0,20.0,0.0,13.0,58.89,1.0
108.0,2782.0,0.0,1.0,0.0,28.0,0.0,13.0,84.85,0.0
109.0,2782.0,0.0,1.0,0.0,0.0,0.0,5.0,3.59,0.0
118.0,2782.0,0.0,1.0,0.0,0.0,0.0,5.0,7.56,0.0
119.0,2782.0,0.0,1.0,0.0,0.0,0.0,5.0,20.49,0.0
119.0,2782.0,0.0,1.0,0.0,35.0,0.0,18.0,767.3,1.0
120.0,2782.0,0.0,1.0,0.0,0.0,0.0,5.0,28.14,0.0
121.0,2782.0,0.0,1.0,0.0,36.0,0.0,15.0,70.85,0.0
126.0,2782.0,0.0,1.0,0.0,1.0,0.0,5.0,0.23,0.0
127.0,2782.0,0.0,1.0,0.0,1.0,0.0,5.0,54.28,0.0
127.0,2782.0,0.0,1.0,0.0,18.0,0.0,9.0,360.55,1.0
128.0,2782.0,0.0,1.0,0.0,1.0,0.0,5.0,30.82,0.0
128.0,2782.0,0.0,1.0,0.0,13.0,0.0,14.0,239.2,1.0
129.0,2782.0,0.0,1.0,0.0,1.0,0.0,5.0,38.63,0.0
130.0,2782.0,0.0,1.0,0.0,1.0,0.0,5.0,29.99,0.0
155.0,2782.0,0.0,1.0,0.0,1.0,0.0,5.0,40.57,0.0
156.0,2782.0,0.0,1.0,0.0,1.0,0.0,5.0,18.46,0.0
156.0,2782.0,0.0,1.0,0.0,38.0,0.0,19.0,257.93,1.0
158.0,2782.0,0.0,1.0,0.0,1.0,0.0,5.0,34.42,0.0
160.0,2782.0,0.0,1.0,0.0,1.0,0.0,5.0,39.8,0.0
2.0,2783.0,4.0,1.0,0.0,20.0,0.0,13.0,486.35,1.0
3.0,2783.0,4.0,1.0,0.0,7.0,0.0,6.0,190.13,0.0
8.0,2783.0,4.0,1.0,0.0,9.0,0.0,10.0,55.69,0.0
103.0,2783.0,4.0,1.0,0.0,0.0,0.0,5.0,18.83,0.0
103.0,2783.0,4.0,1.0,0.0,1.0,0.0,5.0,3.15,0.0
104.0,2783.0,4.0,1.0,0.0,6.0,0.0,6.0,1311.82,1.0
104.0,2783.0,4.0,1.0,0.0,5.0,0.0,8.0,39.2,0.0
105.0,2783.0,4.0,1.0,0.0,5.0,0.0,8.0,73.08,0.0
2.0,2784.0,1.0,1.0,0.0,16.0,0.0,16.0,97.6,0.0
5.0,2784.0,1.0,1.0,0.0,35.0,0.0,18.0,3682.79,1.0
7.0,2784.0,1.0,1.0,0.0,0.0,0.0,5.0,8.17,0.0
5.0,2784.0,1.0,1.0,0.0,35.0,0.0,18.0,2832.02,1.0
8.0,2784.0,1.0,1.0,0.0,0.0,0.0,5.0,26.62,0.0
19.0,2784.0,1.0,1.0,0.0,0.0,0.0,5.0,45.87,0.0
20.0,2784.0,1.0,1.0,0.0,13.0,0.0,14.0,24.17,0.0
20.0,2784.0,1.0,1.0,0.0,7.0,0.0,6.0,143.09,1.0
21.0,2784.0,1.0,1.0,0.0,0.0,0.0,5.0,13.9,0.0
22.0,2784.0,1.0,1.0,0.0,0.0,0.0,5.0,10.08,0.0
98.0,2787.0,0.0,0.0,0.0,3.0,0.0,7.0,49.82,0.0
110.0,2787.0,0.0,0.0,0.0,6.0,0.0,6.0,226.78,0.0
123.0,2787.0,0.0,0.0,0.0,6.0,0.0,6.0,247.39,1.0
135.0,2787.0,0.0,0.0,0.0,11.0,0.0,12.0,198.27,0.0
142.0,2787.0,0.0,0.0,0.0,3.0,0.0,7.0,18.67,0.0
150.0,2787.0,0.0,0.0,0.0,18.0,0.0,9.0,278.1,1.0
154.0,2787.0,0.0,0.0,0.0,3.0,0.0,7.0,52.94,0.0
153.0,2787.0,0.0,0.0,0.0,15.0,0.0,13.0,380.07,1.0
155.0,2787.0,0.0,0.0,0.0,22.0,0.0,12.0,241.28,1.0
157.0,2787.0,0.0,0.0,0.0,6.0,0.0,6.0,188.98,1.0
159.0,2787.0,0.0,0.0,0.0,22.0,0.0,12.0,211.93,1.0
161.0,2787.0,0.0,0.0,0.0,38.0,0.0,19.0,213.77,1.0
162.0,2787.0,0.0,0.0,0.0,22.0,0.0,12.0,570.32,1.0
173.0,2787.0,0.0,0.0,0.0,12.0,0.0,13.0,119.69,0.0
167.0,2787.0,0.0,0.0,0.0,38.0,0.0,19.0,298.89,1.0
173.0,2787.0,0.0,0.0,0.0,21.0,0.0,13.0,67.59,0.0
174.0,2787.0,0.0,0.0,0.0,20.0,0.0,13.0,127.4,1.0
178.0,2787.0,0.0,0.0,0.0,11.0,0.0,12.0,35.2,0.0
177.0,2787.0,0.0,0.0,0.0,22.0,0.0,12.0,519.41,1.0
178.0,2787.0,0.0,0.0,0.0,26.0,0.0,12.0,36.76,0.0
11.0,2788.0,0.0,0.0,0.0,6.0,0.0,6.0,246.23,0.0
11.0,2788.0,0.0,0.0,0.0,7.0,0.0,6.0,83.02,0.0
18.0,2788.0,0.0,0.0,0.0,35.0,0.0,18.0,3612.92,1.0
29.0,2788.0,0.0,0.0,0.0,20.0,0.0,13.0,133.22,0.0
42.0,2788.0,0.0,0.0,0.0,6.0,0.0,6.0,44.2,0.0
42.0,2788.0,0.0,0.0,0.0,2.0,0.0,6.0,82.09,0.0
99.0,2788.0,0.0,0.0,0.0,11.0,0.0,12.0,49.65,0.0
104.0,2788.0,0.0,0.0,0.0,35.0,0.0,18.0,1698.62,1.0
106.0,2788.0,0.0,0.0,0.0,6.0,0.0,6.0,49.6,0.0
106.0,2788.0,0.0,0.0,0.0,2.0,0.0,6.0,10.29,0.0
152.0,2791.0,3.0,0.0,0.0,12.0,0.0,13.0,65.59,0.0
170.0,2791.0,3.0,0.0,0.0,3.0,0.0,7.0,38.34,0.0
175.0,2791.0,3.0,0.0,0.0,22.0,0.0,12.0,154.25,1.0
179.0,2791.0,3.0,0.0,0.0,16.0,0.0,16.0,1132.01,1.0
64.0,2794.0,1.0,0.0,0.0,0.0,0.0,5.0,16.0,0.0
65.0,2794.0,1.0,0.0,0.0,0.0,0.0,5.0,11.29,0.0
66.0,2794.0,1.0,0.0,0.0,22.0,0.0,12.0,121.85,1.0
67.0,2794.0,1.0,0.0,0.0,0.0,0.0,5.0,61.02,0.0
68.0,2794.0,1.0,0.0,0.0,0.0,0.0,5.0,24.74,0.0
79.0,2794.0,1.0,0.0,0.0,0.0,0.0,5.0,45.82,0.0
80.0,2794.0,1.0,0.0,0.0,0.0,0.0,5.0,6.23,0.0
80.0,2794.0,1.0,0.0,0.0,3.0,0.0,7.0,267.81,1.0
82.0,2794.0,1.0,0.0,0.0,9.0,0.0,10.0,1.38,0.0
83.0,2794.0,1.0,0.0,0.0,6.0,0.0,6.0,420.5,1.0
84.0,2794.0,1.0,0.0,0.0,27.0,0.0,12.0,28.92,0.0
85.0,2794.0,1.0,0.0,0.0,0.0,0.0,5.0,26.77,0.0
106.0,2794.0,1.0,0.0,0.0,1.0,0.0,5.0,15.88,0.0
107.0,2794.0,1.0,0.0,0.0,1.0,0.0,5.0,25.54,0.0
108.0,2794.0,1.0,0.0,0.0,20.0,0.0,13.0,168.89,1.0
108.0,2794.0,1.0,0.0,0.0,1.0,0.0,5.0,25.81,0.0
109.0,2794.0,1.0,0.0,0.0,1.0,0.0,5.0,17.92,0.0
2.0,2795.0,0.0,0.0,0.0,26.0,0.0,12.0,38.2,1.0
8.0,2795.0,0.0,0.0,0.0,35.0,0.0,18.0,964.96,0.0
9.0,2795.0,0.0,0.0,0.0,19.0,0.0,9.0,378.11,1.0
9.0,2795.0,0.0,0.0,0.0,0.0,0.0,5.0,14.07,0.0
10.0,2795.0,0.0,0.0,0.0,0.0,0.0,5.0,35.34,0.0
11.0,2795.0,0.0,0.0,0.0,9.0,0.0,10.0,69.19,0.0
12.0,2795.0,0.0,0.0,0.0,27.0,0.0,12.0,201.0,1.0
13.0,2795.0,0.0,0.0,0.0,0.0,0.0,5.0,13.5,0.0
14.0,2795.0,0.0,0.0,0.0,0.0,0.0,5.0,53.91,0.0
35.0,2795.0,0.0,0.0,0.0,1.0,0.0,5.0,27.86,0.0
36.0,2795.0,0.0,0.0,0.0,1.0,0.0,5.0,41.48,0.0
37.0,2795.0,0.0,0.0,0.0,13.0,0.0,14.0,46.08,1.0
37.0,2795.0,0.0,0.0,0.0,1.0,0.0,5.0,11.8,0.0
38.0,2795.0,0.0,0.0,0.0,1.0,0.0,5.0,7.61,0.0
43.0,2795.0,0.0,0.0,0.0,1.0,0.0,5.0,43.8,0.0
44.0,2795.0,0.0,0.0,0.0,1.0,0.0,5.0,43.1,0.0
45.0,2795.0,0.0,0.0,0.0,22.0,0.0,12.0,853.54,1.0
46.0,2795.0,0.0,0.0,0.0,1.0,0.0,5.0,16.85,0.0
47.0,2795.0,0.0,0.0,0.0,1.0,0.0,5.0,11.02,0.0
68.0,2795.0,0.0,0.0,0.0,5.0,0.0,8.0,44.39,0.0
69.0,2795.0,0.0,0.0,0.0,1.0,0.0,5.0,41.39,0.0
70.0,2795.0,0.0,0.0,0.0,22.0,0.0,12.0,657.28,1.0
71.0,2795.0,0.0,0.0,0.0,1.0,0.0,5.0,4.89,0.0
72.0,2795.0,0.0,0.0,0.0,1.0,0.0,5.0,29.57,0.0
163.0,2795.0,0.0,0.0,0.0,1.0,0.0,5.0,46.18,0.0
164.0,2795.0,0.0,0.0,0.0,1.0,0.0,5.0,27.34,0.0
165.0,2795.0,0.0,0.0,0.0,22.0,0.0,12.0,394.1,1.0
165.0,2795.0,0.0,0.0,0.0,5.0,0.0,8.0,25.84,0.0
166.0,2795.0,0.0,0.0,0.0,1.0,0.0,5.0,16.59,0.0
2.0,2799.0,0.0,1.0,0.0,22.0,0.0,12.0,478.89,1.0
5.0,2799.0,0.0,1.0,0.0,22.0,0.0,12.0,228.93,1.0
6.0,2799.0,0.0,1.0,0.0,22.0,0.0,12.0,460.96,1.0
7.0,2799.0,0.0,1.0,0.0,39.0,0.0,18.0,672.44,1.0
8.0,2799.0,0.0,1.0,0.0,22.0,0.0,12.0,901.32,1.0
11.0,2799.0,0.0,1.0,0.0,25.0,0.0,15.0,74.83,0.0
8.0,2799.0,0.0,1.0,0.0,45.0,0.0,18.0,2917.32,1.0
12.0,2799.0,0.0,1.0,0.0,22.0,0.0,12.0,353.03,1.0
16.0,2799.0,0.0,1.0,0.0,6.0,0.0,6.0,189.56,0.0
14.0,2799.0,0.0,1.0,0.0,20.0,0.0,13.0,287.36,1.0
22.0,2799.0,0.0,1.0,0.0,12.0,0.0,13.0,354.65,1.0
27.0,2799.0,0.0,1.0,0.0,25.0,0.0,15.0,265.7,1.0
28.0,2799.0,0.0,1.0,0.0,6.0,0.0,6.0,273.44,0.0
27.0,2799.0,0.0,1.0,0.0,20.0,0.0,13.0,713.98,1.0
28.0,2799.0,0.0,1.0,0.0,2.0,0.0,6.0,101.94,0.0
30.0,2799.0,0.0,1.0,0.0,25.0,0.0,15.0,446.83,1.0
32.0,2799.0,0.0,1.0,0.0,17.0,0.0,9.0,80.83,1.0
32.0,2799.0,0.0,1.0,0.0,6.0,0.0,6.0,40.77,1.0
40.0,2799.0,0.0,1.0,0.0,25.0,0.0,15.0,16.37,0.0
34.0,2799.0,0.0,1.0,0.0,18.0,0.0,9.0,254.87,1.0
42.0,2799.0,0.0,1.0,0.0,6.0,0.0,6.0,1.49,0.0
42.0,2799.0,0.0,1.0,0.0,7.0,0.0,6.0,23.41,0.0
44.0,2799.0,0.0,1.0,0.0,13.0,0.0,14.0,142.26,1.0
52.0,2799.0,0.0,1.0,0.0,20.0,0.0,13.0,56.09,0.0
50.0,2799.0,0.0,1.0,0.0,15.0,0.0,13.0,160.69,1.0
62.0,2799.0,0.0,1.0,0.0,9.0,0.0,10.0,61.33,0.0
66.0,2799.0,0.0,1.0,0.0,0.0,0.0,5.0,8.14,0.0
67.0,2799.0,0.0,1.0,0.0,0.0,0.0,5.0,46.5,0.0
67.0,2799.0,0.0,1.0,0.0,30.0,0.0,16.0,58.65,1.0
68.0,2799.0,0.0,1.0,0.0,0.0,0.0,5.0,5.85,0.0
69.0,2799.0,0.0,1.0,0.0,0.0,0.0,5.0,21.36,0.0
75.0,2799.0,0.0,1.0,0.0,0.0,0.0,5.0,14.37,0.0
76.0,2799.0,0.0,1.0,0.0,0.0,0.0,5.0,10.83,0.0
76.0,2799.0,0.0,1.0,0.0,41.0,0.0,19.0,224.36,1.0
77.0,2799.0,0.0,1.0,0.0,0.0,0.0,5.0,22.34,0.0
78.0,2799.0,0.0,1.0,0.0,0.0,0.0,5.0,54.93,0.0
95.0,2799.0,0.0,1.0,0.0,1.0,0.0,5.0,19.06,0.0
98.0,2799.0,0.0,1.0,0.0,1.0,0.0,5.0,50.45,0.0
99.0,2799.0,0.0,1.0,0.0,22.0,0.0,12.0,437.42,1.0
99.0,2799.0,0.0,1.0,0.0,1.0,0.0,5.0,29.15,0.0
100.0,2799.0,0.0,1.0,0.0,1.0,0.0,5.0,41.13,0.0
107.0,2799.0,0.0,1.0,0.0,1.0,0.0,5.0,12.39,0.0
108.0,2799.0,0.0,1.0,0.0,1.0,0.0,5.0,34.05,0.0
108.0,2799.0,0.0,1.0,0.0,13.0,0.0,14.0,269.08,1.0
109.0,2799.0,0.0,1.0,0.0,1.0,0.0,5.0,7.82,0.0
108.0,2799.0,0.0,1.0,0.0,6.0,0.0,6.0,1099.89,1.0
110.0,2799.0,0.0,1.0,0.0,1.0,0.0,5.0,60.77,0.0
121.0,2799.0,0.0,1.0,0.0,1.0,0.0,5.0,33.44,0.0
122.0,2799.0,0.0,1.0,0.0,1.0,0.0,5.0,11.1,0.0
122.0,2799.0,0.0,1.0,0.0,35.0,0.0,18.0,402.03,1.0
123.0,2799.0,0.0,1.0,0.0,5.0,0.0,8.0,17.33,0.0
124.0,2799.0,0.0,1.0,0.0,1.0,0.0,5.0,53.42,0.0
142.0,2799.0,0.0,1.0,0.0,1.0,0.0,5.0,22.92,0.0
143.0,2799.0,0.0,1.0,0.0,1.0,0.0,5.0,6.68,0.0
144.0,2799.0,0.0,1.0,0.0,38.0,0.0,19.0,306.62,1.0
144.0,2799.0,0.0,1.0,0.0,1.0,0.0,5.0,67.02,0.0
145.0,2799.0,0.0,1.0,0.0,4.0,0.0,6.0,14.94,0.0
159.0,2799.0,0.0,1.0,0.0,1.0,0.0,5.0,12.05,0.0
160.0,2799.0,0.0,1.0,0.0,1.0,0.0,5.0,2.84,0.0
161.0,2799.0,0.0,1.0,0.0,6.0,0.0,6.0,254.92,1.0
161.0,2799.0,0.0,1.0,0.0,1.0,0.0,5.0,22.26,0.0
162.0,2799.0,0.0,1.0,0.0,1.0,0.0,5.0,1.3,0.0
2.0,2800.0,1.0,0.0,0.0,22.0,0.0,12.0,283.25,1.0
7.0,2800.0,1.0,0.0,0.0,25.0,0.0,15.0,56.38,0.0
4.0,2800.0,1.0,0.0,0.0,6.0,0.0,6.0,475.9,1.0
10.0,2800.0,1.0,0.0,0.0,6.0,0.0,6.0,703.95,1.0
36.0,2800.0,1.0,0.0,0.0,6.0,0.0,6.0,118.36,0.0
41.0,2800.0,1.0,0.0,0.0,12.0,0.0,13.0,0.18,0.0
57.0,2800.0,1.0,0.0,0.0,15.0,0.0,13.0,48.27,1.0
63.0,2800.0,1.0,0.0,0.0,6.0,0.0,6.0,88.52,0.0
63.0,2800.0,1.0,0.0,0.0,2.0,0.0,6.0,39.71,0.0
86.0,2800.0,1.0,0.0,0.0,20.0,0.0,13.0,121.43,0.0
95.0,2800.0,1.0,0.0,0.0,25.0,0.0,15.0,61.26,0.0
99.0,2800.0,1.0,0.0,0.0,44.0,0.0,13.0,114.12,1.0
110.0,2800.0,1.0,0.0,0.0,12.0,0.0,13.0,53.39,0.0
110.0,2800.0,1.0,0.0,0.0,20.0,0.0,13.0,76.28,0.0
120.0,2800.0,1.0,0.0,0.0,1.0,0.0,5.0,21.12,0.0
121.0,2800.0,1.0,0.0,0.0,1.0,0.0,5.0,34.82,0.0
121.0,2800.0,1.0,0.0,0.0,22.0,0.0,12.0,110.83,1.0
122.0,2800.0,1.0,0.0,0.0,1.0,0.0,5.0,0.13,0.0
123.0,2800.0,1.0,0.0,0.0,1.0,0.0,5.0,19.71,0.0
162.0,2800.0,1.0,0.0,0.0,1.0,0.0,5.0,42.45,0.0
163.0,2800.0,1.0,0.0,0.0,1.0,0.0,5.0,21.66,0.0
163.0,2800.0,1.0,0.0,0.0,20.0,0.0,13.0,393.62,1.0
164.0,2800.0,1.0,0.0,0.0,1.0,0.0,5.0,23.67,0.0
165.0,2800.0,1.0,0.0,0.0,1.0,0.0,5.0,9.75,0.0
2.0,2805.0,4.0,1.0,0.0,6.0,0.0,6.0,6.37,0.0
4.0,2805.0,4.0,1.0,0.0,11.0,0.0,12.0,74.02,0.0
54.0,2805.0,4.0,1.0,0.0,22.0,0.0,12.0,68.6,1.0
63.0,2805.0,4.0,1.0,0.0,12.0,0.0,13.0,6.05,0.0
85.0,2805.0,4.0,1.0,0.0,6.0,0.0,6.0,41.09,0.0
135.0,2805.0,4.0,1.0,0.0,1.0,0.0,5.0,66.63,0.0
136.0,2805.0,4.0,1.0,0.0,1.0,0.0,5.0,10.5,0.0
137.0,2805.0,4.0,1.0,0.0,20.0,0.0,13.0,38.56,1.0
137.0,2805.0,4.0,1.0,0.0,1.0,0.0,5.0,24.39,0.0
138.0,2805.0,4.0,1.0,0.0,1.0,0.0,5.0,47.19,0.0
142.0,2805.0,4.0,1.0,0.0,1.0,0.0,5.0,27.17,0.0
143.0,2805.0,4.0,1.0,0.0,1.0,0.0,5.0,61.86,0.0
144.0,2805.0,4.0,1.0,0.0,16.0,0.0,16.0,155.85,1.0
144.0,2805.0,4.0,1.0,0.0,5.0,0.0,8.0,0.77,0.0
145.0,2805.0,4.0,1.0,0.0,1.0,0.0,5.0,25.69,0.0
34.0,2807.0,2.0,1.0,0.0,13.0,0.0,14.0,51.79,0.0
35.0,2807.0,2.0,1.0,0.0,12.0,0.0,13.0,39.31,0.0
38.0,2807.0,2.0,1.0,0.0,22.0,0.0,12.0,595.16,1.0
56.0,2807.0,2.0,1.0,0.0,3.0,0.0,7.0,205.55,0.0
65.0,2807.0,2.0,1.0,0.0,22.0,0.0,12.0,104.06,1.0
65.0,2807.0,2.0,1.0,0.0,3.0,0.0,7.0,118.33,0.0
68.0,2807.0,2.0,1.0,0.0,3.0,0.0,7.0,11.22,0.0
134.0,2807.0,2.0,1.0,0.0,1.0,0.0,5.0,20.89,0.0
135.0,2807.0,2.0,1.0,0.0,1.0,0.0,5.0,37.76,0.0
136.0,2807.0,2.0,1.0,0.0,22.0,0.0,12.0,335.55,1.0
136.0,2807.0,2.0,1.0,0.0,1.0,0.0,5.0,22.63,0.0
137.0,2807.0,2.0,1.0,0.0,1.0,0.0,5.0,9.47,0.0
172.0,2807.0,2.0,1.0,0.0,1.0,0.0,5.0,21.99,0.0
173.0,2807.0,2.0,1.0,0.0,1.0,0.0,5.0,14.73,0.0
174.0,2807.0,2.0,1.0,0.0,30.0,0.0,16.0,617.16,1.0
174.0,2807.0,2.0,1.0,0.0,1.0,0.0,5.0,11.86,0.0
175.0,2807.0,2.0,1.0,0.0,1.0,0.0,5.0,61.45,0.0
64.0,2808.0,1.0,1.0,0.0,6.0,0.0,6.0,198.81,0.0
64.0,2808.0,1.0,1.0,0.0,2.0,0.0,6.0,74.13,0.0
74.0,2808.0,1.0,1.0,0.0,41.0,0.0,19.0,197.35,1.0
86.0,2808.0,1.0,1.0,0.0,13.0,0.0,14.0,14.24,0.0
87.0,2808.0,1.0,1.0,0.0,0.0,0.0,5.0,26.39,0.0
88.0,2808.0,1.0,1.0,0.0,27.0,0.0,12.0,748.06,1.0
88.0,2808.0,1.0,1.0,0.0,0.0,0.0,5.0,20.44,0.0
89.0,2808.0,1.0,1.0,0.0,0.0,0.0,5.0,40.66,0.0
119.0,2808.0,1.0,1.0,0.0,32.0,0.0,11.0,58.81,0.0
120.0,2808.0,1.0,1.0,0.0,14.0,0.0,15.0,52.47,0.0
121.0,2808.0,1.0,1.0,0.0,13.0,0.0,14.0,106.52,1.0
121.0,2808.0,1.0,1.0,0.0,1.0,0.0,5.0,13.32,0.0
122.0,2808.0,1.0,1.0,0.0,1.0,0.0,5.0,9.91,0.0
144.0,2808.0,1.0,1.0,0.0,5.0,0.0,8.0,84.52,0.0
145.0,2808.0,1.0,1.0,0.0,1.0,0.0,5.0,37.86,0.0
145.0,2808.0,1.0,1.0,0.0,6.0,0.0,6.0,388.18,1.0
146.0,2808.0,1.0,1.0,0.0,1.0,0.0,5.0,45.06,0.0
147.0,2808.0,1.0,1.0,0.0,1.0,0.0,5.0,41.12,0.0
157.0,2808.0,1.0,1.0,0.0,1.0,0.0,5.0,19.72,0.0
158.0,2808.0,1.0,1.0,0.0,1.0,0.0,5.0,1.05,0.0
159.0,2808.0,1.0,1.0,0.0,6.0,0.0,6.0,76.88,1.0
159.0,2808.0,1.0,1.0,0.0,1.0,0.0,5.0,42.74,0.0
160.0,2808.0,1.0,1.0,0.0,1.0,0.0,5.0,5.58,0.0
166.0,2808.0,1.0,1.0,0.0,1.0,0.0,5.0,6.56,0.0
168.0,2808.0,1.0,1.0,0.0,1.0,0.0,5.0,27.03,0.0
169.0,2808.0,1.0,1.0,0.0,22.0,0.0,12.0,139.57,1.0
169.0,2808.0,1.0,1.0,0.0,1.0,0.0,5.0,2.14,0.0
170.0,2808.0,1.0,1.0,0.0,1.0,0.0,5.0,32.05,0.0
2.0,2810.0,2.0,0.0,0.0,21.0,0.0,13.0,80.49,0.0
10.0,2810.0,2.0,0.0,0.0,3.0,0.0,7.0,736.28,1.0
12.0,2810.0,2.0,0.0,0.0,12.0,0.0,13.0,85.88,0.0
13.0,2810.0,2.0,0.0,0.0,22.0,0.0,12.0,302.83,1.0
32.0,2810.0,2.0,0.0,0.0,6.0,0.0,6.0,154.46,0.0
33.0,2810.0,2.0,0.0,0.0,22.0,0.0,12.0,95.72,1.0
66.0,2810.0,2.0,0.0,0.0,25.0,0.0,15.0,6.86,0.0
77.0,2810.0,2.0,0.0,0.0,6.0,0.0,6.0,163.2,0.0
77.0,2810.0,2.0,0.0,0.0,7.0,0.0,6.0,11.09,0.0
80.0,2810.0,2.0,0.0,0.0,22.0,0.0,12.0,932.76,1.0
139.0,2810.0,2.0,0.0,0.0,7.0,0.0,6.0,129.25,0.0
138.0,2810.0,2.0,0.0,0.0,26.0,0.0,12.0,509.84,1.0
139.0,2810.0,2.0,0.0,0.0,2.0,0.0,6.0,257.79,0.0
175.0,2810.0,2.0,0.0,0.0,0.0,0.0,5.0,0.39,0.0
176.0,2810.0,2.0,0.0,0.0,0.0,0.0,5.0,23.86,0.0
176.0,2810.0,2.0,0.0,0.0,6.0,0.0,6.0,732.56,1.0
177.0,2810.0,2.0,0.0,0.0,9.0,0.0,10.0,42.35,0.0
177.0,2810.0,2.0,0.0,0.0,18.0,0.0,9.0,135.27,1.0
178.0,2810.0,2.0,0.0,0.0,0.0,0.0,5.0,22.1,0.0
179.0,2810.0,2.0,0.0,0.0,0.0,0.0,5.0,39.06,0.0
109.0,2812.0,1.0,0.0,0.0,1.0,0.0,5.0,34.88,0.0
110.0,2812.0,1.0,0.0,0.0,1.0,0.0,5.0,37.59,0.0
111.0,2812.0,1.0,0.0,0.0,17.0,0.0,9.0,156.18,1.0
111.0,2812.0,1.0,0.0,0.0,1.0,0.0,5.0,44.33,0.0
112.0,2812.0,1.0,0.0,0.0,1.0,0.0,5.0,7.59,0.0
79.0,2814.0,4.0,1.0,0.0,7.0,0.0,6.0,172.4,0.0
79.0,2814.0,4.0,1.0,0.0,2.0,0.0,6.0,93.57,0.0
114.0,2814.0,4.0,1.0,0.0,41.0,0.0,19.0,432.93,1.0
127.0,2814.0,4.0,1.0,0.0,25.0,0.0,15.0,24.32,0.0
128.0,2814.0,4.0,1.0,0.0,6.0,0.0,6.0,126.22,1.0
134.0,2814.0,4.0,1.0,0.0,6.0,0.0,6.0,182.88,0.0
134.0,2814.0,4.0,1.0,0.0,7.0,0.0,6.0,183.68,0.0
134.0,2814.0,4.0,1.0,0.0,2.0,0.0,6.0,72.32,0.0
150.0,2814.0,4.0,1.0,0.0,17.0,0.0,9.0,6.17,1.0
156.0,2814.0,4.0,1.0,0.0,12.0,0.0,13.0,61.47,0.0
153.0,2814.0,4.0,1.0,0.0,6.0,0.0,6.0,865.11,1.0
156.0,2814.0,4.0,1.0,0.0,20.0,0.0,13.0,87.46,0.0
12.0,2817.0,2.0,1.0,0.0,0.0,0.0,5.0,9.69,0.0
14.0,2817.0,2.0,1.0,0.0,16.0,0.0,16.0,7.4,0.0
16.0,2817.0,2.0,1.0,0.0,21.0,0.0,13.0,578.0,1.0
19.0,2817.0,2.0,1.0,0.0,0.0,0.0,5.0,5.86,0.0
21.0,2817.0,2.0,1.0,0.0,0.0,0.0,5.0,18.37,0.0
87.0,2819.0,2.0,0.0,0.0,7.0,0.0,6.0,95.97,0.0
87.0,2819.0,2.0,0.0,0.0,2.0,0.0,6.0,66.18,0.0
103.0,2819.0,2.0,0.0,0.0,18.0,0.0,9.0,252.45,1.0
103.0,2819.0,2.0,0.0,0.0,12.0,0.0,13.0,112.12,0.0
109.0,2819.0,2.0,0.0,0.0,6.0,0.0,6.0,497.85,1.0
113.0,2819.0,2.0,0.0,0.0,6.0,0.0,6.0,119.47,0.0
110.0,2819.0,2.0,0.0,0.0,13.0,0.0,14.0,178.37,1.0
113.0,2819.0,2.0,0.0,0.0,2.0,0.0,6.0,232.94,0.0
128.0,2819.0,2.0,0.0,0.0,6.0,0.0,6.0,345.36,1.0
131.0,2819.0,2.0,0.0,0.0,6.0,0.0,6.0,932.19,1.0
144.0,2819.0,2.0,0.0,0.0,8.0,0.0,9.0,36.82,0.0
132.0,2819.0,2.0,0.0,0.0,17.0,0.0,9.0,471.95,1.0
146.0,2819.0,2.0,0.0,0.0,6.0,0.0,6.0,574.68,1.0
154.0,2819.0,2.0,0.0,0.0,25.0,0.0,15.0,50.18,0.0
158.0,2819.0,2.0,0.0,0.0,6.0,0.0,6.0,5.17,0.0
158.0,2819.0,2.0,0.0,0.0,7.0,0.0,6.0,15.21,0.0
158.0,2819.0,2.0,0.0,0.0,2.0,0.0,6.0,210.97,0.0
168.0,2819.0,2.0,0.0,0.0,22.0,0.0,12.0,422.7,1.0
176.0,2819.0,2.0,0.0,0.0,25.0,0.0,15.0,109.36,0.0
168.0,2819.0,2.0,0.0,0.0,6.0,0.0,6.0,256.33,1.0
2.0,2822.0,4.0,0.0,0.0,6.0,0.0,6.0,380.78,0.0
24.0,2822.0,4.0,0.0,0.0,30.0,0.0,16.0,161.75,1.0
49.0,2822.0,4.0,0.0,0.0,25.0,0.0,15.0,138.0,0.0
35.0,2822.0,4.0,0.0,0.0,6.0,0.0,6.0,10.56,1.0
59.0,2822.0,4.0,0.0,0.0,22.0,0.0,12.0,282.66,1.0
71.0,2822.0,4.0,0.0,0.0,6.0,0.0,6.0,62.82,0.0
71.0,2822.0,4.0,0.0,0.0,2.0,0.0,6.0,118.57,0.0
104.0,2822.0,4.0,0.0,0.0,8.0,0.0,9.0,96.12,0.0
127.0,2822.0,4.0,0.0,0.0,38.0,0.0,19.0,420.24,1.0
145.0,2822.0,4.0,0.0,0.0,7.0,0.0,6.0,96.71,0.0
157.0,2822.0,4.0,0.0,0.0,20.0,0.0,13.0,6.7,0.0
68.0,2824.0,0.0,0.0,0.0,0.0,0.0,5.0,12.11,0.0
69.0,2824.0,0.0,0.0,0.0,0.0,0.0,5.0,28.95,0.0
70.0,2824.0,0.0,0.0,0.0,13.0,0.0,14.0,118.26,1.0
70.0,2824.0,0.0,0.0,0.0,0.0,0.0,5.0,2.21,0.0
71.0,2824.0,0.0,0.0,0.0,0.0,0.0,5.0,1.18,0.0
77.0,2824.0,0.0,0.0,0.0,5.0,0.0,8.0,46.86,0.0
78.0,2824.0,0.0,0.0,0.0,1.0,0.0,5.0,5.48,0.0
78.0,2824.0,0.0,0.0,0.0,22.0,0.0,12.0,512.33,1.0
79.0,2824.0,0.0,0.0,0.0,4.0,0.0,6.0,70.47,0.0
79.0,2824.0,0.0,0.0,0.0,42.0,0.0,6.0,178.41,0.0
132.0,2824.0,0.0,0.0,0.0,1.0,0.0,5.0,27.11,0.0
133.0,2824.0,0.0,0.0,0.0,28.0,0.0,13.0,4.31,0.0
133.0,2824.0,0.0,0.0,0.0,35.0,0.0,18.0,2011.86,1.0
134.0,2824.0,0.0,0.0,0.0,0.0,0.0,5.0,39.39,0.0
134.0,2824.0,0.0,0.0,0.0,1.0,0.0,5.0,48.51,0.0
40.0,2826.0,0.0,1.0,0.0,22.0,0.0,12.0,92.21,0.0
58.0,2826.0,0.0,1.0,0.0,7.0,0.0,6.0,187.71,0.0
65.0,2826.0,0.0,1.0,0.0,22.0,0.0,12.0,915.46,1.0
71.0,2826.0,0.0,1.0,0.0,7.0,0.0,6.0,19.37,0.0
71.0,2826.0,0.0,1.0,0.0,2.0,0.0,6.0,109.27,0.0
73.0,2826.0,0.0,1.0,0.0,35.0,0.0,18.0,228.51,1.0
75.0,2826.0,0.0,1.0,0.0,12.0,0.0,13.0,33.17,0.0
77.0,2826.0,0.0,1.0,0.0,38.0,0.0,19.0,442.48,1.0
83.0,2826.0,0.0,1.0,0.0,6.0,0.0,6.0,168.68,0.0
93.0,2826.0,0.0,1.0,0.0,39.0,0.0,18.0,141.49,0.0
93.0,2826.0,0.0,1.0,0.0,13.0,0.0,14.0,167.34,1.0
102.0,2826.0,0.0,1.0,0.0,12.0,0.0,13.0,6.03,0.0
102.0,2826.0,0.0,1.0,0.0,20.0,0.0,13.0,97.41,0.0
174.0,2826.0,0.0,1.0,0.0,1.0,0.0,5.0,38.93,0.0
175.0,2826.0,0.0,1.0,0.0,1.0,0.0,5.0,18.14,0.0
175.0,2826.0,0.0,1.0,0.0,22.0,0.0,12.0,134.69,1.0
176.0,2826.0,0.0,1.0,0.0,1.0,0.0,5.0,25.2,0.0
177.0,2826.0,0.0,1.0,0.0,1.0,0.0,5.0,27.07,0.0
2.0,2827.0,2.0,1.0,0.0,3.0,0.0,7.0,41.48,1.0
9.0,2827.0,2.0,1.0,0.0,6.0,0.0,6.0,224.25,1.0
12.0,2827.0,2.0,1.0,0.0,13.0,0.0,14.0,16.74,0.0
10.0,2827.0,2.0,1.0,0.0,16.0,0.0,16.0,251.34,1.0
13.0,2827.0,2.0,1.0,0.0,0.0,0.0,5.0,14.91,0.0
14.0,2827.0,2.0,1.0,0.0,35.0,0.0,18.0,1606.78,0.0
15.0,2827.0,2.0,1.0,0.0,0.0,0.0,5.0,17.65,0.0
15.0,2827.0,2.0,1.0,0.0,22.0,0.0,12.0,529.78,1.0
16.0,2827.0,2.0,1.0,0.0,0.0,0.0,5.0,14.11,0.0
17.0,2827.0,2.0,1.0,0.0,0.0,0.0,5.0,9.93,0.0
26.0,2827.0,2.0,1.0,0.0,0.0,0.0,5.0,19.63,0.0
27.0,2827.0,2.0,1.0,0.0,0.0,0.0,5.0,17.52,0.0
27.0,2827.0,2.0,1.0,0.0,20.0,0.0,13.0,531.24,1.0
28.0,2827.0,2.0,1.0,0.0,0.0,0.0,5.0,20.78,0.0
29.0,2827.0,2.0,1.0,0.0,0.0,0.0,5.0,49.19,0.0
51.0,2827.0,2.0,1.0,0.0,0.0,0.0,5.0,55.13,0.0
52.0,2827.0,2.0,1.0,0.0,0.0,0.0,5.0,64.33,0.0
53.0,2827.0,2.0,1.0,0.0,6.0,0.0,6.0,395.71,1.0
53.0,2827.0,2.0,1.0,0.0,0.0,0.0,5.0,0.58,0.0
54.0,2827.0,2.0,1.0,0.0,0.0,0.0,5.0,11.36,0.0
126.0,2827.0,2.0,1.0,0.0,0.0,0.0,5.0,20.95,0.0
127.0,2827.0,2.0,1.0,0.0,0.0,0.0,5.0,4.02,0.0
127.0,2827.0,2.0,1.0,0.0,35.0,0.0,18.0,2769.77,1.0
128.0,2827.0,2.0,1.0,0.0,0.0,0.0,5.0,25.26,0.0
129.0,2827.0,2.0,1.0,0.0,0.0,0.0,5.0,31.8,0.0
171.0,2827.0,2.0,1.0,0.0,4.0,0.0,6.0,71.05,0.0
172.0,2827.0,2.0,1.0,0.0,1.0,0.0,5.0,25.3,0.0
172.0,2827.0,2.0,1.0,0.0,35.0,0.0,18.0,4129.53,1.0
173.0,2827.0,2.0,1.0,0.0,1.0,0.0,5.0,35.31,0.0
174.0,2827.0,2.0,1.0,0.0,1.0,0.0,5.0,39.41,0.0
2.0,2828.0,1.0,1.0,0.0,3.0,0.0,7.0,572.01,1.0
4.0,2828.0,1.0,1.0,0.0,13.0,0.0,14.0,34.22,0.0
3.0,2828.0,1.0,1.0,0.0,13.0,0.0,14.0,131.24,1.0
5.0,2828.0,1.0,1.0,0.0,0.0,0.0,5.0,51.81,0.0
19.0,2828.0,1.0,1.0,0.0,27.0,0.0,12.0,1.49,0.0
21.0,2828.0,1.0,1.0,0.0,0.0,0.0,5.0,14.33,0.0
22.0,2828.0,1.0,1.0,0.0,41.0,0.0,19.0,335.36,1.0
22.0,2828.0,1.0,1.0,0.0,0.0,0.0,5.0,0.27,0.0
23.0,2828.0,1.0,1.0,0.0,15.0,0.0,13.0,8.83,0.0
88.0,2828.0,1.0,1.0,0.0,0.0,0.0,5.0,0.96,0.0
89.0,2828.0,1.0,1.0,0.0,0.0,0.0,5.0,35.42,0.0
90.0,2828.0,1.0,1.0,0.0,16.0,0.0,16.0,818.88,1.0
90.0,2828.0,1.0,1.0,0.0,0.0,0.0,5.0,48.76,0.0
91.0,2828.0,1.0,1.0,0.0,0.0,0.0,5.0,25.49,0.0
2.0,2830.0,0.0,0.0,0.0,41.0,0.0,19.0,242.03,1.0
25.0,2830.0,0.0,0.0,0.0,9.0,0.0,10.0,107.82,0.0
26.0,2830.0,0.0,0.0,0.0,0.0,0.0,5.0,27.39,0.0
27.0,2830.0,0.0,0.0,0.0,0.0,0.0,5.0,51.33,0.0
27.0,2830.0,0.0,0.0,0.0,22.0,0.0,12.0,88.44,1.0
28.0,2830.0,0.0,0.0,0.0,0.0,0.0,5.0,17.06,0.0
29.0,2830.0,0.0,0.0,0.0,0.0,0.0,5.0,34.02,0.0
39.0,2830.0,0.0,0.0,0.0,0.0,0.0,5.0,45.22,0.0
40.0,2830.0,0.0,0.0,0.0,0.0,0.0,5.0,3.99,0.0
40.0,2830.0,0.0,0.0,0.0,30.0,0.0,16.0,402.17,1.0
41.0,2830.0,0.0,0.0,0.0,0.0,0.0,5.0,23.77,0.0
43.0,2830.0,0.0,0.0,0.0,0.0,0.0,5.0,18.44,0.0
45.0,2830.0,0.0,0.0,0.0,9.0,0.0,10.0,34.46,0.0
46.0,2830.0,0.0,0.0,0.0,0.0,0.0,5.0,50.9,0.0
47.0,2830.0,0.0,0.0,0.0,6.0,0.0,6.0,955.37,1.0
47.0,2830.0,0.0,0.0,0.0,0.0,0.0,5.0,19.66,0.0
48.0,2830.0,0.0,0.0,0.0,0.0,0.0,5.0,51.59,0.0
63.0,2830.0,0.0,0.0,0.0,13.0,0.0,14.0,26.15,0.0
64.0,2830.0,0.0,0.0,0.0,12.0,0.0,13.0,34.48,0.0
76.0,2830.0,0.0,0.0,0.0,25.0,0.0,15.0,327.28,1.0
88.0,2830.0,0.0,0.0,0.0,6.0,0.0,6.0,107.77,0.0
98.0,2830.0,0.0,0.0,0.0,18.0,0.0,9.0,73.36,0.0
102.0,2830.0,0.0,0.0,0.0,17.0,0.0,9.0,81.92,0.0
112.0,2830.0,0.0,0.0,0.0,7.0,0.0,6.0,34.46,0.0
147.0,2830.0,0.0,0.0,0.0,6.0,0.0,6.0,513.24,1.0
177.0,2830.0,0.0,0.0,0.0,22.0,0.0,12.0,58.35,0.0
152.0,2830.0,0.0,0.0,0.0,16.0,0.0,16.0,899.24,1.0
69.0,2835.0,0.0,0.0,0.0,1.0,0.0,5.0,29.27,0.0
70.0,2835.0,0.0,0.0,0.0,1.0,0.0,5.0,18.6,0.0
71.0,2835.0,0.0,0.0,0.0,6.0,0.0,6.0,195.28,1.0
71.0,2835.0,0.0,0.0,0.0,1.0,0.0,5.0,55.22,0.0
72.0,2835.0,0.0,0.0,0.0,1.0,0.0,5.0,3.33,0.0
85.0,2837.0,2.0,0.0,0.0,0.0,0.0,5.0,17.05,0.0
86.0,2837.0,2.0,0.0,0.0,0.0,0.0,5.0,50.12,0.0
87.0,2837.0,2.0,0.0,0.0,6.0,0.0,6.0,486.66,1.0
87.0,2837.0,2.0,0.0,0.0,0.0,0.0,5.0,32.63,0.0
88.0,2837.0,2.0,0.0,0.0,0.0,0.0,5.0,3.42,0.0
111.0,2837.0,2.0,0.0,0.0,0.0,0.0,5.0,1.58,0.0
112.0,2837.0,2.0,0.0,0.0,0.0,0.0,5.0,4.33,0.0
112.0,2837.0,2.0,0.0,0.0,22.0,0.0,12.0,501.29,1.0
113.0,2837.0,2.0,0.0,0.0,0.0,0.0,5.0,8.98,0.0
114.0,2837.0,2.0,0.0,0.0,0.0,0.0,5.0,38.74,0.0
22.0,2838.0,2.0,1.0,0.0,10.0,0.0,11.0,125.91,0.0
23.0,2838.0,2.0,1.0,0.0,21.0,0.0,13.0,12.55,0.0
64.0,2838.0,2.0,1.0,0.0,26.0,0.0,12.0,367.55,1.0
72.0,2838.0,2.0,1.0,0.0,6.0,0.0,6.0,78.98,0.0
73.0,2838.0,2.0,1.0,0.0,3.0,0.0,7.0,112.33,0.0
2.0,2839.0,1.0,0.0,0.0,22.0,0.0,12.0,43.89,1.0
17.0,2839.0,1.0,0.0,0.0,35.0,0.0,18.0,616.47,0.0
3.0,2839.0,1.0,0.0,0.0,22.0,0.0,12.0,709.28,1.0
19.0,2839.0,1.0,0.0,0.0,0.0,0.0,5.0,29.57,0.0
150.0,2839.0,1.0,0.0,0.0,29.0,0.0,13.0,61.49,0.0
151.0,2839.0,1.0,0.0,0.0,0.0,0.0,5.0,43.07,0.0
152.0,2839.0,1.0,0.0,0.0,22.0,0.0,12.0,159.82,1.0
152.0,2839.0,1.0,0.0,0.0,0.0,0.0,5.0,50.05,0.0
153.0,2839.0,1.0,0.0,0.0,0.0,0.0,5.0,14.9,0.0
113.0,2841.0,0.0,0.0,0.0,22.0,0.0,12.0,1.51,0.0
117.0,2841.0,0.0,0.0,0.0,20.0,0.0,13.0,115.03,0.0
123.0,2841.0,0.0,0.0,0.0,20.0,0.0,13.0,307.03,1.0
130.0,2841.0,0.0,0.0,0.0,12.0,0.0,13.0,35.16,0.0
130.0,2841.0,0.0,0.0,0.0,20.0,0.0,13.0,25.74,0.0
2.0,2845.0,0.0,0.0,0.0,22.0,0.0,12.0,358.25,1.0
3.0,2845.0,0.0,0.0,0.0,6.0,0.0,6.0,17.1,1.0
12.0,2845.0,0.0,0.0,0.0,13.0,0.0,14.0,57.59,0.0
4.0,2845.0,0.0,0.0,0.0,21.0,0.0,13.0,423.5,1.0
13.0,2845.0,0.0,0.0,0.0,5.0,0.0,8.0,54.57,0.0
66.0,2845.0,0.0,0.0,0.0,1.0,0.0,5.0,35.59,0.0
68.0,2845.0,0.0,0.0,0.0,1.0,0.0,5.0,45.34,0.0
69.0,2845.0,0.0,0.0,0.0,6.0,0.0,6.0,1056.6,1.0
69.0,2845.0,0.0,0.0,0.0,1.0,0.0,5.0,13.67,0.0
71.0,2845.0,0.0,0.0,0.0,1.0,0.0,5.0,33.81,0.0
103.0,2845.0,0.0,0.0,0.0,1.0,0.0,5.0,25.44,0.0
104.0,2845.0,0.0,0.0,0.0,1.0,0.0,5.0,45.77,0.0
105.0,2845.0,0.0,0.0,0.0,6.0,0.0,6.0,85.56,1.0
107.0,2845.0,0.0,0.0,0.0,1.0,0.0,5.0,15.47,0.0
108.0,2845.0,0.0,0.0,0.0,1.0,0.0,5.0,49.88,0.0
155.0,2845.0,0.0,0.0,0.0,1.0,0.0,5.0,3.72,0.0
156.0,2845.0,0.0,0.0,0.0,1.0,0.0,5.0,9.85,0.0
156.0,2845.0,0.0,0.0,0.0,6.0,0.0,6.0,39.16,1.0
157.0,2845.0,0.0,0.0,0.0,5.0,0.0,8.0,34.41,0.0
158.0,2845.0,0.0,0.0,0.0,1.0,0.0,5.0,47.46,0.0
2.0,2846.0,5.0,0.0,0.0,22.0,0.0,12.0,404.39,1.0
2.0,2846.0,5.0,0.0,0.0,7.0,0.0,6.0,10.65,0.0
11.0,2846.0,5.0,0.0,0.0,7.0,0.0,6.0,106.49,0.0
11.0,2846.0,5.0,0.0,0.0,2.0,0.0,6.0,29.88,0.0
13.0,2846.0,5.0,0.0,0.0,35.0,0.0,18.0,1998.45,1.0
22.0,2846.0,5.0,0.0,0.0,25.0,0.0,15.0,22.08,0.0
16.0,2846.0,5.0,0.0,0.0,21.0,0.0,13.0,404.65,1.0
41.0,2846.0,5.0,0.0,0.0,30.0,0.0,16.0,145.64,0.0
51.0,2846.0,5.0,0.0,0.0,9.0,0.0,10.0,120.41,0.0
52.0,2846.0,5.0,0.0,0.0,0.0,0.0,5.0,22.42,0.0
53.0,2846.0,5.0,0.0,0.0,6.0,0.0,6.0,175.45,1.0
53.0,2846.0,5.0,0.0,0.0,0.0,0.0,5.0,15.9,0.0
55.0,2846.0,5.0,0.0,0.0,0.0,0.0,5.0,5.97,0.0
84.0,2846.0,5.0,0.0,0.0,0.0,0.0,5.0,19.42,0.0
85.0,2846.0,5.0,0.0,0.0,0.0,0.0,5.0,38.68,0.0
85.0,2846.0,5.0,0.0,0.0,13.0,0.0,14.0,281.67,1.0
86.0,2846.0,5.0,0.0,0.0,0.0,0.0,5.0,27.56,0.0
87.0,2846.0,5.0,0.0,0.0,0.0,0.0,5.0,6.68,0.0
2.0,2847.0,3.0,0.0,0.0,2.0,0.0,6.0,115.87,0.0
5.0,2847.0,3.0,0.0,0.0,22.0,0.0,12.0,124.49,0.0
25.0,2847.0,3.0,0.0,0.0,44.0,0.0,13.0,324.25,1.0
65.0,2847.0,3.0,0.0,0.0,20.0,0.0,13.0,75.56,0.0
45.0,2847.0,3.0,0.0,0.0,9.0,0.0,10.0,43.97,1.0
98.0,2847.0,3.0,0.0,0.0,22.0,0.0,12.0,29.48,0.0
98.0,2847.0,3.0,0.0,0.0,48.0,0.0,12.0,31.1,0.0
99.0,2847.0,3.0,0.0,0.0,27.0,0.0,12.0,398.27,1.0
126.0,2847.0,3.0,0.0,0.0,8.0,0.0,9.0,0.56,0.0
135.0,2847.0,3.0,0.0,0.0,6.0,0.0,6.0,300.35,1.0
139.0,2847.0,3.0,0.0,0.0,7.0,0.0,6.0,26.21,0.0
149.0,2847.0,3.0,0.0,0.0,7.0,0.0,6.0,118.04,0.0
151.0,2847.0,3.0,0.0,0.0,12.0,0.0,13.0,160.48,0.0
156.0,2847.0,3.0,0.0,0.0,13.0,0.0,14.0,62.75,0.0
157.0,2847.0,3.0,0.0,0.0,22.0,0.0,12.0,505.96,1.0
157.0,2847.0,3.0,0.0,0.0,0.0,0.0,5.0,58.64,0.0
158.0,2847.0,3.0,0.0,0.0,0.0,0.0,5.0,32.92,0.0
159.0,2847.0,3.0,0.0,0.0,0.0,0.0,5.0,44.61,0.0
160.0,2847.0,3.0,0.0,0.0,0.0,0.0,5.0,31.97,0.0
160.0,2847.0,3.0,0.0,0.0,6.0,0.0,6.0,477.94,1.0
161.0,2847.0,3.0,0.0,0.0,0.0,0.0,5.0,8.67,0.0
162.0,2847.0,3.0,0.0,0.0,0.0,0.0,5.0,24.48,0.0
24.0,2848.0,2.0,0.0,0.0,0.0,0.0,5.0,18.24,0.0
25.0,2848.0,2.0,0.0,0.0,0.0,0.0,5.0,0.12,0.0
25.0,2848.0,2.0,0.0,0.0,35.0,0.0,18.0,861.84,1.0
26.0,2848.0,2.0,0.0,0.0,0.0,0.0,5.0,35.29,0.0
27.0,2848.0,2.0,0.0,0.0,0.0,0.0,5.0,51.03,0.0
64.0,2848.0,2.0,0.0,0.0,0.0,0.0,5.0,52.12,0.0
65.0,2848.0,2.0,0.0,0.0,0.0,0.0,5.0,14.81,0.0
66.0,2848.0,2.0,0.0,0.0,16.0,0.0,16.0,74.75,1.0
66.0,2848.0,2.0,0.0,0.0,0.0,0.0,5.0,2.49,0.0
67.0,2848.0,2.0,0.0,0.0,0.0,0.0,5.0,23.39,0.0
170.0,2848.0,2.0,0.0,0.0,1.0,0.0,5.0,26.31,0.0
171.0,2848.0,2.0,0.0,0.0,1.0,0.0,5.0,18.63,0.0
172.0,2848.0,2.0,0.0,0.0,16.0,0.0,16.0,195.81,1.0
172.0,2848.0,2.0,0.0,0.0,1.0,0.0,5.0,3.19,0.0
173.0,2848.0,2.0,0.0,0.0,5.0,0.0,8.0,10.09,0.0
2.0,2850.0,2.0,1.0,0.0,12.0,0.0,13.0,7.32,0.0
28.0,2850.0,2.0,1.0,0.0,6.0,0.0,6.0,165.7,0.0
92.0,2850.0,2.0,1.0,0.0,21.0,0.0,13.0,8.13,1.0
111.0,2850.0,2.0,1.0,0.0,3.0,0.0,7.0,60.47,0.0
128.0,2850.0,2.0,1.0,0.0,13.0,0.0,14.0,17.22,0.0
157.0,2850.0,2.0,1.0,0.0,1.0,0.0,5.0,18.36,0.0
158.0,2850.0,2.0,1.0,0.0,1.0,0.0,5.0,77.11,0.0
159.0,2850.0,2.0,1.0,0.0,6.0,0.0,6.0,241.85,1.0
159.0,2850.0,2.0,1.0,0.0,1.0,0.0,5.0,7.32,0.0
160.0,2850.0,2.0,1.0,0.0,1.0,0.0,5.0,67.62,0.0
169.0,2850.0,2.0,1.0,0.0,1.0,0.0,5.0,6.98,0.0
170.0,2850.0,2.0,1.0,0.0,1.0,0.0,5.0,4.99,0.0
171.0,2850.0,2.0,1.0,0.0,11.0,0.0,12.0,272.3,1.0
171.0,2850.0,2.0,1.0,0.0,1.0,0.0,5.0,15.17,0.0
172.0,2850.0,2.0,1.0,0.0,1.0,0.0,5.0,19.67,0.0
25.0,2851.0,3.0,0.0,0.0,6.0,0.0,6.0,84.72,0.0
34.0,2851.0,3.0,0.0,0.0,3.0,0.0,7.0,34.8,0.0
64.0,2851.0,3.0,0.0,0.0,11.0,0.0,12.0,51.97,1.0
77.0,2851.0,3.0,0.0,0.0,14.0,0.0,15.0,198.04,0.0
79.0,2851.0,3.0,0.0,0.0,1.0,0.0,5.0,56.69,0.0
88.0,2851.0,3.0,0.0,0.0,1.0,0.0,5.0,3.78,0.0
89.0,2851.0,3.0,0.0,0.0,1.0,0.0,5.0,15.63,0.0
90.0,2851.0,3.0,0.0,0.0,22.0,0.0,12.0,551.91,1.0
91.0,2851.0,3.0,0.0,0.0,1.0,0.0,5.0,4.7,0.0
92.0,2851.0,3.0,0.0,0.0,1.0,0.0,5.0,41.02,0.0
105.0,2851.0,3.0,0.0,0.0,1.0,0.0,5.0,35.0,0.0
106.0,2851.0,3.0,0.0,0.0,1.0,0.0,5.0,10.78,0.0
107.0,2851.0,3.0,0.0,0.0,25.0,0.0,15.0,354.47,1.0
107.0,2851.0,3.0,0.0,0.0,1.0,0.0,5.0,19.05,0.0
108.0,2851.0,3.0,0.0,0.0,1.0,0.0,5.0,22.73,0.0
164.0,2851.0,3.0,0.0,0.0,0.0,0.0,5.0,53.05,0.0
165.0,2851.0,3.0,0.0,0.0,0.0,0.0,5.0,27.77,0.0
165.0,2851.0,3.0,0.0,0.0,17.0,0.0,9.0,873.42,1.0
166.0,2851.0,3.0,0.0,0.0,0.0,0.0,5.0,0.69,0.0
167.0,2851.0,3.0,0.0,0.0,0.0,0.0,5.0,12.25,0.0
120.0,2852.0,1.0,0.0,0.0,1.0,0.0,5.0,4.38,0.0
121.0,2852.0,1.0,0.0,0.0,1.0,0.0,5.0,17.29,0.0
121.0,2852.0,1.0,0.0,0.0,31.0,0.0,9.0,60.67,1.0
123.0,2852.0,1.0,0.0,0.0,1.0,0.0,5.0,8.71,0.0
124.0,2852.0,1.0,0.0,0.0,1.0,0.0,5.0,45.93,0.0
165.0,2852.0,1.0,0.0,0.0,1.0,0.0,5.0,82.36,0.0
166.0,2852.0,1.0,0.0,0.0,1.0,0.0,5.0,27.65,0.0
167.0,2852.0,1.0,0.0,0.0,6.0,0.0,6.0,490.02,1.0
167.0,2852.0,1.0,0.0,0.0,1.0,0.0,5.0,43.89,0.0
168.0,2852.0,1.0,0.0,0.0,1.0,0.0,5.0,20.01,0.0
24.0,2853.0,3.0,1.0,0.0,12.0,0.0,13.0,20.85,0.0
28.0,2853.0,3.0,1.0,0.0,3.0,0.0,7.0,125.75,0.0
63.0,2853.0,3.0,1.0,0.0,17.0,0.0,9.0,366.43,1.0
72.0,2853.0,3.0,1.0,0.0,12.0,0.0,13.0,60.15,0.0
72.0,2853.0,3.0,1.0,0.0,21.0,0.0,13.0,38.67,0.0
98.0,2853.0,3.0,1.0,0.0,22.0,0.0,12.0,584.54,1.0
107.0,2853.0,3.0,1.0,0.0,12.0,0.0,13.0,1.0,0.0
107.0,2853.0,3.0,1.0,0.0,21.0,0.0,13.0,7.54,0.0
120.0,2853.0,3.0,1.0,0.0,6.0,0.0,6.0,93.37,0.0
133.0,2853.0,3.0,1.0,0.0,35.0,0.0,18.0,1016.79,1.0
143.0,2853.0,3.0,1.0,0.0,6.0,0.0,6.0,76.88,0.0
143.0,2853.0,3.0,1.0,0.0,2.0,0.0,6.0,136.12,0.0
2.0,2854.0,2.0,1.0,0.0,6.0,0.0,6.0,490.84,1.0
9.0,2854.0,2.0,1.0,0.0,25.0,0.0,15.0,33.61,0.0
21.0,2854.0,2.0,1.0,0.0,6.0,0.0,6.0,6.22,0.0
21.0,2854.0,2.0,1.0,0.0,22.0,0.0,12.0,420.57,1.0
39.0,2854.0,2.0,1.0,0.0,12.0,0.0,13.0,35.83,0.0
50.0,2854.0,2.0,1.0,0.0,3.0,0.0,7.0,14.58,0.0
105.0,2854.0,2.0,1.0,0.0,1.0,0.0,5.0,32.03,0.0
106.0,2854.0,2.0,1.0,0.0,1.0,0.0,5.0,38.58,0.0
107.0,2854.0,2.0,1.0,0.0,22.0,0.0,12.0,635.1,1.0
107.0,2854.0,2.0,1.0,0.0,1.0,0.0,5.0,33.52,0.0
108.0,2854.0,2.0,1.0,0.0,1.0,0.0,5.0,36.75,0.0
134.0,2854.0,2.0,1.0,0.0,1.0,0.0,5.0,35.46,0.0
135.0,2854.0,2.0,1.0,0.0,5.0,0.0,8.0,60.08,0.0
136.0,2854.0,2.0,1.0,0.0,22.0,0.0,12.0,48.44,1.0
136.0,2854.0,2.0,1.0,0.0,1.0,0.0,5.0,3.71,0.0
137.0,2854.0,2.0,1.0,0.0,1.0,0.0,5.0,17.72,0.0
166.0,2854.0,2.0,1.0,0.0,14.0,0.0,15.0,135.67,0.0
167.0,2854.0,2.0,1.0,0.0,1.0,0.0,5.0,15.39,0.0
167.0,2854.0,2.0,1.0,0.0,3.0,0.0,7.0,248.23,1.0
168.0,2854.0,2.0,1.0,0.0,1.0,0.0,5.0,9.3,0.0
169.0,2854.0,2.0,1.0,0.0,1.0,0.0,5.0,14.95,0.0
2.0,2855.0,2.0,1.0,0.0,6.0,0.0,6.0,644.59,1.0
4.0,2855.0,2.0,1.0,0.0,6.0,0.0,6.0,697.85,1.0
5.0,2855.0,2.0,1.0,0.0,15.0,0.0,13.0,390.28,1.0
5.0,2855.0,2.0,1.0,0.0,6.0,0.0,6.0,194.89,1.0
5.0,2855.0,2.0,1.0,0.0,6.0,0.0,6.0,851.71,1.0
5.0,2855.0,2.0,1.0,0.0,22.0,0.0,12.0,565.08,1.0
6.0,2855.0,2.0,1.0,0.0,10.0,0.0,11.0,627.98,1.0
6.0,2855.0,2.0,1.0,0.0,22.0,0.0,12.0,749.53,1.0
6.0,2855.0,2.0,1.0,0.0,15.0,0.0,13.0,19.13,1.0
7.0,2855.0,2.0,1.0,0.0,22.0,0.0,12.0,329.41,1.0
7.0,2855.0,2.0,1.0,0.0,7.0,0.0,6.0,830.57,1.0
8.0,2855.0,2.0,1.0,0.0,18.0,0.0,9.0,642.15,1.0
9.0,2855.0,2.0,1.0,0.0,6.0,0.0,6.0,464.28,1.0
9.0,2855.0,2.0,1.0,0.0,22.0,0.0,12.0,467.89,1.0
10.0,2855.0,2.0,1.0,0.0,6.0,0.0,6.0,432.39,1.0
11.0,2855.0,2.0,1.0,0.0,12.0,0.0,13.0,34.88,0.0
10.0,2855.0,2.0,1.0,0.0,3.0,0.0,7.0,663.05,1.0
11.0,2855.0,2.0,1.0,0.0,30.0,0.0,16.0,291.98,1.0
11.0,2855.0,2.0,1.0,0.0,22.0,0.0,12.0,199.75,1.0
14.0,2855.0,2.0,1.0,0.0,20.0,0.0,13.0,500.43,1.0
15.0,2855.0,2.0,1.0,0.0,6.0,0.0,6.0,69.72,1.0
15.0,2855.0,2.0,1.0,0.0,22.0,0.0,12.0,130.4,1.0
16.0,2855.0,2.0,1.0,0.0,22.0,0.0,12.0,293.41,1.0
17.0,2855.0,2.0,1.0,0.0,6.0,0.0,6.0,801.73,1.0
17.0,2855.0,2.0,1.0,0.0,38.0,0.0,19.0,479.43,1.0
17.0,2855.0,2.0,1.0,0.0,6.0,0.0,6.0,50.83,1.0
18.0,2855.0,2.0,1.0,0.0,6.0,0.0,6.0,615.5,1.0
19.0,2855.0,2.0,1.0,0.0,13.0,0.0,14.0,145.87,1.0
20.0,2855.0,2.0,1.0,0.0,22.0,0.0,12.0,604.79,1.0
20.0,2855.0,2.0,1.0,0.0,26.0,0.0,12.0,354.82,1.0
22.0,2855.0,2.0,1.0,0.0,20.0,0.0,13.0,42.63,1.0
22.0,2855.0,2.0,1.0,0.0,44.0,0.0,13.0,86.65,1.0
23.0,2855.0,2.0,1.0,0.0,35.0,0.0,18.0,4338.78,1.0
24.0,2855.0,2.0,1.0,0.0,22.0,0.0,12.0,72.05,1.0
25.0,2855.0,2.0,1.0,0.0,22.0,0.0,12.0,721.09,1.0
26.0,2855.0,2.0,1.0,0.0,38.0,0.0,19.0,227.87,1.0
26.0,2855.0,2.0,1.0,0.0,16.0,0.0,16.0,394.25,1.0
27.0,2855.0,2.0,1.0,0.0,6.0,0.0,6.0,168.12,1.0
28.0,2855.0,2.0,1.0,0.0,38.0,0.0,19.0,302.82,1.0
30.0,2855.0,2.0,1.0,0.0,20.0,0.0,13.0,179.73,1.0
31.0,2855.0,2.0,1.0,0.0,16.0,0.0,16.0,44.05,0.0
30.0,2855.0,2.0,1.0,0.0,20.0,0.0,13.0,312.61,1.0
32.0,2855.0,2.0,1.0,0.0,35.0,0.0,18.0,4175.83,1.0
32.0,2855.0,2.0,1.0,0.0,22.0,0.0,12.0,449.32,1.0
34.0,2855.0,2.0,1.0,0.0,27.0,0.0,12.0,369.29,1.0
35.0,2855.0,2.0,1.0,0.0,12.0,0.0,13.0,6.19,0.0
34.0,2855.0,2.0,1.0,0.0,27.0,0.0,12.0,304.06,1.0
35.0,2855.0,2.0,1.0,0.0,20.0,0.0,13.0,29.19,0.0
35.0,2855.0,2.0,1.0,0.0,38.0,0.0,19.0,146.7,1.0
36.0,2855.0,2.0,1.0,0.0,44.0,0.0,13.0,351.73,1.0
36.0,2855.0,2.0,1.0,0.0,38.0,0.0,19.0,350.32,1.0
36.0,2855.0,2.0,1.0,0.0,17.0,0.0,9.0,638.97,1.0
37.0,2855.0,2.0,1.0,0.0,20.0,0.0,13.0,248.4,1.0
40.0,2855.0,2.0,1.0,0.0,8.0,0.0,9.0,64.7,0.0
38.0,2855.0,2.0,1.0,0.0,35.0,0.0,18.0,3079.64,1.0
41.0,2855.0,2.0,1.0,0.0,35.0,0.0,18.0,4810.7,1.0
43.0,2855.0,2.0,1.0,0.0,25.0,0.0,15.0,65.85,0.0
42.0,2855.0,2.0,1.0,0.0,6.0,0.0,6.0,374.97,1.0
46.0,2855.0,2.0,1.0,0.0,6.0,0.0,6.0,331.55,1.0
47.0,2855.0,2.0,1.0,0.0,22.0,0.0,12.0,264.0,1.0
48.0,2855.0,2.0,1.0,0.0,18.0,0.0,9.0,715.55,1.0
49.0,2855.0,2.0,1.0,0.0,35.0,0.0,18.0,4953.41,1.0
49.0,2855.0,2.0,1.0,0.0,6.0,0.0,6.0,823.2,1.0
50.0,2855.0,2.0,1.0,0.0,18.0,0.0,9.0,707.85,1.0
52.0,2855.0,2.0,1.0,0.0,26.0,0.0,12.0,93.8,1.0
53.0,2855.0,2.0,1.0,0.0,22.0,0.0,12.0,156.5,1.0
54.0,2855.0,2.0,1.0,0.0,6.0,0.0,6.0,886.25,1.0
56.0,2855.0,2.0,1.0,0.0,6.0,0.0,6.0,1090.8,1.0
57.0,2855.0,2.0,1.0,0.0,7.0,0.0,6.0,50.35,1.0
59.0,2855.0,2.0,1.0,0.0,16.0,0.0,16.0,126.86,1.0
61.0,2855.0,2.0,1.0,0.0,6.0,0.0,6.0,44.75,1.0
63.0,2855.0,2.0,1.0,0.0,22.0,0.0,12.0,361.02,1.0
64.0,2855.0,2.0,1.0,0.0,7.0,0.0,6.0,444.42,1.0
67.0,2855.0,2.0,1.0,0.0,22.0,0.0,12.0,235.27,1.0
69.0,2855.0,2.0,1.0,0.0,6.0,0.0,6.0,420.79,1.0
71.0,2855.0,2.0,1.0,0.0,25.0,0.0,15.0,153.61,1.0
71.0,2855.0,2.0,1.0,0.0,22.0,0.0,12.0,311.04,1.0
71.0,2855.0,2.0,1.0,0.0,6.0,0.0,6.0,366.02,1.0
75.0,2855.0,2.0,1.0,0.0,35.0,0.0,18.0,304.95,1.0
76.0,2855.0,2.0,1.0,0.0,30.0,0.0,16.0,373.49,1.0
76.0,2855.0,2.0,1.0,0.0,6.0,0.0,6.0,321.84,1.0
81.0,2855.0,2.0,1.0,0.0,22.0,0.0,12.0,151.21,1.0
85.0,2855.0,2.0,1.0,0.0,11.0,0.0,12.0,308.62,1.0
93.0,2855.0,2.0,1.0,0.0,22.0,0.0,12.0,80.37,1.0
94.0,2855.0,2.0,1.0,0.0,17.0,0.0,9.0,156.25,1.0
99.0,2855.0,2.0,1.0,0.0,20.0,0.0,13.0,31.44,1.0
104.0,2855.0,2.0,1.0,0.0,35.0,0.0,18.0,4917.98,1.0
108.0,2855.0,2.0,1.0,0.0,6.0,0.0,6.0,10.26,1.0
108.0,2855.0,2.0,1.0,0.0,35.0,0.0,18.0,1614.33,1.0
112.0,2855.0,2.0,1.0,0.0,17.0,0.0,9.0,263.79,1.0
119.0,2855.0,2.0,1.0,0.0,6.0,0.0,6.0,20.93,0.0
118.0,2855.0,2.0,1.0,0.0,17.0,0.0,9.0,978.15,1.0
129.0,2855.0,2.0,1.0,0.0,18.0,0.0,9.0,358.69,1.0
149.0,2855.0,2.0,1.0,0.0,12.0,0.0,13.0,80.0,0.0
139.0,2855.0,2.0,1.0,0.0,41.0,0.0,19.0,200.72,1.0
149.0,2855.0,2.0,1.0,0.0,20.0,0.0,13.0,17.96,0.0
149.0,2855.0,2.0,1.0,0.0,21.0,0.0,13.0,32.28,0.0
152.0,2855.0,2.0,1.0,0.0,22.0,0.0,12.0,92.69,1.0
161.0,2855.0,2.0,1.0,0.0,6.0,0.0,6.0,21.32,0.0
156.0,2855.0,2.0,1.0,0.0,6.0,0.0,6.0,245.34,1.0
173.0,2855.0,2.0,1.0,0.0,11.0,0.0,12.0,66.65,0.0
121.0,2856.0,1.0,0.0,0.0,11.0,0.0,12.0,78.44,0.0
129.0,2856.0,1.0,0.0,0.0,25.0,0.0,15.0,113.41,0.0
132.0,2856.0,1.0,0.0,0.0,22.0,0.0,12.0,171.66,1.0
169.0,2856.0,1.0,0.0,0.0,12.0,0.0,13.0,72.12,0.0
163.0,2856.0,1.0,0.0,0.0,20.0,0.0,13.0,439.69,1.0
172.0,2856.0,1.0,0.0,0.0,6.0,0.0,6.0,181.7,0.0
74.0,2857.0,2.0,1.0,0.0,9.0,0.0,10.0,48.25,0.0
75.0,2857.0,2.0,1.0,0.0,0.0,0.0,5.0,21.56,0.0
76.0,2857.0,2.0,1.0,0.0,19.0,0.0,9.0,951.69,1.0
76.0,2857.0,2.0,1.0,0.0,0.0,0.0,5.0,48.53,0.0
77.0,2857.0,2.0,1.0,0.0,0.0,0.0,5.0,52.55,0.0
100.0,2857.0,2.0,1.0,0.0,0.0,0.0,5.0,21.38,0.0
102.0,2857.0,2.0,1.0,0.0,0.0,0.0,5.0,12.09,0.0
103.0,2857.0,2.0,1.0,0.0,20.0,0.0,13.0,297.6,1.0
103.0,2857.0,2.0,1.0,0.0,0.0,0.0,5.0,13.55,0.0
104.0,2857.0,2.0,1.0,0.0,0.0,0.0,5.0,14.24,0.0
101.0,2858.0,1.0,0.0,0.0,0.0,0.0,5.0,43.62,0.0
102.0,2858.0,1.0,0.0,0.0,0.0,0.0,5.0,6.08,0.0
102.0,2858.0,1.0,0.0,0.0,41.0,0.0,19.0,297.78,1.0
103.0,2858.0,1.0,0.0,0.0,0.0,0.0,5.0,7.77,0.0
105.0,2858.0,1.0,0.0,0.0,0.0,0.0,5.0,23.94,0.0
12.0,2859.0,1.0,1.0,0.0,41.0,0.0,19.0,65.46,0.0
37.0,2859.0,1.0,1.0,0.0,6.0,0.0,6.0,18.33,0.0
71.0,2859.0,1.0,1.0,0.0,6.0,0.0,6.0,295.89,1.0
79.0,2859.0,1.0,1.0,0.0,6.0,0.0,6.0,649.19,1.0
80.0,2859.0,1.0,1.0,0.0,6.0,0.0,6.0,221.15,1.0
84.0,2859.0,1.0,1.0,0.0,13.0,0.0,14.0,231.39,1.0
85.0,2859.0,1.0,1.0,0.0,6.0,0.0,6.0,58.96,0.0
84.0,2859.0,1.0,1.0,0.0,6.0,0.0,6.0,271.84,1.0
85.0,2859.0,1.0,1.0,0.0,2.0,0.0,6.0,17.22,0.0
94.0,2859.0,1.0,1.0,0.0,22.0,0.0,12.0,516.97,1.0
95.0,2859.0,1.0,1.0,0.0,20.0,0.0,13.0,58.74,1.0
95.0,2859.0,1.0,1.0,0.0,6.0,0.0,6.0,826.48,1.0
97.0,2859.0,1.0,1.0,0.0,27.0,0.0,12.0,522.03,1.0
104.0,2859.0,1.0,1.0,0.0,8.0,0.0,9.0,165.27,0.0
98.0,2859.0,1.0,1.0,0.0,6.0,0.0,6.0,558.52,1.0
110.0,2859.0,1.0,1.0,0.0,13.0,0.0,14.0,172.97,1.0
113.0,2859.0,1.0,1.0,0.0,7.0,0.0,6.0,75.21,0.0
112.0,2859.0,1.0,1.0,0.0,25.0,0.0,15.0,45.15,1.0
114.0,2859.0,1.0,1.0,0.0,20.0,0.0,13.0,319.12,1.0
116.0,2859.0,1.0,1.0,0.0,6.0,0.0,6.0,1310.93,1.0
118.0,2859.0,1.0,1.0,0.0,6.0,0.0,6.0,345.16,1.0
118.0,2859.0,1.0,1.0,0.0,26.0,0.0,12.0,494.54,1.0
119.0,2859.0,1.0,1.0,0.0,3.0,0.0,7.0,435.07,1.0
121.0,2859.0,1.0,1.0,0.0,6.0,0.0,6.0,308.61,1.0
125.0,2859.0,1.0,1.0,0.0,6.0,0.0,6.0,426.31,1.0
137.0,2859.0,1.0,1.0,0.0,20.0,0.0,13.0,72.38,0.0
126.0,2859.0,1.0,1.0,0.0,22.0,0.0,12.0,256.06,1.0
139.0,2859.0,1.0,1.0,0.0,9.0,0.0,10.0,82.32,0.0
141.0,2859.0,1.0,1.0,0.0,0.0,0.0,5.0,32.53,0.0
142.0,2859.0,1.0,1.0,0.0,0.0,0.0,5.0,6.88,0.0
143.0,2859.0,1.0,1.0,0.0,35.0,0.0,18.0,2785.38,1.0
143.0,2859.0,1.0,1.0,0.0,0.0,0.0,5.0,15.67,0.0
144.0,2859.0,1.0,1.0,0.0,0.0,0.0,5.0,69.76,0.0
151.0,2859.0,1.0,1.0,0.0,0.0,0.0,5.0,10.65,0.0
152.0,2859.0,1.0,1.0,0.0,0.0,0.0,5.0,25.29,0.0
153.0,2859.0,1.0,1.0,0.0,38.0,0.0,19.0,220.05,1.0
153.0,2859.0,1.0,1.0,0.0,0.0,0.0,5.0,3.76,0.0
155.0,2859.0,1.0,1.0,0.0,0.0,0.0,5.0,37.05,0.0
156.0,2859.0,1.0,1.0,0.0,0.0,0.0,5.0,40.78,0.0
157.0,2859.0,1.0,1.0,0.0,3.0,0.0,7.0,340.58,1.0
157.0,2859.0,1.0,1.0,0.0,0.0,0.0,5.0,0.28,0.0
158.0,2859.0,1.0,1.0,0.0,0.0,0.0,5.0,20.03,0.0
167.0,2859.0,1.0,1.0,0.0,0.0,0.0,5.0,10.4,0.0
168.0,2859.0,1.0,1.0,0.0,0.0,0.0,5.0,38.18,0.0
168.0,2859.0,1.0,1.0,0.0,11.0,0.0,12.0,364.08,1.0
169.0,2859.0,1.0,1.0,0.0,0.0,0.0,5.0,28.76,0.0
170.0,2859.0,1.0,1.0,0.0,0.0,0.0,5.0,6.19,0.0
171.0,2859.0,1.0,1.0,0.0,0.0,0.0,5.0,15.83,0.0
172.0,2859.0,1.0,1.0,0.0,0.0,0.0,5.0,54.49,0.0
173.0,2859.0,1.0,1.0,0.0,9.0,0.0,10.0,104.67,1.0
174.0,2859.0,1.0,1.0,0.0,0.0,0.0,5.0,35.2,0.0
175.0,2859.0,1.0,1.0,0.0,0.0,0.0,5.0,46.45,0.0
177.0,2859.0,1.0,1.0,0.0,0.0,0.0,5.0,0.95,0.0
177.0,2859.0,1.0,1.0,0.0,26.0,0.0,12.0,256.27,1.0
179.0,2859.0,1.0,1.0,0.0,0.0,0.0,5.0,16.5,0.0
2.0,2860.0,0.0,1.0,0.0,6.0,0.0,6.0,88.42,0.0
47.0,2860.0,0.0,1.0,0.0,19.0,0.0,9.0,393.26,1.0
53.0,2860.0,0.0,1.0,0.0,12.0,0.0,13.0,137.25,0.0
57.0,2860.0,0.0,1.0,0.0,3.0,0.0,7.0,46.29,0.0
113.0,2860.0,0.0,1.0,0.0,7.0,0.0,6.0,141.55,0.0
113.0,2860.0,0.0,1.0,0.0,2.0,0.0,6.0,104.57,0.0
114.0,2860.0,0.0,1.0,0.0,22.0,0.0,12.0,676.76,1.0
139.0,2860.0,0.0,1.0,0.0,25.0,0.0,15.0,49.61,0.0
119.0,2860.0,0.0,1.0,0.0,3.0,0.0,7.0,554.56,1.0
143.0,2860.0,0.0,1.0,0.0,39.0,0.0,18.0,392.05,0.0
133.0,2861.0,1.0,1.0,0.0,25.0,0.0,15.0,124.49,0.0
136.0,2861.0,1.0,1.0,0.0,6.0,0.0,6.0,22.26,0.0
139.0,2861.0,1.0,1.0,0.0,22.0,0.0,12.0,472.79,1.0
146.0,2861.0,1.0,1.0,0.0,12.0,0.0,13.0,33.06,0.0
146.0,2861.0,1.0,1.0,0.0,20.0,0.0,13.0,160.4,0.0
38.0,2862.0,1.0,0.0,0.0,2.0,0.0,6.0,133.52,0.0
39.0,2862.0,1.0,0.0,0.0,25.0,0.0,15.0,127.32,0.0
52.0,2862.0,1.0,0.0,0.0,10.0,0.0,11.0,569.19,1.0
64.0,2862.0,1.0,0.0,0.0,25.0,0.0,15.0,30.71,0.0
79.0,2862.0,1.0,0.0,0.0,6.0,0.0,6.0,23.76,0.0
155.0,2862.0,1.0,0.0,0.0,0.0,0.0,5.0,48.74,0.0
156.0,2862.0,1.0,0.0,0.0,37.0,0.0,16.0,74.66,0.0
157.0,2862.0,1.0,0.0,0.0,6.0,0.0,6.0,42.31,1.0
157.0,2862.0,1.0,0.0,0.0,0.0,0.0,5.0,46.66,0.0
157.0,2862.0,1.0,0.0,0.0,1.0,0.0,5.0,25.88,0.0
48.0,2863.0,4.0,1.0,0.0,1.0,0.0,5.0,35.04,0.0
49.0,2863.0,4.0,1.0,0.0,1.0,0.0,5.0,3.9,0.0
50.0,2863.0,4.0,1.0,0.0,6.0,0.0,6.0,803.34,1.0
50.0,2863.0,4.0,1.0,0.0,1.0,0.0,5.0,47.67,0.0
52.0,2863.0,4.0,1.0,0.0,1.0,0.0,5.0,14.3,0.0
118.0,2863.0,4.0,1.0,0.0,1.0,0.0,5.0,7.36,0.0
119.0,2863.0,4.0,1.0,0.0,1.0,0.0,5.0,20.97,0.0
120.0,2863.0,4.0,1.0,0.0,3.0,0.0,7.0,624.93,1.0
120.0,2863.0,4.0,1.0,0.0,1.0,0.0,5.0,24.3,0.0
121.0,2863.0,4.0,1.0,0.0,1.0,0.0,5.0,21.13,0.0
111.0,2865.0,0.0,0.0,0.0,6.0,0.0,6.0,119.5,0.0
111.0,2865.0,0.0,0.0,0.0,2.0,0.0,6.0,168.28,0.0
127.0,2865.0,0.0,0.0,0.0,9.0,0.0,10.0,170.85,1.0
145.0,2865.0,0.0,0.0,0.0,25.0,0.0,15.0,4.29,0.0
155.0,2865.0,0.0,0.0,0.0,6.0,0.0,6.0,91.82,0.0
2.0,2867.0,1.0,0.0,0.0,7.0,0.0,6.0,33.53,0.0
29.0,2867.0,1.0,0.0,0.0,22.0,0.0,12.0,71.55,1.0
48.0,2867.0,1.0,0.0,0.0,35.0,0.0,18.0,2610.66,1.0
50.0,2867.0,1.0,0.0,0.0,16.0,0.0,16.0,316.53,1.0
51.0,2867.0,1.0,0.0,0.0,35.0,0.0,18.0,2410.7,1.0
75.0,2867.0,1.0,0.0,0.0,20.0,0.0,13.0,6.88,0.0
54.0,2867.0,1.0,0.0,0.0,6.0,0.0,6.0,103.28,1.0
79.0,2867.0,1.0,0.0,0.0,26.0,0.0,12.0,504.17,1.0
95.0,2867.0,1.0,0.0,0.0,0.0,0.0,5.0,61.52,0.0
96.0,2867.0,1.0,0.0,0.0,0.0,0.0,5.0,26.56,0.0
132.0,2867.0,1.0,0.0,0.0,0.0,0.0,5.0,62.97,0.0
133.0,2867.0,1.0,0.0,0.0,0.0,0.0,5.0,33.22,0.0
134.0,2867.0,1.0,0.0,0.0,6.0,0.0,6.0,248.51,1.0
134.0,2867.0,1.0,0.0,0.0,13.0,0.0,14.0,29.62,0.0
135.0,2867.0,1.0,0.0,0.0,4.0,0.0,6.0,2.77,0.0
138.0,2867.0,1.0,0.0,0.0,1.0,0.0,5.0,30.09,0.0
140.0,2867.0,1.0,0.0,0.0,1.0,0.0,5.0,9.25,0.0
140.0,2867.0,1.0,0.0,0.0,6.0,0.0,6.0,475.06,1.0
141.0,2867.0,1.0,0.0,0.0,1.0,0.0,5.0,31.03,0.0
142.0,2867.0,1.0,0.0,0.0,1.0,0.0,5.0,13.96,0.0
3.0,2868.0,1.0,1.0,0.0,0.0,0.0,5.0,26.16,0.0
4.0,2868.0,1.0,1.0,0.0,0.0,0.0,5.0,45.37,0.0
5.0,2868.0,1.0,1.0,0.0,6.0,0.0,6.0,238.14,1.0
5.0,2868.0,1.0,1.0,0.0,9.0,0.0,10.0,31.42,0.0
6.0,2868.0,1.0,1.0,0.0,0.0,0.0,5.0,1.32,0.0
31.0,2868.0,1.0,1.0,0.0,15.0,0.0,13.0,128.99,0.0
32.0,2868.0,1.0,1.0,0.0,20.0,0.0,13.0,22.71,0.0
34.0,2868.0,1.0,1.0,0.0,22.0,0.0,12.0,98.34,1.0
44.0,2868.0,1.0,1.0,0.0,6.0,0.0,6.0,43.84,0.0
46.0,2868.0,1.0,1.0,0.0,39.0,0.0,18.0,919.32,0.0
48.0,2868.0,1.0,1.0,0.0,18.0,0.0,9.0,1275.07,1.0
58.0,2868.0,1.0,1.0,0.0,12.0,0.0,13.0,46.98,0.0
72.0,2868.0,1.0,1.0,0.0,6.0,0.0,6.0,25.94,0.0
16.0,2871.0,0.0,0.0,0.0,0.0,0.0,5.0,25.77,0.0
17.0,2871.0,0.0,0.0,0.0,0.0,0.0,5.0,52.48,0.0
17.0,2871.0,0.0,0.0,0.0,6.0,0.0,6.0,1167.7,1.0
18.0,2871.0,0.0,0.0,0.0,0.0,0.0,5.0,6.25,0.0
19.0,2871.0,0.0,0.0,0.0,13.0,0.0,14.0,47.01,0.0
44.0,2871.0,0.0,0.0,0.0,7.0,0.0,6.0,23.75,0.0
44.0,2871.0,0.0,0.0,0.0,2.0,0.0,6.0,28.49,0.0
78.0,2871.0,0.0,0.0,0.0,6.0,0.0,6.0,414.06,1.0
136.0,2871.0,0.0,0.0,0.0,13.0,0.0,14.0,18.43,0.0
137.0,2871.0,0.0,0.0,0.0,0.0,0.0,5.0,1.84,0.0
141.0,2871.0,0.0,0.0,0.0,0.0,0.0,5.0,46.44,0.0
142.0,2871.0,0.0,0.0,0.0,0.0,0.0,5.0,1.96,0.0
142.0,2871.0,0.0,0.0,0.0,16.0,0.0,16.0,521.23,1.0
143.0,2871.0,0.0,0.0,0.0,0.0,0.0,5.0,53.93,0.0
142.0,2871.0,0.0,0.0,0.0,22.0,0.0,12.0,336.15,1.0
144.0,2871.0,0.0,0.0,0.0,0.0,0.0,5.0,22.01,0.0
163.0,2871.0,0.0,0.0,0.0,0.0,0.0,5.0,38.05,0.0
164.0,2871.0,0.0,0.0,0.0,0.0,0.0,5.0,8.57,0.0
164.0,2871.0,0.0,0.0,0.0,35.0,0.0,18.0,2439.09,1.0
165.0,2871.0,0.0,0.0,0.0,0.0,0.0,5.0,27.7,0.0
166.0,2871.0,0.0,0.0,0.0,0.0,0.0,5.0,21.31,0.0
169.0,2871.0,0.0,0.0,0.0,0.0,0.0,5.0,42.15,0.0
170.0,2871.0,0.0,0.0,0.0,0.0,0.0,5.0,0.71,0.0
170.0,2871.0,0.0,0.0,0.0,6.0,0.0,6.0,282.41,1.0
171.0,2871.0,0.0,0.0,0.0,0.0,0.0,5.0,18.53,0.0
172.0,2871.0,0.0,0.0,0.0,0.0,0.0,5.0,39.05,0.0
11.0,2872.0,2.0,1.0,0.0,0.0,0.0,5.0,22.46,0.0
12.0,2872.0,2.0,1.0,0.0,27.0,0.0,12.0,1.23,0.0
12.0,2872.0,2.0,1.0,0.0,27.0,0.0,12.0,68.19,1.0
13.0,2872.0,2.0,1.0,0.0,0.0,0.0,5.0,45.19,0.0
14.0,2872.0,2.0,1.0,0.0,0.0,0.0,5.0,8.86,0.0
32.0,2872.0,2.0,1.0,0.0,0.0,0.0,5.0,30.58,0.0
33.0,2872.0,2.0,1.0,0.0,0.0,0.0,5.0,39.74,0.0
34.0,2872.0,2.0,1.0,0.0,22.0,0.0,12.0,346.65,1.0
34.0,2872.0,2.0,1.0,0.0,0.0,0.0,5.0,53.24,0.0
35.0,2872.0,2.0,1.0,0.0,13.0,0.0,14.0,32.7,0.0
58.0,2872.0,2.0,1.0,0.0,0.0,0.0,5.0,34.52,0.0
59.0,2872.0,2.0,1.0,0.0,0.0,0.0,5.0,4.97,0.0
60.0,2872.0,2.0,1.0,0.0,12.0,0.0,13.0,564.48,1.0
60.0,2872.0,2.0,1.0,0.0,0.0,0.0,5.0,42.36,0.0
61.0,2872.0,2.0,1.0,0.0,0.0,0.0,5.0,36.83,0.0
131.0,2872.0,2.0,1.0,0.0,0.0,0.0,5.0,6.65,0.0
132.0,2872.0,2.0,1.0,0.0,0.0,0.0,5.0,37.99,0.0
132.0,2872.0,2.0,1.0,0.0,35.0,0.0,18.0,2360.38,1.0
133.0,2872.0,2.0,1.0,0.0,0.0,0.0,5.0,51.59,0.0
134.0,2872.0,2.0,1.0,0.0,0.0,0.0,5.0,49.78,0.0
74.0,2873.0,4.0,0.0,0.0,0.0,0.0,5.0,16.22,0.0
75.0,2873.0,4.0,0.0,0.0,0.0,0.0,5.0,29.36,0.0
76.0,2873.0,4.0,0.0,0.0,15.0,0.0,13.0,126.51,1.0
76.0,2873.0,4.0,0.0,0.0,0.0,0.0,5.0,23.42,0.0
77.0,2873.0,4.0,0.0,0.0,0.0,0.0,5.0,73.03,0.0
105.0,2875.0,2.0,1.0,0.0,1.0,0.0,5.0,51.49,0.0
106.0,2875.0,2.0,1.0,0.0,1.0,0.0,5.0,57.4,0.0
106.0,2875.0,2.0,1.0,0.0,20.0,0.0,13.0,495.63,1.0
107.0,2875.0,2.0,1.0,0.0,1.0,0.0,5.0,35.28,0.0
108.0,2875.0,2.0,1.0,0.0,1.0,0.0,5.0,51.56,0.0
120.0,2875.0,2.0,1.0,0.0,1.0,0.0,5.0,7.82,0.0
121.0,2875.0,2.0,1.0,0.0,1.0,0.0,5.0,45.27,0.0
122.0,2875.0,2.0,1.0,0.0,6.0,0.0,6.0,397.79,1.0
122.0,2875.0,2.0,1.0,0.0,1.0,0.0,5.0,4.84,0.0
123.0,2875.0,2.0,1.0,0.0,1.0,0.0,5.0,2.57,0.0
155.0,2875.0,2.0,1.0,0.0,1.0,0.0,5.0,34.98,0.0
156.0,2875.0,2.0,1.0,0.0,1.0,0.0,5.0,18.57,0.0
156.0,2875.0,2.0,1.0,0.0,41.0,0.0,19.0,236.58,1.0
157.0,2875.0,2.0,1.0,0.0,1.0,0.0,5.0,53.23,0.0
158.0,2875.0,2.0,1.0,0.0,1.0,0.0,5.0,7.99,0.0
4.0,2876.0,2.0,0.0,0.0,25.0,0.0,15.0,6.26,0.0
16.0,2876.0,2.0,0.0,0.0,25.0,0.0,15.0,26.95,0.0
57.0,2876.0,2.0,0.0,0.0,17.0,0.0,9.0,434.04,1.0
59.0,2876.0,2.0,0.0,0.0,6.0,0.0,6.0,806.61,1.0
61.0,2876.0,2.0,0.0,0.0,6.0,0.0,6.0,222.41,1.0
63.0,2876.0,2.0,0.0,0.0,22.0,0.0,12.0,452.72,1.0
63.0,2876.0,2.0,0.0,0.0,38.0,0.0,19.0,254.26,1.0
63.0,2876.0,2.0,0.0,0.0,38.0,0.0,19.0,343.05,1.0
63.0,2876.0,2.0,0.0,0.0,20.0,0.0,13.0,462.12,1.0
65.0,2876.0,2.0,0.0,0.0,22.0,0.0,12.0,128.42,1.0
69.0,2876.0,2.0,0.0,0.0,15.0,0.0,13.0,137.31,1.0
70.0,2876.0,2.0,0.0,0.0,6.0,0.0,6.0,164.0,1.0
71.0,2876.0,2.0,0.0,0.0,22.0,0.0,12.0,108.61,1.0
73.0,2876.0,2.0,0.0,0.0,12.0,0.0,13.0,140.8,0.0
72.0,2876.0,2.0,0.0,0.0,22.0,0.0,12.0,302.67,1.0
73.0,2876.0,2.0,0.0,0.0,38.0,0.0,19.0,444.06,1.0
77.0,2876.0,2.0,0.0,0.0,13.0,0.0,14.0,89.25,0.0
75.0,2876.0,2.0,0.0,0.0,35.0,0.0,18.0,2489.27,1.0
78.0,2876.0,2.0,0.0,0.0,0.0,0.0,5.0,15.11,0.0
79.0,2876.0,2.0,0.0,0.0,0.0,0.0,5.0,54.52,0.0
81.0,2876.0,2.0,0.0,0.0,6.0,0.0,6.0,772.61,1.0
81.0,2876.0,2.0,0.0,0.0,0.0,0.0,5.0,6.62,0.0
82.0,2876.0,2.0,0.0,0.0,3.0,0.0,7.0,86.35,1.0
82.0,2876.0,2.0,0.0,0.0,0.0,0.0,5.0,40.81,0.0
83.0,2876.0,2.0,0.0,0.0,3.0,0.0,7.0,296.03,1.0
83.0,2876.0,2.0,0.0,0.0,0.0,0.0,5.0,16.45,0.0
84.0,2876.0,2.0,0.0,0.0,27.0,0.0,12.0,104.56,0.0
85.0,2876.0,2.0,0.0,0.0,22.0,0.0,12.0,781.85,1.0
85.0,2876.0,2.0,0.0,0.0,0.0,0.0,5.0,2.69,0.0
86.0,2876.0,2.0,0.0,0.0,0.0,0.0,5.0,7.01,0.0
86.0,2876.0,2.0,0.0,0.0,22.0,0.0,12.0,444.84,1.0
87.0,2876.0,2.0,0.0,0.0,0.0,0.0,5.0,39.73,0.0
87.0,2876.0,2.0,0.0,0.0,22.0,0.0,12.0,129.54,1.0
89.0,2876.0,2.0,0.0,0.0,0.0,0.0,5.0,7.82,0.0
90.0,2876.0,2.0,0.0,0.0,6.0,0.0,6.0,140.07,1.0
90.0,2876.0,2.0,0.0,0.0,0.0,0.0,5.0,71.34,0.0
91.0,2876.0,2.0,0.0,0.0,6.0,0.0,6.0,643.5,1.0
91.0,2876.0,2.0,0.0,0.0,0.0,0.0,5.0,28.18,0.0
92.0,2876.0,2.0,0.0,0.0,0.0,0.0,5.0,23.5,0.0
92.0,2876.0,2.0,0.0,0.0,6.0,0.0,6.0,265.71,1.0
93.0,2876.0,2.0,0.0,0.0,0.0,0.0,5.0,27.27,0.0
94.0,2876.0,2.0,0.0,0.0,35.0,0.0,18.0,3563.64,1.0
94.0,2876.0,2.0,0.0,0.0,0.0,0.0,5.0,16.8,0.0
95.0,2876.0,2.0,0.0,0.0,0.0,0.0,5.0,4.08,0.0
96.0,2876.0,2.0,0.0,0.0,0.0,0.0,5.0,39.76,0.0
97.0,2876.0,2.0,0.0,0.0,0.0,0.0,5.0,39.67,0.0
97.0,2876.0,2.0,0.0,0.0,21.0,0.0,13.0,0.04,1.0
98.0,2876.0,2.0,0.0,0.0,0.0,0.0,5.0,30.78,0.0
98.0,2876.0,2.0,0.0,0.0,22.0,0.0,12.0,147.95,1.0
99.0,2876.0,2.0,0.0,0.0,0.0,0.0,5.0,43.21,0.0
99.0,2876.0,2.0,0.0,0.0,19.0,0.0,9.0,267.29,1.0
100.0,2876.0,2.0,0.0,0.0,41.0,0.0,19.0,191.25,1.0
100.0,2876.0,2.0,0.0,0.0,0.0,0.0,5.0,29.44,0.0
100.0,2876.0,2.0,0.0,0.0,41.0,0.0,19.0,272.67,1.0
101.0,2876.0,2.0,0.0,0.0,0.0,0.0,5.0,21.58,0.0
102.0,2876.0,2.0,0.0,0.0,3.0,0.0,7.0,310.04,1.0
102.0,2876.0,2.0,0.0,0.0,13.0,0.0,14.0,63.18,0.0
103.0,2876.0,2.0,0.0,0.0,16.0,0.0,16.0,228.87,1.0
103.0,2876.0,2.0,0.0,0.0,5.0,0.0,8.0,34.23,0.0
104.0,2876.0,2.0,0.0,0.0,1.0,0.0,5.0,22.41,0.0
106.0,2876.0,2.0,0.0,0.0,14.0,0.0,15.0,42.85,0.0
107.0,2876.0,2.0,0.0,0.0,1.0,0.0,5.0,31.17,0.0
107.0,2876.0,2.0,0.0,0.0,6.0,0.0,6.0,416.52,1.0
108.0,2876.0,2.0,0.0,0.0,1.0,0.0,5.0,63.96,0.0
108.0,2876.0,2.0,0.0,0.0,6.0,0.0,6.0,522.87,1.0
109.0,2876.0,2.0,0.0,0.0,5.0,0.0,8.0,38.52,0.0
110.0,2876.0,2.0,0.0,0.0,1.0,0.0,5.0,2.58,0.0
111.0,2876.0,2.0,0.0,0.0,1.0,0.0,5.0,69.44,0.0
111.0,2876.0,2.0,0.0,0.0,22.0,0.0,12.0,268.55,1.0
113.0,2876.0,2.0,0.0,0.0,1.0,0.0,5.0,38.41,0.0
112.0,2876.0,2.0,0.0,0.0,6.0,0.0,6.0,899.69,1.0
115.0,2876.0,2.0,0.0,0.0,1.0,0.0,5.0,38.63,0.0
115.0,2876.0,2.0,0.0,0.0,13.0,0.0,14.0,330.9,1.0
116.0,2876.0,2.0,0.0,0.0,1.0,0.0,5.0,19.66,0.0
117.0,2876.0,2.0,0.0,0.0,1.0,0.0,5.0,4.3,0.0
118.0,2876.0,2.0,0.0,0.0,1.0,0.0,5.0,37.21,0.0
119.0,2876.0,2.0,0.0,0.0,22.0,0.0,12.0,597.29,1.0
119.0,2876.0,2.0,0.0,0.0,14.0,0.0,15.0,32.16,0.0
119.0,2876.0,2.0,0.0,0.0,36.0,0.0,15.0,27.15,0.0
120.0,2876.0,2.0,0.0,0.0,13.0,0.0,14.0,165.0,1.0
120.0,2876.0,2.0,0.0,0.0,0.0,0.0,5.0,50.89,0.0
120.0,2876.0,2.0,0.0,0.0,1.0,0.0,5.0,28.55,0.0
120.0,2876.0,2.0,0.0,0.0,6.0,0.0,6.0,528.14,1.0
121.0,2876.0,2.0,0.0,0.0,14.0,0.0,15.0,77.82,0.0
121.0,2876.0,2.0,0.0,0.0,36.0,0.0,15.0,87.22,0.0
124.0,2876.0,2.0,0.0,0.0,1.0,0.0,5.0,19.26,0.0
125.0,2876.0,2.0,0.0,0.0,1.0,0.0,5.0,32.51,0.0
126.0,2876.0,2.0,0.0,0.0,16.0,0.0,16.0,170.39,1.0
126.0,2876.0,2.0,0.0,0.0,1.0,0.0,5.0,1.67,0.0
127.0,2876.0,2.0,0.0,0.0,1.0,0.0,5.0,2.87,0.0
127.0,2876.0,2.0,0.0,0.0,17.0,0.0,9.0,692.87,1.0
128.0,2876.0,2.0,0.0,0.0,1.0,0.0,5.0,62.74,0.0
127.0,2876.0,2.0,0.0,0.0,31.0,0.0,9.0,556.76,1.0
129.0,2876.0,2.0,0.0,0.0,1.0,0.0,5.0,50.06,0.0
130.0,2876.0,2.0,0.0,0.0,6.0,0.0,6.0,160.13,1.0
131.0,2876.0,2.0,0.0,0.0,1.0,0.0,5.0,29.05,0.0
132.0,2876.0,2.0,0.0,0.0,10.0,0.0,11.0,248.18,1.0
132.0,2876.0,2.0,0.0,0.0,1.0,0.0,5.0,64.89,0.0
134.0,2876.0,2.0,0.0,0.0,1.0,0.0,5.0,17.1,0.0
135.0,2876.0,2.0,0.0,0.0,1.0,0.0,5.0,5.36,0.0
136.0,2876.0,2.0,0.0,0.0,27.0,0.0,12.0,322.51,1.0
136.0,2876.0,2.0,0.0,0.0,1.0,0.0,5.0,46.89,0.0
137.0,2876.0,2.0,0.0,0.0,1.0,0.0,5.0,56.93,0.0
142.0,2876.0,2.0,0.0,0.0,1.0,0.0,5.0,33.83,0.0
143.0,2876.0,2.0,0.0,0.0,1.0,0.0,5.0,32.32,0.0
144.0,2876.0,2.0,0.0,0.0,27.0,0.0,12.0,311.31,1.0
144.0,2876.0,2.0,0.0,0.0,1.0,0.0,5.0,42.61,0.0
145.0,2876.0,2.0,0.0,0.0,1.0,0.0,5.0,38.5,0.0
146.0,2876.0,2.0,0.0,0.0,1.0,0.0,5.0,14.29,0.0
147.0,2876.0,2.0,0.0,0.0,1.0,0.0,5.0,16.88,0.0
148.0,2876.0,2.0,0.0,0.0,18.0,0.0,9.0,970.79,1.0
148.0,2876.0,2.0,0.0,0.0,4.0,0.0,6.0,28.32,0.0
149.0,2876.0,2.0,0.0,0.0,1.0,0.0,5.0,46.34,0.0
150.0,2876.0,2.0,0.0,0.0,17.0,0.0,9.0,168.61,1.0
150.0,2876.0,2.0,0.0,0.0,1.0,0.0,5.0,20.51,0.0
151.0,2876.0,2.0,0.0,0.0,14.0,0.0,15.0,26.67,0.0
152.0,2876.0,2.0,0.0,0.0,0.0,0.0,5.0,23.68,0.0
152.0,2876.0,2.0,0.0,0.0,1.0,0.0,5.0,8.72,0.0
152.0,2876.0,2.0,0.0,0.0,6.0,0.0,6.0,1113.07,1.0
153.0,2876.0,2.0,0.0,0.0,5.0,0.0,8.0,22.54,0.0
155.0,2876.0,2.0,0.0,0.0,10.0,0.0,11.0,483.06,1.0
155.0,2876.0,2.0,0.0,0.0,1.0,0.0,5.0,45.1,0.0
155.0,2876.0,2.0,0.0,0.0,6.0,0.0,6.0,677.84,1.0
156.0,2876.0,2.0,0.0,0.0,1.0,0.0,5.0,31.89,0.0
160.0,2876.0,2.0,0.0,0.0,1.0,0.0,5.0,23.64,0.0
161.0,2876.0,2.0,0.0,0.0,1.0,0.0,5.0,28.72,0.0
161.0,2876.0,2.0,0.0,0.0,22.0,0.0,12.0,562.88,1.0
162.0,2876.0,2.0,0.0,0.0,1.0,0.0,5.0,4.21,0.0
163.0,2876.0,2.0,0.0,0.0,5.0,0.0,8.0,34.6,0.0
164.0,2876.0,2.0,0.0,0.0,1.0,0.0,5.0,49.29,0.0
165.0,2876.0,2.0,0.0,0.0,8.0,0.0,9.0,298.31,1.0
165.0,2876.0,2.0,0.0,0.0,5.0,0.0,8.0,15.26,0.0
165.0,2876.0,2.0,0.0,0.0,17.0,0.0,9.0,462.31,1.0
166.0,2876.0,2.0,0.0,0.0,4.0,0.0,6.0,64.06,0.0
166.0,2876.0,2.0,0.0,0.0,42.0,0.0,6.0,193.98,0.0
168.0,2876.0,2.0,0.0,0.0,1.0,0.0,5.0,26.2,0.0
169.0,2876.0,2.0,0.0,0.0,1.0,0.0,5.0,16.53,0.0
170.0,2876.0,2.0,0.0,0.0,6.0,0.0,6.0,676.9,1.0
170.0,2876.0,2.0,0.0,0.0,1.0,0.0,5.0,19.28,0.0
171.0,2876.0,2.0,0.0,0.0,1.0,0.0,5.0,37.29,0.0
172.0,2876.0,2.0,0.0,0.0,1.0,0.0,5.0,21.49,0.0
172.0,2876.0,2.0,0.0,0.0,35.0,0.0,18.0,3427.11,1.0
173.0,2876.0,2.0,0.0,0.0,1.0,0.0,5.0,24.4,0.0
173.0,2876.0,2.0,0.0,0.0,22.0,0.0,12.0,148.82,1.0
174.0,2876.0,2.0,0.0,0.0,1.0,0.0,5.0,44.65,0.0
174.0,2876.0,2.0,0.0,0.0,10.0,0.0,11.0,400.79,1.0
175.0,2876.0,2.0,0.0,0.0,1.0,0.0,5.0,16.1,0.0
176.0,2876.0,2.0,0.0,0.0,5.0,0.0,8.0,13.89,0.0
176.0,2876.0,2.0,0.0,0.0,6.0,0.0,6.0,298.62,1.0
177.0,2876.0,2.0,0.0,0.0,1.0,0.0,5.0,73.7,0.0
178.0,2876.0,2.0,0.0,0.0,1.0,0.0,5.0,56.31,0.0
179.0,2876.0,2.0,0.0,0.0,22.0,0.0,12.0,396.66,1.0
179.0,2876.0,2.0,0.0,0.0,1.0,0.0,5.0,2.03,0.0
112.0,2877.0,1.0,0.0,0.0,0.0,0.0,5.0,28.37,0.0
113.0,2877.0,1.0,0.0,0.0,0.0,0.0,5.0,9.35,0.0
114.0,2877.0,1.0,0.0,0.0,22.0,0.0,12.0,277.76,1.0
115.0,2877.0,1.0,0.0,0.0,0.0,0.0,5.0,23.02,0.0
116.0,2877.0,1.0,0.0,0.0,0.0,0.0,5.0,23.73,0.0
2.0,2880.0,4.0,0.0,0.0,25.0,0.0,15.0,12.43,0.0
35.0,2880.0,4.0,0.0,0.0,8.0,0.0,9.0,223.43,0.0
46.0,2880.0,4.0,0.0,0.0,6.0,0.0,6.0,74.19,1.0
47.0,2880.0,4.0,0.0,0.0,22.0,0.0,12.0,540.69,1.0
51.0,2880.0,4.0,0.0,0.0,22.0,0.0,12.0,59.43,1.0
59.0,2880.0,4.0,0.0,0.0,20.0,0.0,13.0,186.28,0.0
53.0,2880.0,4.0,0.0,0.0,12.0,0.0,13.0,120.03,1.0
60.0,2880.0,4.0,0.0,0.0,9.0,0.0,10.0,8.43,0.0
74.0,2880.0,4.0,0.0,0.0,0.0,0.0,5.0,3.73,0.0
75.0,2880.0,4.0,0.0,0.0,0.0,0.0,5.0,2.95,0.0
76.0,2880.0,4.0,0.0,0.0,38.0,0.0,19.0,340.33,1.0
76.0,2880.0,4.0,0.0,0.0,0.0,0.0,5.0,39.64,0.0
77.0,2880.0,4.0,0.0,0.0,0.0,0.0,5.0,4.58,0.0
78.0,2880.0,4.0,0.0,0.0,0.0,0.0,5.0,89.44,0.0
79.0,2880.0,4.0,0.0,0.0,23.0,0.0,9.0,113.07,0.0
79.0,2880.0,4.0,0.0,0.0,26.0,0.0,12.0,261.8,1.0
80.0,2880.0,4.0,0.0,0.0,0.0,0.0,5.0,6.88,0.0
81.0,2880.0,4.0,0.0,0.0,0.0,0.0,5.0,0.03,0.0
117.0,2880.0,4.0,0.0,0.0,27.0,0.0,12.0,42.59,0.0
117.0,2880.0,4.0,0.0,0.0,46.0,0.0,12.0,25.86,0.0
118.0,2880.0,4.0,0.0,0.0,16.0,0.0,16.0,1110.23,1.0
118.0,2880.0,4.0,0.0,0.0,0.0,0.0,5.0,27.38,0.0
120.0,2880.0,4.0,0.0,0.0,0.0,0.0,5.0,41.93,0.0
144.0,2880.0,4.0,0.0,0.0,0.0,0.0,5.0,2.9,0.0
145.0,2880.0,4.0,0.0,0.0,0.0,0.0,5.0,21.91,0.0
146.0,2880.0,4.0,0.0,0.0,41.0,0.0,19.0,323.14,1.0
146.0,2880.0,4.0,0.0,0.0,9.0,0.0,10.0,106.17,0.0
147.0,2880.0,4.0,0.0,0.0,0.0,0.0,5.0,30.85,0.0
66.0,2883.0,1.0,1.0,0.0,0.0,0.0,5.0,35.92,0.0
68.0,2883.0,1.0,1.0,0.0,0.0,0.0,5.0,4.35,0.0
68.0,2883.0,1.0,1.0,0.0,22.0,0.0,12.0,601.08,1.0
69.0,2883.0,1.0,1.0,0.0,0.0,0.0,5.0,36.16,0.0
70.0,2883.0,1.0,1.0,0.0,0.0,0.0,5.0,42.38,0.0
31.0,2884.0,1.0,0.0,0.0,12.0,0.0,13.0,76.54,0.0
31.0,2884.0,1.0,0.0,0.0,20.0,0.0,13.0,3.16,0.0
40.0,2884.0,1.0,0.0,0.0,6.0,0.0,6.0,548.91,1.0
50.0,2884.0,1.0,0.0,0.0,22.0,0.0,12.0,4.52,0.0
70.0,2884.0,1.0,0.0,0.0,20.0,0.0,13.0,29.61,0.0
142.0,2884.0,1.0,0.0,0.0,21.0,0.0,13.0,118.73,0.0
156.0,2884.0,1.0,0.0,0.0,11.0,0.0,12.0,5.51,0.0
156.0,2884.0,1.0,0.0,0.0,41.0,0.0,19.0,335.45,1.0
157.0,2884.0,1.0,0.0,0.0,12.0,0.0,13.0,40.23,0.0
157.0,2884.0,1.0,0.0,0.0,20.0,0.0,13.0,103.03,0.0
3.0,2886.0,4.0,0.0,0.0,22.0,0.0,12.0,84.65,1.0
6.0,2886.0,4.0,0.0,0.0,6.0,0.0,6.0,1.19,0.0
14.0,2886.0,4.0,0.0,0.0,22.0,0.0,12.0,39.41,1.0
19.0,2886.0,4.0,0.0,0.0,11.0,0.0,12.0,15.33,0.0
15.0,2886.0,4.0,0.0,0.0,41.0,0.0,19.0,414.86,1.0
23.0,2886.0,4.0,0.0,0.0,12.0,0.0,13.0,58.68,0.0
32.0,2886.0,4.0,0.0,0.0,6.0,0.0,6.0,181.13,0.0
32.0,2886.0,4.0,0.0,0.0,2.0,0.0,6.0,106.27,0.0
37.0,2886.0,4.0,0.0,0.0,41.0,0.0,19.0,276.31,1.0
41.0,2886.0,4.0,0.0,0.0,6.0,0.0,6.0,110.55,0.0
41.0,2886.0,4.0,0.0,0.0,7.0,0.0,6.0,253.31,0.0
87.0,2886.0,4.0,0.0,0.0,1.0,0.0,5.0,22.81,0.0
88.0,2886.0,4.0,0.0,0.0,1.0,0.0,5.0,25.26,0.0
89.0,2886.0,4.0,0.0,0.0,6.0,0.0,6.0,50.91,1.0
89.0,2886.0,4.0,0.0,0.0,1.0,0.0,5.0,26.25,0.0
90.0,2886.0,4.0,0.0,0.0,1.0,0.0,5.0,41.03,0.0
91.0,2886.0,4.0,0.0,0.0,30.0,0.0,16.0,314.93,1.0
91.0,2886.0,4.0,0.0,0.0,1.0,0.0,5.0,10.26,0.0
93.0,2886.0,4.0,0.0,0.0,1.0,0.0,5.0,24.39,0.0
162.0,2886.0,4.0,0.0,0.0,1.0,0.0,5.0,23.3,0.0
163.0,2886.0,4.0,0.0,0.0,1.0,0.0,5.0,42.49,0.0
163.0,2886.0,4.0,0.0,0.0,22.0,0.0,12.0,536.29,1.0
164.0,2886.0,4.0,0.0,0.0,1.0,0.0,5.0,51.98,0.0
165.0,2886.0,4.0,0.0,0.0,1.0,0.0,5.0,31.83,0.0
167.0,2886.0,4.0,0.0,0.0,5.0,0.0,8.0,71.52,0.0
168.0,2886.0,4.0,0.0,0.0,1.0,0.0,5.0,41.36,0.0
169.0,2886.0,4.0,0.0,0.0,16.0,0.0,16.0,468.34,1.0
170.0,2886.0,4.0,0.0,0.0,1.0,0.0,5.0,6.01,0.0
171.0,2886.0,4.0,0.0,0.0,1.0,0.0,5.0,26.6,0.0
3.0,2888.0,4.0,0.0,0.0,0.0,0.0,5.0,41.97,0.0
4.0,2888.0,4.0,0.0,0.0,41.0,0.0,19.0,300.35,1.0
4.0,2888.0,4.0,0.0,0.0,0.0,0.0,5.0,18.52,0.0
6.0,2888.0,4.0,0.0,0.0,0.0,0.0,5.0,25.15,0.0
3.0,2893.0,3.0,0.0,0.0,22.0,0.0,12.0,62.55,0.0
18.0,2893.0,3.0,0.0,0.0,20.0,0.0,13.0,164.54,1.0
22.0,2893.0,3.0,0.0,0.0,6.0,0.0,6.0,440.66,1.0
36.0,2893.0,3.0,0.0,0.0,22.0,0.0,12.0,205.43,1.0
37.0,2893.0,3.0,0.0,0.0,7.0,0.0,6.0,171.92,0.0
36.0,2893.0,3.0,0.0,0.0,22.0,0.0,12.0,15.8,1.0
39.0,2893.0,3.0,0.0,0.0,20.0,0.0,13.0,121.61,0.0
90.0,2893.0,3.0,0.0,0.0,1.0,0.0,5.0,30.28,0.0
91.0,2893.0,3.0,0.0,0.0,1.0,0.0,5.0,6.21,0.0
91.0,2893.0,3.0,0.0,0.0,6.0,0.0,6.0,77.19,1.0
92.0,2893.0,3.0,0.0,0.0,1.0,0.0,5.0,6.44,0.0
93.0,2893.0,3.0,0.0,0.0,1.0,0.0,5.0,35.72,0.0
126.0,2893.0,3.0,0.0,0.0,0.0,0.0,5.0,43.53,0.0
127.0,2893.0,3.0,0.0,0.0,0.0,0.0,5.0,7.13,0.0
128.0,2893.0,3.0,0.0,0.0,18.0,0.0,9.0,686.26,1.0
128.0,2893.0,3.0,0.0,0.0,0.0,0.0,5.0,20.6,0.0
129.0,2893.0,3.0,0.0,0.0,0.0,0.0,5.0,4.83,0.0
9.0,2894.0,4.0,0.0,0.0,6.0,0.0,6.0,123.62,0.0
21.0,2894.0,4.0,0.0,0.0,25.0,0.0,15.0,2.3,0.0
41.0,2894.0,4.0,0.0,0.0,13.0,0.0,14.0,247.1,1.0
52.0,2894.0,4.0,0.0,0.0,12.0,0.0,13.0,0.73,0.0
72.0,2894.0,4.0,0.0,0.0,12.0,0.0,13.0,0.49,0.0
104.0,2894.0,4.0,0.0,0.0,0.0,0.0,5.0,32.65,0.0
105.0,2894.0,4.0,0.0,0.0,0.0,0.0,5.0,32.63,0.0
106.0,2894.0,4.0,0.0,0.0,16.0,0.0,16.0,365.18,1.0
106.0,2894.0,4.0,0.0,0.0,0.0,0.0,5.0,25.35,0.0
109.0,2894.0,4.0,0.0,0.0,0.0,0.0,5.0,39.94,0.0
143.0,2894.0,4.0,0.0,0.0,0.0,0.0,5.0,28.25,0.0
144.0,2894.0,4.0,0.0,0.0,37.0,0.0,16.0,101.59,0.0
145.0,2894.0,4.0,0.0,0.0,48.0,0.0,12.0,335.61,1.0
145.0,2894.0,4.0,0.0,0.0,0.0,0.0,5.0,13.15,0.0
145.0,2894.0,4.0,0.0,0.0,1.0,0.0,5.0,40.93,0.0
3.0,2895.0,1.0,1.0,0.0,6.0,0.0,6.0,67.32,0.0
19.0,2895.0,1.0,1.0,0.0,6.0,0.0,6.0,645.66,1.0
26.0,2895.0,1.0,1.0,0.0,6.0,0.0,6.0,30.36,0.0
23.0,2895.0,1.0,1.0,0.0,3.0,0.0,7.0,63.11,1.0
26.0,2895.0,1.0,1.0,0.0,2.0,0.0,6.0,194.35,0.0
32.0,2895.0,1.0,1.0,0.0,6.0,0.0,6.0,691.39,1.0
35.0,2895.0,1.0,1.0,0.0,19.0,0.0,9.0,272.09,1.0
35.0,2895.0,1.0,1.0,0.0,22.0,0.0,12.0,281.93,1.0
42.0,2895.0,1.0,1.0,0.0,15.0,0.0,13.0,243.94,1.0
43.0,2895.0,1.0,1.0,0.0,41.0,0.0,19.0,311.24,1.0
53.0,2895.0,1.0,1.0,0.0,12.0,0.0,13.0,12.62,0.0
45.0,2895.0,1.0,1.0,0.0,20.0,0.0,13.0,74.76,1.0
64.0,2895.0,1.0,1.0,0.0,16.0,0.0,16.0,462.17,1.0
65.0,2895.0,1.0,1.0,0.0,12.0,0.0,13.0,1.82,0.0
65.0,2895.0,1.0,1.0,0.0,20.0,0.0,13.0,73.69,0.0
66.0,2895.0,1.0,1.0,0.0,16.0,0.0,16.0,1056.81,1.0
70.0,2895.0,1.0,1.0,0.0,9.0,0.0,10.0,43.39,0.0
68.0,2895.0,1.0,1.0,0.0,27.0,0.0,12.0,560.47,1.0
71.0,2895.0,1.0,1.0,0.0,0.0,0.0,5.0,27.45,0.0
73.0,2895.0,1.0,1.0,0.0,0.0,0.0,5.0,10.02,0.0
74.0,2895.0,1.0,1.0,0.0,0.0,0.0,5.0,26.44,0.0
74.0,2895.0,1.0,1.0,0.0,6.0,0.0,6.0,470.85,1.0
76.0,2895.0,1.0,1.0,0.0,0.0,0.0,5.0,13.35,0.0
77.0,2895.0,1.0,1.0,0.0,0.0,0.0,5.0,33.67,0.0
88.0,2895.0,1.0,1.0,0.0,0.0,0.0,5.0,58.2,0.0
89.0,2895.0,1.0,1.0,0.0,0.0,0.0,5.0,49.06,0.0
89.0,2895.0,1.0,1.0,0.0,6.0,0.0,6.0,223.12,1.0
90.0,2895.0,1.0,1.0,0.0,0.0,0.0,5.0,63.27,0.0
90.0,2895.0,1.0,1.0,0.0,20.0,0.0,13.0,246.0,1.0
91.0,2895.0,1.0,1.0,0.0,0.0,0.0,5.0,24.42,0.0
94.0,2895.0,1.0,1.0,0.0,0.0,0.0,5.0,23.09,0.0
95.0,2895.0,1.0,1.0,0.0,0.0,0.0,5.0,1.77,0.0
95.0,2895.0,1.0,1.0,0.0,13.0,0.0,14.0,421.47,1.0
97.0,2895.0,1.0,1.0,0.0,0.0,0.0,5.0,15.93,0.0
98.0,2895.0,1.0,1.0,0.0,0.0,0.0,5.0,45.51,0.0
98.0,2895.0,1.0,1.0,0.0,22.0,0.0,12.0,631.14,1.0
99.0,2895.0,1.0,1.0,0.0,0.0,0.0,5.0,24.8,0.0
101.0,2895.0,1.0,1.0,0.0,0.0,0.0,5.0,31.57,0.0
112.0,2895.0,1.0,1.0,0.0,0.0,0.0,5.0,29.75,0.0
114.0,2895.0,1.0,1.0,0.0,0.0,0.0,5.0,66.67,0.0
114.0,2895.0,1.0,1.0,0.0,6.0,0.0,6.0,464.15,1.0
117.0,2895.0,1.0,1.0,0.0,0.0,0.0,5.0,6.12,0.0
118.0,2895.0,1.0,1.0,0.0,13.0,0.0,14.0,59.01,1.0
118.0,2895.0,1.0,1.0,0.0,0.0,0.0,5.0,43.84,0.0
119.0,2895.0,1.0,1.0,0.0,0.0,0.0,5.0,7.56,0.0
138.0,2895.0,1.0,1.0,0.0,1.0,0.0,5.0,73.74,0.0
139.0,2895.0,1.0,1.0,0.0,5.0,0.0,8.0,75.46,0.0
140.0,2895.0,1.0,1.0,0.0,22.0,0.0,12.0,459.84,1.0
140.0,2895.0,1.0,1.0,0.0,1.0,0.0,5.0,5.22,0.0
141.0,2895.0,1.0,1.0,0.0,1.0,0.0,5.0,0.2,0.0
142.0,2895.0,1.0,1.0,0.0,1.0,0.0,5.0,52.81,0.0
143.0,2895.0,1.0,1.0,0.0,6.0,0.0,6.0,425.24,1.0
144.0,2895.0,1.0,1.0,0.0,5.0,0.0,8.0,5.53,0.0
145.0,2895.0,1.0,1.0,0.0,4.0,0.0,6.0,226.47,0.0
3.0,2896.0,2.0,1.0,0.0,3.0,0.0,7.0,194.65,0.0
5.0,2896.0,2.0,1.0,0.0,6.0,0.0,6.0,8.25,1.0
5.0,2896.0,2.0,1.0,0.0,18.0,0.0,9.0,1.06,0.0
7.0,2896.0,2.0,1.0,0.0,38.0,0.0,19.0,314.22,1.0
14.0,2896.0,2.0,1.0,0.0,13.0,0.0,14.0,13.62,1.0
34.0,2896.0,2.0,1.0,0.0,13.0,0.0,14.0,102.98,0.0
26.0,2896.0,2.0,1.0,0.0,6.0,0.0,6.0,153.08,1.0
35.0,2896.0,2.0,1.0,0.0,5.0,0.0,8.0,32.01,0.0
44.0,2896.0,2.0,1.0,0.0,1.0,0.0,5.0,28.56,0.0
45.0,2896.0,2.0,1.0,0.0,1.0,0.0,5.0,11.54,0.0
45.0,2896.0,2.0,1.0,0.0,41.0,0.0,19.0,394.68,1.0
46.0,2896.0,2.0,1.0,0.0,1.0,0.0,5.0,30.09,0.0
47.0,2896.0,2.0,1.0,0.0,1.0,0.0,5.0,16.52,0.0
62.0,2896.0,2.0,1.0,0.0,3.0,0.0,7.0,178.24,0.0
65.0,2896.0,2.0,1.0,0.0,6.0,0.0,6.0,88.96,0.0
92.0,2896.0,2.0,1.0,0.0,6.0,0.0,6.0,362.17,1.0
93.0,2896.0,2.0,1.0,0.0,26.0,0.0,12.0,474.16,1.0
94.0,2896.0,2.0,1.0,0.0,6.0,0.0,6.0,718.03,1.0
96.0,2896.0,2.0,1.0,0.0,20.0,0.0,13.0,22.31,1.0
98.0,2896.0,2.0,1.0,0.0,30.0,0.0,16.0,243.79,1.0
100.0,2896.0,2.0,1.0,0.0,41.0,0.0,19.0,324.72,1.0
106.0,2896.0,2.0,1.0,0.0,6.0,0.0,6.0,201.82,1.0
107.0,2896.0,2.0,1.0,0.0,13.0,0.0,14.0,46.27,1.0
108.0,2896.0,2.0,1.0,0.0,35.0,0.0,18.0,2135.61,1.0
113.0,2896.0,2.0,1.0,0.0,3.0,0.0,7.0,23.76,1.0
114.0,2896.0,2.0,1.0,0.0,38.0,0.0,19.0,409.33,1.0
115.0,2896.0,2.0,1.0,0.0,6.0,0.0,6.0,375.68,1.0
117.0,2896.0,2.0,1.0,0.0,22.0,0.0,12.0,167.2,1.0
118.0,2896.0,2.0,1.0,0.0,17.0,0.0,9.0,333.41,1.0
118.0,2896.0,2.0,1.0,0.0,35.0,0.0,18.0,355.76,1.0
119.0,2896.0,2.0,1.0,0.0,6.0,0.0,6.0,817.11,1.0
119.0,2896.0,2.0,1.0,0.0,35.0,0.0,18.0,2501.6,1.0
120.0,2896.0,2.0,1.0,0.0,16.0,0.0,16.0,244.27,1.0
123.0,2896.0,2.0,1.0,0.0,26.0,0.0,12.0,1005.0,1.0
123.0,2896.0,2.0,1.0,0.0,6.0,0.0,6.0,494.35,1.0
126.0,2896.0,2.0,1.0,0.0,35.0,0.0,18.0,3580.19,1.0
128.0,2896.0,2.0,1.0,0.0,6.0,0.0,6.0,340.21,1.0
128.0,2896.0,2.0,1.0,0.0,18.0,0.0,9.0,671.74,1.0
128.0,2896.0,2.0,1.0,0.0,35.0,0.0,18.0,4142.04,1.0
129.0,2896.0,2.0,1.0,0.0,6.0,0.0,6.0,95.96,1.0
130.0,2896.0,2.0,1.0,0.0,35.0,0.0,18.0,1764.65,1.0
130.0,2896.0,2.0,1.0,0.0,13.0,0.0,14.0,89.07,1.0
130.0,2896.0,2.0,1.0,0.0,6.0,0.0,6.0,283.5,1.0
131.0,2896.0,2.0,1.0,0.0,44.0,0.0,13.0,299.71,1.0
133.0,2896.0,2.0,1.0,0.0,6.0,0.0,6.0,557.33,1.0
135.0,2896.0,2.0,1.0,0.0,6.0,0.0,6.0,143.95,0.0
134.0,2896.0,2.0,1.0,0.0,35.0,0.0,18.0,458.68,1.0
135.0,2896.0,2.0,1.0,0.0,2.0,0.0,6.0,69.5,0.0
136.0,2896.0,2.0,1.0,0.0,25.0,0.0,15.0,134.65,0.0
136.0,2896.0,2.0,1.0,0.0,22.0,0.0,12.0,576.47,1.0
136.0,2896.0,2.0,1.0,0.0,2.0,0.0,6.0,397.5,1.0
136.0,2896.0,2.0,1.0,0.0,12.0,0.0,13.0,165.07,1.0
137.0,2896.0,2.0,1.0,0.0,35.0,0.0,18.0,2430.96,1.0
138.0,2896.0,2.0,1.0,0.0,25.0,0.0,15.0,62.28,1.0
141.0,2896.0,2.0,1.0,0.0,6.0,0.0,6.0,457.24,1.0
142.0,2896.0,2.0,1.0,0.0,3.0,0.0,7.0,528.53,1.0
142.0,2896.0,2.0,1.0,0.0,22.0,0.0,12.0,648.13,1.0
144.0,2896.0,2.0,1.0,0.0,22.0,0.0,12.0,34.33,1.0
144.0,2896.0,2.0,1.0,0.0,17.0,0.0,9.0,36.12,1.0
145.0,2896.0,2.0,1.0,0.0,12.0,0.0,13.0,199.92,1.0
146.0,2896.0,2.0,1.0,0.0,22.0,0.0,12.0,287.69,1.0
148.0,2896.0,2.0,1.0,0.0,16.0,0.0,16.0,75.57,1.0
150.0,2896.0,2.0,1.0,0.0,6.0,0.0,6.0,1795.12,1.0
150.0,2896.0,2.0,1.0,0.0,6.0,0.0,6.0,40.64,1.0
151.0,2896.0,2.0,1.0,0.0,25.0,0.0,15.0,26.34,0.0
151.0,2896.0,2.0,1.0,0.0,12.0,0.0,13.0,424.55,1.0
152.0,2896.0,2.0,1.0,0.0,41.0,0.0,19.0,213.62,1.0
155.0,2896.0,2.0,1.0,0.0,41.0,0.0,19.0,336.22,1.0
156.0,2896.0,2.0,1.0,0.0,6.0,0.0,6.0,129.22,1.0
158.0,2896.0,2.0,1.0,0.0,22.0,0.0,12.0,231.28,1.0
165.0,2896.0,2.0,1.0,0.0,6.0,0.0,6.0,15.97,0.0
160.0,2896.0,2.0,1.0,0.0,15.0,0.0,13.0,432.05,1.0
165.0,2896.0,2.0,1.0,0.0,7.0,0.0,6.0,77.31,0.0
166.0,2896.0,2.0,1.0,0.0,3.0,0.0,7.0,209.21,1.0
169.0,2896.0,2.0,1.0,0.0,20.0,0.0,13.0,91.29,0.0
168.0,2896.0,2.0,1.0,0.0,22.0,0.0,12.0,383.24,1.0
170.0,2896.0,2.0,1.0,0.0,6.0,0.0,6.0,94.98,0.0
170.0,2896.0,2.0,1.0,0.0,7.0,0.0,6.0,110.58,0.0
170.0,2896.0,2.0,1.0,0.0,2.0,0.0,6.0,33.91,0.0
170.0,2896.0,2.0,1.0,0.0,16.0,0.0,16.0,313.93,1.0
170.0,2896.0,2.0,1.0,0.0,38.0,0.0,19.0,397.79,1.0
171.0,2896.0,2.0,1.0,0.0,35.0,0.0,18.0,230.73,1.0
172.0,2896.0,2.0,1.0,0.0,12.0,0.0,13.0,42.09,0.0
172.0,2896.0,2.0,1.0,0.0,6.0,0.0,6.0,204.21,1.0
173.0,2896.0,2.0,1.0,0.0,22.0,0.0,12.0,222.86,1.0
176.0,2896.0,2.0,1.0,0.0,38.0,0.0,19.0,282.93,1.0
177.0,2896.0,2.0,1.0,0.0,22.0,0.0,12.0,180.78,1.0
179.0,2896.0,2.0,1.0,0.0,21.0,0.0,13.0,521.84,1.0
111.0,2898.0,0.0,1.0,0.0,7.0,0.0,6.0,128.14,0.0
111.0,2898.0,0.0,1.0,0.0,2.0,0.0,6.0,73.73,0.0
124.0,2898.0,0.0,1.0,0.0,22.0,0.0,12.0,583.01,1.0
130.0,2898.0,0.0,1.0,0.0,12.0,0.0,13.0,80.59,0.0
130.0,2898.0,0.0,1.0,0.0,20.0,0.0,13.0,22.55,0.0
3.0,2902.0,2.0,0.0,0.0,12.0,0.0,13.0,12.92,0.0
26.0,2902.0,2.0,0.0,0.0,41.0,0.0,19.0,374.02,1.0
35.0,2902.0,2.0,0.0,0.0,18.0,0.0,9.0,82.07,0.0
43.0,2902.0,2.0,0.0,0.0,35.0,0.0,18.0,2938.68,1.0
63.0,2902.0,2.0,0.0,0.0,13.0,0.0,14.0,52.8,0.0
64.0,2902.0,2.0,0.0,0.0,0.0,0.0,5.0,1.25,0.0
3.0,2906.0,2.0,1.0,0.0,11.0,0.0,12.0,86.91,0.0
5.0,2906.0,2.0,1.0,0.0,38.0,0.0,19.0,317.82,1.0
12.0,2906.0,2.0,1.0,0.0,6.0,0.0,6.0,90.84,0.0
25.0,2906.0,2.0,1.0,0.0,11.0,0.0,12.0,17.54,1.0
32.0,2906.0,2.0,1.0,0.0,25.0,0.0,15.0,32.18,0.0
58.0,2906.0,2.0,1.0,0.0,11.0,0.0,12.0,68.22,0.0
77.0,2906.0,2.0,1.0,0.0,12.0,0.0,13.0,41.24,0.0
83.0,2906.0,2.0,1.0,0.0,6.0,0.0,6.0,88.37,1.0
88.0,2906.0,2.0,1.0,0.0,17.0,0.0,9.0,339.64,0.0
95.0,2906.0,2.0,1.0,0.0,6.0,0.0,6.0,231.57,0.0
111.0,2906.0,2.0,1.0,0.0,44.0,0.0,13.0,2.12,0.0
112.0,2906.0,2.0,1.0,0.0,0.0,0.0,5.0,14.58,0.0
112.0,2906.0,2.0,1.0,0.0,17.0,0.0,9.0,170.14,1.0
113.0,2906.0,2.0,1.0,0.0,0.0,0.0,5.0,45.28,0.0
114.0,2906.0,2.0,1.0,0.0,0.0,0.0,5.0,0.38,0.0
149.0,2906.0,2.0,1.0,0.0,1.0,0.0,5.0,49.7,0.0
150.0,2906.0,2.0,1.0,0.0,1.0,0.0,5.0,57.19,0.0
150.0,2906.0,2.0,1.0,0.0,27.0,0.0,12.0,1258.33,1.0
151.0,2906.0,2.0,1.0,0.0,1.0,0.0,5.0,25.0,0.0
152.0,2906.0,2.0,1.0,0.0,1.0,0.0,5.0,46.41,0.0
157.0,2906.0,2.0,1.0,0.0,1.0,0.0,5.0,39.8,0.0
158.0,2906.0,2.0,1.0,0.0,5.0,0.0,8.0,50.22,0.0
159.0,2906.0,2.0,1.0,0.0,35.0,0.0,18.0,4716.54,1.0
159.0,2906.0,2.0,1.0,0.0,1.0,0.0,5.0,44.77,0.0
160.0,2906.0,2.0,1.0,0.0,1.0,0.0,5.0,8.84,0.0
3.0,2908.0,1.0,1.0,0.0,7.0,0.0,6.0,254.84,0.0
105.0,2908.0,1.0,1.0,0.0,30.0,0.0,16.0,97.77,0.0
107.0,2908.0,1.0,1.0,0.0,6.0,0.0,6.0,345.54,1.0
108.0,2908.0,1.0,1.0,0.0,0.0,0.0,5.0,75.8,0.0
109.0,2908.0,1.0,1.0,0.0,0.0,0.0,5.0,47.13,0.0
121.0,2908.0,1.0,1.0,0.0,0.0,0.0,5.0,42.02,0.0
122.0,2908.0,1.0,1.0,0.0,0.0,0.0,5.0,84.95,0.0
122.0,2908.0,1.0,1.0,0.0,45.0,0.0,18.0,284.41,1.0
123.0,2908.0,1.0,1.0,0.0,0.0,0.0,5.0,21.73,0.0
124.0,2908.0,1.0,1.0,0.0,36.0,0.0,15.0,61.06,0.0
125.0,2908.0,1.0,1.0,0.0,0.0,0.0,5.0,7.01,0.0
125.0,2908.0,1.0,1.0,0.0,1.0,0.0,5.0,1.11,0.0
125.0,2908.0,1.0,1.0,0.0,18.0,0.0,9.0,568.65,1.0
126.0,2908.0,1.0,1.0,0.0,1.0,0.0,5.0,10.67,0.0
127.0,2908.0,1.0,1.0,0.0,5.0,0.0,8.0,73.85,0.0
128.0,2908.0,1.0,1.0,0.0,1.0,0.0,5.0,44.52,0.0
129.0,2908.0,1.0,1.0,0.0,38.0,0.0,19.0,355.82,1.0
129.0,2908.0,1.0,1.0,0.0,1.0,0.0,5.0,2.45,0.0
130.0,2908.0,1.0,1.0,0.0,1.0,0.0,5.0,35.81,0.0
138.0,2908.0,1.0,1.0,0.0,1.0,0.0,5.0,5.83,0.0
139.0,2908.0,1.0,1.0,0.0,1.0,0.0,5.0,1.8,0.0
140.0,2908.0,1.0,1.0,0.0,20.0,0.0,13.0,480.89,1.0
140.0,2908.0,1.0,1.0,0.0,1.0,0.0,5.0,45.02,0.0
141.0,2908.0,1.0,1.0,0.0,6.0,0.0,6.0,137.82,1.0
141.0,2908.0,1.0,1.0,0.0,1.0,0.0,5.0,19.19,0.0
142.0,2908.0,1.0,1.0,0.0,1.0,0.0,5.0,64.31,0.0
162.0,2908.0,1.0,1.0,0.0,0.0,0.0,5.0,72.44,0.0
162.0,2908.0,1.0,1.0,0.0,1.0,0.0,5.0,34.89,0.0
162.0,2908.0,1.0,1.0,0.0,22.0,0.0,12.0,418.04,1.0
163.0,2908.0,1.0,1.0,0.0,1.0,0.0,5.0,23.17,0.0
164.0,2908.0,1.0,1.0,0.0,1.0,0.0,5.0,0.69,0.0
3.0,2910.0,2.0,1.0,0.0,22.0,0.0,12.0,281.12,1.0
4.0,2910.0,2.0,1.0,0.0,21.0,0.0,13.0,32.28,1.0
4.0,2910.0,2.0,1.0,0.0,6.0,0.0,6.0,702.72,1.0
5.0,2910.0,2.0,1.0,0.0,16.0,0.0,16.0,613.67,1.0
6.0,2910.0,2.0,1.0,0.0,35.0,0.0,18.0,297.43,1.0
9.0,2910.0,2.0,1.0,0.0,25.0,0.0,15.0,1.28,0.0
6.0,2910.0,2.0,1.0,0.0,22.0,0.0,12.0,97.49,1.0
11.0,2910.0,2.0,1.0,0.0,6.0,0.0,6.0,128.09,1.0
18.0,2910.0,2.0,1.0,0.0,35.0,0.0,18.0,3993.1,1.0
24.0,2910.0,2.0,1.0,0.0,27.0,0.0,12.0,144.93,1.0
31.0,2910.0,2.0,1.0,0.0,22.0,0.0,12.0,36.63,0.0
25.0,2910.0,2.0,1.0,0.0,20.0,0.0,13.0,543.4,1.0
39.0,2910.0,2.0,1.0,0.0,22.0,0.0,12.0,524.27,1.0
52.0,2910.0,2.0,1.0,0.0,7.0,0.0,6.0,12.35,0.0
48.0,2910.0,2.0,1.0,0.0,27.0,0.0,12.0,418.66,1.0
59.0,2910.0,2.0,1.0,0.0,19.0,0.0,9.0,438.35,1.0
77.0,2910.0,2.0,1.0,0.0,7.0,0.0,6.0,106.2,0.0
77.0,2910.0,2.0,1.0,0.0,2.0,0.0,6.0,10.07,0.0
107.0,2910.0,2.0,1.0,0.0,6.0,0.0,6.0,151.04,0.0
117.0,2910.0,2.0,1.0,0.0,25.0,0.0,15.0,52.32,0.0
130.0,2910.0,2.0,1.0,0.0,6.0,0.0,6.0,74.93,1.0
136.0,2910.0,2.0,1.0,0.0,6.0,0.0,6.0,555.38,1.0
25.0,2911.0,3.0,1.0,0.0,19.0,0.0,9.0,158.12,0.0
53.0,2911.0,3.0,1.0,0.0,20.0,0.0,13.0,18.79,0.0
84.0,2911.0,3.0,1.0,0.0,41.0,0.0,19.0,291.32,1.0
88.0,2911.0,3.0,1.0,0.0,25.0,0.0,15.0,70.53,0.0
101.0,2911.0,3.0,1.0,0.0,22.0,0.0,12.0,29.86,0.0
168.0,2911.0,3.0,1.0,0.0,5.0,0.0,8.0,9.72,0.0
169.0,2911.0,3.0,1.0,0.0,1.0,0.0,5.0,28.71,0.0
170.0,2911.0,3.0,1.0,0.0,16.0,0.0,16.0,111.34,1.0
171.0,2911.0,3.0,1.0,0.0,1.0,0.0,5.0,63.48,0.0
172.0,2911.0,3.0,1.0,0.0,28.0,0.0,13.0,7.06,0.0
3.0,2912.0,1.0,1.0,0.0,22.0,0.0,12.0,426.7,1.0
16.0,2912.0,1.0,1.0,0.0,35.0,0.0,18.0,2668.66,1.0
21.0,2912.0,1.0,1.0,0.0,13.0,0.0,14.0,236.64,1.0
28.0,2912.0,1.0,1.0,0.0,0.0,0.0,5.0,21.82,0.0
24.0,2912.0,1.0,1.0,0.0,6.0,0.0,6.0,305.93,1.0
29.0,2912.0,1.0,1.0,0.0,0.0,0.0,5.0,26.2,0.0
36.0,2912.0,1.0,1.0,0.0,0.0,0.0,5.0,58.07,0.0
37.0,2912.0,1.0,1.0,0.0,0.0,0.0,5.0,48.45,0.0
38.0,2912.0,1.0,1.0,0.0,6.0,0.0,6.0,886.7,1.0
38.0,2912.0,1.0,1.0,0.0,0.0,0.0,5.0,18.81,0.0
41.0,2912.0,1.0,1.0,0.0,0.0,0.0,5.0,28.73,0.0
59.0,2912.0,1.0,1.0,0.0,0.0,0.0,5.0,3.09,0.0
60.0,2912.0,1.0,1.0,0.0,0.0,0.0,5.0,9.97,0.0
62.0,2912.0,1.0,1.0,0.0,35.0,0.0,18.0,4734.42,1.0
63.0,2912.0,1.0,1.0,0.0,0.0,0.0,5.0,0.39,0.0
64.0,2912.0,1.0,1.0,0.0,0.0,0.0,5.0,40.25,0.0
71.0,2912.0,1.0,1.0,0.0,0.0,0.0,5.0,21.06,0.0
72.0,2912.0,1.0,1.0,0.0,0.0,0.0,5.0,9.96,0.0
72.0,2912.0,1.0,1.0,0.0,22.0,0.0,12.0,647.01,1.0
73.0,2912.0,1.0,1.0,0.0,0.0,0.0,5.0,32.0,0.0
74.0,2912.0,1.0,1.0,0.0,13.0,0.0,14.0,50.11,0.0
76.0,2912.0,1.0,1.0,0.0,0.0,0.0,5.0,72.97,0.0
77.0,2912.0,1.0,1.0,0.0,13.0,0.0,14.0,13.55,0.0
77.0,2912.0,1.0,1.0,0.0,25.0,0.0,15.0,283.58,1.0
78.0,2912.0,1.0,1.0,0.0,0.0,0.0,5.0,3.89,0.0
79.0,2912.0,1.0,1.0,0.0,37.0,0.0,16.0,233.23,0.0
3.0,2914.0,2.0,0.0,0.0,10.0,0.0,11.0,124.92,1.0
6.0,2914.0,2.0,0.0,0.0,7.0,0.0,6.0,16.5,0.0
9.0,2914.0,2.0,0.0,0.0,25.0,0.0,15.0,186.22,0.0
10.0,2914.0,2.0,0.0,0.0,22.0,0.0,12.0,168.85,1.0
23.0,2914.0,2.0,0.0,0.0,35.0,0.0,18.0,2783.07,1.0
73.0,2914.0,2.0,0.0,0.0,6.0,0.0,6.0,240.47,0.0
33.0,2914.0,2.0,0.0,0.0,16.0,0.0,16.0,589.21,1.0
74.0,2914.0,2.0,0.0,0.0,3.0,0.0,7.0,115.56,0.0
77.0,2914.0,2.0,0.0,0.0,6.0,0.0,6.0,30.95,1.0
83.0,2914.0,2.0,0.0,0.0,3.0,0.0,7.0,80.38,0.0
85.0,2914.0,2.0,0.0,0.0,38.0,0.0,19.0,180.24,1.0
90.0,2914.0,2.0,0.0,0.0,6.0,0.0,6.0,173.31,0.0
90.0,2914.0,2.0,0.0,0.0,4.0,0.0,6.0,81.11,0.0
104.0,2914.0,2.0,0.0,0.0,1.0,0.0,5.0,15.02,0.0
105.0,2914.0,2.0,0.0,0.0,5.0,0.0,8.0,46.92,0.0
105.0,2914.0,2.0,0.0,0.0,6.0,0.0,6.0,370.54,1.0
106.0,2914.0,2.0,0.0,0.0,1.0,0.0,5.0,21.92,0.0
107.0,2914.0,2.0,0.0,0.0,5.0,0.0,8.0,26.15,0.0
114.0,2914.0,2.0,0.0,0.0,1.0,0.0,5.0,48.87,0.0
115.0,2914.0,2.0,0.0,0.0,5.0,0.0,8.0,29.19,0.0
116.0,2914.0,2.0,0.0,0.0,6.0,0.0,6.0,756.03,1.0
116.0,2914.0,2.0,0.0,0.0,1.0,0.0,5.0,80.18,0.0
119.0,2914.0,2.0,0.0,0.0,1.0,0.0,5.0,10.88,0.0
148.0,2914.0,2.0,0.0,0.0,1.0,0.0,5.0,49.75,0.0
149.0,2914.0,2.0,0.0,0.0,1.0,0.0,5.0,64.07,0.0
149.0,2914.0,2.0,0.0,0.0,22.0,0.0,12.0,406.58,1.0
150.0,2914.0,2.0,0.0,0.0,1.0,0.0,5.0,21.08,0.0
151.0,2914.0,2.0,0.0,0.0,1.0,0.0,5.0,9.72,0.0
71.0,2915.0,1.0,1.0,0.0,0.0,0.0,5.0,47.65,0.0
72.0,2915.0,1.0,1.0,0.0,23.0,0.0,9.0,187.45,0.0
72.0,2915.0,1.0,1.0,0.0,17.0,0.0,9.0,759.04,1.0
73.0,2915.0,1.0,1.0,0.0,0.0,0.0,5.0,37.55,0.0
74.0,2915.0,1.0,1.0,0.0,0.0,0.0,5.0,33.1,0.0
3.0,2916.0,2.0,0.0,0.0,16.0,0.0,16.0,169.8,0.0
7.0,2916.0,2.0,0.0,0.0,39.0,0.0,18.0,3020.3,1.0
9.0,2916.0,2.0,0.0,0.0,13.0,0.0,14.0,42.79,0.0
10.0,2916.0,2.0,0.0,0.0,0.0,0.0,5.0,18.49,0.0
13.0,2916.0,2.0,0.0,0.0,0.0,0.0,5.0,25.05,0.0
15.0,2916.0,2.0,0.0,0.0,0.0,0.0,5.0,30.37,0.0
16.0,2916.0,2.0,0.0,0.0,16.0,0.0,16.0,253.4,1.0
16.0,2916.0,2.0,0.0,0.0,0.0,0.0,5.0,4.84,0.0
17.0,2916.0,2.0,0.0,0.0,11.0,0.0,12.0,410.34,1.0
17.0,2916.0,2.0,0.0,0.0,0.0,0.0,5.0,24.16,0.0
18.0,2916.0,2.0,0.0,0.0,0.0,0.0,5.0,24.12,0.0
23.0,2916.0,2.0,0.0,0.0,15.0,0.0,13.0,20.11,0.0
24.0,2916.0,2.0,0.0,0.0,0.0,0.0,5.0,7.77,0.0
25.0,2916.0,2.0,0.0,0.0,11.0,0.0,12.0,254.33,1.0
25.0,2916.0,2.0,0.0,0.0,0.0,0.0,5.0,3.99,0.0
27.0,2916.0,2.0,0.0,0.0,0.0,0.0,5.0,13.7,0.0
56.0,2916.0,2.0,0.0,0.0,0.0,0.0,5.0,4.25,0.0
57.0,2916.0,2.0,0.0,0.0,0.0,0.0,5.0,5.17,0.0
58.0,2916.0,2.0,0.0,0.0,22.0,0.0,12.0,667.66,1.0
58.0,2916.0,2.0,0.0,0.0,0.0,0.0,5.0,33.91,0.0
59.0,2916.0,2.0,0.0,0.0,0.0,0.0,5.0,52.2,0.0
75.0,2916.0,2.0,0.0,0.0,1.0,0.0,5.0,13.22,0.0
76.0,2916.0,2.0,0.0,0.0,1.0,0.0,5.0,17.24,0.0
77.0,2916.0,2.0,0.0,0.0,22.0,0.0,12.0,1012.6,1.0
77.0,2916.0,2.0,0.0,0.0,1.0,0.0,5.0,4.45,0.0
78.0,2916.0,2.0,0.0,0.0,1.0,0.0,5.0,17.08,0.0
78.0,2916.0,2.0,0.0,0.0,22.0,0.0,12.0,628.68,1.0
79.0,2916.0,2.0,0.0,0.0,1.0,0.0,5.0,14.21,0.0
78.0,2916.0,2.0,0.0,0.0,22.0,0.0,12.0,151.12,1.0
81.0,2916.0,2.0,0.0,0.0,1.0,0.0,5.0,21.5,0.0
118.0,2916.0,2.0,0.0,0.0,1.0,0.0,5.0,5.23,0.0
119.0,2916.0,2.0,0.0,0.0,1.0,0.0,5.0,30.34,0.0
119.0,2916.0,2.0,0.0,0.0,22.0,0.0,12.0,787.4,1.0
120.0,2916.0,2.0,0.0,0.0,1.0,0.0,5.0,30.45,0.0
121.0,2916.0,2.0,0.0,0.0,1.0,0.0,5.0,31.94,0.0
126.0,2916.0,2.0,0.0,0.0,42.0,0.0,6.0,188.83,0.0
127.0,2916.0,2.0,0.0,0.0,1.0,0.0,5.0,58.32,0.0
127.0,2916.0,2.0,0.0,0.0,18.0,0.0,9.0,276.69,1.0
129.0,2916.0,2.0,0.0,0.0,1.0,0.0,5.0,33.95,0.0
130.0,2916.0,2.0,0.0,0.0,1.0,0.0,5.0,41.68,0.0
133.0,2916.0,2.0,0.0,0.0,1.0,0.0,5.0,58.02,0.0
134.0,2916.0,2.0,0.0,0.0,1.0,0.0,5.0,21.14,0.0
135.0,2916.0,2.0,0.0,0.0,6.0,0.0,6.0,682.65,1.0
135.0,2916.0,2.0,0.0,0.0,1.0,0.0,5.0,51.37,0.0
136.0,2916.0,2.0,0.0,0.0,1.0,0.0,5.0,47.12,0.0
44.0,2918.0,2.0,1.0,0.0,25.0,0.0,15.0,148.96,0.0
53.0,2918.0,2.0,1.0,0.0,25.0,0.0,15.0,62.82,0.0
113.0,2918.0,2.0,1.0,0.0,35.0,0.0,18.0,5162.36,1.0
135.0,2918.0,2.0,1.0,0.0,9.0,0.0,10.0,5.65,0.0
138.0,2918.0,2.0,1.0,0.0,0.0,0.0,5.0,7.09,0.0
170.0,2918.0,2.0,1.0,0.0,0.0,0.0,5.0,40.62,0.0
171.0,2918.0,2.0,1.0,0.0,0.0,0.0,5.0,40.44,0.0
171.0,2918.0,2.0,1.0,0.0,11.0,0.0,12.0,294.85,1.0
172.0,2918.0,2.0,1.0,0.0,0.0,0.0,5.0,45.75,0.0
173.0,2918.0,2.0,1.0,0.0,0.0,0.0,5.0,35.44,0.0
177.0,2918.0,2.0,1.0,0.0,0.0,0.0,5.0,24.55,0.0
179.0,2918.0,2.0,1.0,0.0,0.0,0.0,5.0,14.14,0.0
179.0,2918.0,2.0,1.0,0.0,38.0,0.0,19.0,328.75,1.0
29.0,2919.0,5.0,1.0,0.0,6.0,0.0,6.0,162.81,0.0
29.0,2919.0,5.0,1.0,0.0,2.0,0.0,6.0,130.92,0.0
43.0,2919.0,5.0,1.0,0.0,11.0,0.0,12.0,55.36,1.0
44.0,2919.0,5.0,1.0,0.0,9.0,0.0,10.0,50.72,0.0
45.0,2919.0,5.0,1.0,0.0,0.0,0.0,5.0,50.33,0.0
3.0,2920.0,2.0,0.0,0.0,3.0,0.0,7.0,571.7,1.0
16.0,2920.0,2.0,0.0,0.0,13.0,0.0,14.0,10.8,0.0
15.0,2920.0,2.0,0.0,0.0,11.0,0.0,12.0,147.4,1.0
17.0,2920.0,2.0,0.0,0.0,0.0,0.0,5.0,36.19,0.0
152.0,2920.0,2.0,0.0,0.0,1.0,0.0,5.0,12.09,0.0
153.0,2920.0,2.0,0.0,0.0,14.0,0.0,15.0,7.08,0.0
154.0,2920.0,2.0,0.0,0.0,11.0,0.0,12.0,467.37,1.0
154.0,2920.0,2.0,0.0,0.0,28.0,0.0,13.0,150.06,0.0
155.0,2920.0,2.0,0.0,0.0,0.0,0.0,5.0,5.01,0.0
3.0,2921.0,2.0,1.0,0.0,3.0,0.0,7.0,389.98,1.0
16.0,2921.0,2.0,1.0,0.0,13.0,0.0,14.0,33.75,0.0
5.0,2921.0,2.0,1.0,0.0,22.0,0.0,12.0,644.15,1.0
17.0,2921.0,2.0,1.0,0.0,0.0,0.0,5.0,0.81,0.0
18.0,2921.0,2.0,1.0,0.0,0.0,0.0,5.0,12.01,0.0
19.0,2921.0,2.0,1.0,0.0,20.0,0.0,13.0,164.5,1.0
19.0,2921.0,2.0,1.0,0.0,0.0,0.0,5.0,17.48,0.0
20.0,2921.0,2.0,1.0,0.0,0.0,0.0,5.0,29.49,0.0
28.0,2921.0,2.0,1.0,0.0,0.0,0.0,5.0,17.98,0.0
29.0,2921.0,2.0,1.0,0.0,0.0,0.0,5.0,0.72,0.0
30.0,2921.0,2.0,1.0,0.0,25.0,0.0,15.0,422.51,1.0
31.0,2921.0,2.0,1.0,0.0,0.0,0.0,5.0,33.87,0.0
32.0,2921.0,2.0,1.0,0.0,0.0,0.0,5.0,6.42,0.0
34.0,2921.0,2.0,1.0,0.0,0.0,0.0,5.0,14.95,0.0
36.0,2921.0,2.0,1.0,0.0,0.0,0.0,5.0,1.86,0.0
36.0,2921.0,2.0,1.0,0.0,6.0,0.0,6.0,120.53,1.0
37.0,2921.0,2.0,1.0,0.0,0.0,0.0,5.0,5.96,0.0
38.0,2921.0,2.0,1.0,0.0,0.0,0.0,5.0,29.9,0.0
11.0,2922.0,2.0,0.0,0.0,6.0,0.0,6.0,16.39,0.0
11.0,2922.0,2.0,0.0,0.0,2.0,0.0,6.0,2.34,0.0
11.0,2922.0,2.0,0.0,0.0,22.0,0.0,12.0,402.4,1.0
26.0,2922.0,2.0,0.0,0.0,12.0,0.0,13.0,57.61,0.0
26.0,2922.0,2.0,0.0,0.0,20.0,0.0,13.0,50.83,0.0
66.0,2922.0,2.0,0.0,0.0,0.0,0.0,5.0,38.55,0.0
67.0,2922.0,2.0,0.0,0.0,9.0,0.0,10.0,33.98,0.0
67.0,2922.0,2.0,0.0,0.0,22.0,0.0,12.0,630.05,1.0
68.0,2922.0,2.0,0.0,0.0,0.0,0.0,5.0,12.67,0.0
69.0,2922.0,2.0,0.0,0.0,0.0,0.0,5.0,20.24,0.0
79.0,2922.0,2.0,0.0,0.0,0.0,0.0,5.0,39.82,0.0
81.0,2922.0,2.0,0.0,0.0,13.0,0.0,14.0,74.97,0.0
82.0,2922.0,2.0,0.0,0.0,22.0,0.0,12.0,271.95,1.0
82.0,2922.0,2.0,0.0,0.0,0.0,0.0,5.0,17.12,0.0
83.0,2922.0,2.0,0.0,0.0,0.0,0.0,5.0,13.09,0.0
3.0,2923.0,1.0,1.0,0.0,20.0,0.0,13.0,1.65,0.0
14.0,2923.0,1.0,1.0,0.0,22.0,0.0,12.0,89.98,0.0
28.0,2923.0,1.0,1.0,0.0,41.0,0.0,19.0,430.29,1.0
43.0,2923.0,1.0,1.0,0.0,20.0,0.0,13.0,77.34,0.0
56.0,2923.0,1.0,1.0,0.0,22.0,0.0,12.0,218.99,1.0
80.0,2923.0,1.0,1.0,0.0,9.0,0.0,10.0,58.9,0.0
82.0,2923.0,1.0,1.0,0.0,0.0,0.0,5.0,29.46,0.0
96.0,2923.0,1.0,1.0,0.0,1.0,0.0,5.0,23.28,0.0
97.0,2923.0,1.0,1.0,0.0,5.0,0.0,8.0,43.04,0.0
97.0,2923.0,1.0,1.0,0.0,6.0,0.0,6.0,733.75,1.0
98.0,2923.0,1.0,1.0,0.0,1.0,0.0,5.0,72.26,0.0
99.0,2923.0,1.0,1.0,0.0,1.0,0.0,5.0,45.72,0.0
122.0,2923.0,1.0,1.0,0.0,5.0,0.0,8.0,35.69,0.0
123.0,2923.0,1.0,1.0,0.0,1.0,0.0,5.0,42.74,0.0
124.0,2923.0,1.0,1.0,0.0,22.0,0.0,12.0,565.66,1.0
124.0,2923.0,1.0,1.0,0.0,1.0,0.0,5.0,17.38,0.0
125.0,2923.0,1.0,1.0,0.0,1.0,0.0,5.0,34.69,0.0
155.0,2923.0,1.0,1.0,0.0,1.0,0.0,5.0,25.76,0.0
156.0,2923.0,1.0,1.0,0.0,1.0,0.0,5.0,50.18,0.0
157.0,2923.0,1.0,1.0,0.0,25.0,0.0,15.0,502.84,1.0
157.0,2923.0,1.0,1.0,0.0,1.0,0.0,5.0,19.62,0.0
158.0,2923.0,1.0,1.0,0.0,1.0,0.0,5.0,8.72,0.0
103.0,2924.0,0.0,0.0,0.0,1.0,0.0,5.0,25.25,0.0
104.0,2924.0,0.0,0.0,0.0,1.0,0.0,5.0,40.48,0.0
105.0,2924.0,0.0,0.0,0.0,16.0,0.0,16.0,459.6,1.0
105.0,2924.0,0.0,0.0,0.0,1.0,0.0,5.0,12.57,0.0
106.0,2924.0,0.0,0.0,0.0,1.0,0.0,5.0,23.32,0.0
82.0,2925.0,3.0,1.0,0.0,2.0,0.0,6.0,41.84,0.0
88.0,2925.0,3.0,1.0,0.0,12.0,0.0,13.0,57.29,0.0
91.0,2925.0,3.0,1.0,0.0,6.0,0.0,6.0,367.94,1.0
99.0,2925.0,3.0,1.0,0.0,13.0,0.0,14.0,59.45,0.0
97.0,2925.0,3.0,1.0,0.0,2.0,0.0,6.0,1013.69,1.0
100.0,2925.0,3.0,1.0,0.0,3.0,0.0,7.0,90.06,0.0
113.0,2925.0,3.0,1.0,0.0,0.0,0.0,5.0,52.01,0.0
114.0,2925.0,3.0,1.0,0.0,0.0,0.0,5.0,12.53,0.0
114.0,2925.0,3.0,1.0,0.0,18.0,0.0,9.0,408.38,1.0
115.0,2925.0,3.0,1.0,0.0,0.0,0.0,5.0,30.54,0.0
116.0,2925.0,3.0,1.0,0.0,0.0,0.0,5.0,17.32,0.0
151.0,2925.0,3.0,1.0,0.0,0.0,0.0,5.0,32.26,0.0
151.0,2925.0,3.0,1.0,0.0,1.0,0.0,5.0,42.83,0.0
151.0,2925.0,3.0,1.0,0.0,22.0,0.0,12.0,293.46,1.0
152.0,2925.0,3.0,1.0,0.0,1.0,0.0,5.0,3.83,0.0
153.0,2925.0,3.0,1.0,0.0,5.0,0.0,8.0,18.75,0.0
17.0,2926.0,1.0,1.0,0.0,1.0,0.0,5.0,33.94,0.0
18.0,2926.0,1.0,1.0,0.0,1.0,0.0,5.0,19.05,0.0
19.0,2926.0,1.0,1.0,0.0,3.0,0.0,7.0,175.68,1.0
19.0,2926.0,1.0,1.0,0.0,1.0,0.0,5.0,21.28,0.0
20.0,2926.0,1.0,1.0,0.0,1.0,0.0,5.0,35.87,0.0
93.0,2926.0,1.0,1.0,0.0,1.0,0.0,5.0,14.52,0.0
94.0,2926.0,1.0,1.0,0.0,1.0,0.0,5.0,4.19,0.0
95.0,2926.0,1.0,1.0,0.0,6.0,0.0,6.0,94.68,1.0
95.0,2926.0,1.0,1.0,0.0,1.0,0.0,5.0,24.14,0.0
96.0,2926.0,1.0,1.0,0.0,1.0,0.0,5.0,15.77,0.0
140.0,2927.0,0.0,0.0,0.0,1.0,0.0,5.0,18.3,0.0
141.0,2927.0,0.0,0.0,0.0,1.0,0.0,5.0,66.58,0.0
142.0,2927.0,0.0,0.0,0.0,22.0,0.0,12.0,958.53,1.0
143.0,2927.0,0.0,0.0,0.0,28.0,0.0,13.0,63.36,0.0
144.0,2927.0,0.0,0.0,0.0,0.0,0.0,5.0,67.47,0.0
144.0,2927.0,0.0,0.0,0.0,1.0,0.0,5.0,1.37,0.0
145.0,2927.0,0.0,0.0,0.0,1.0,0.0,5.0,63.34,0.0
145.0,2927.0,0.0,0.0,0.0,17.0,0.0,9.0,672.11,1.0
146.0,2927.0,0.0,0.0,0.0,1.0,0.0,5.0,42.37,0.0
147.0,2927.0,0.0,0.0,0.0,1.0,0.0,5.0,11.64,0.0
36.0,2932.0,2.0,0.0,0.0,1.0,0.0,5.0,18.45,0.0
37.0,2932.0,2.0,0.0,0.0,4.0,0.0,6.0,53.62,0.0
37.0,2932.0,2.0,0.0,0.0,22.0,0.0,12.0,234.73,1.0
38.0,2932.0,2.0,0.0,0.0,1.0,0.0,5.0,36.98,0.0
39.0,2932.0,2.0,0.0,0.0,5.0,0.0,8.0,13.01,0.0
117.0,2932.0,2.0,0.0,0.0,1.0,0.0,5.0,17.45,0.0
118.0,2932.0,2.0,0.0,0.0,1.0,0.0,5.0,48.79,0.0
118.0,2932.0,2.0,0.0,0.0,17.0,0.0,9.0,274.69,1.0
119.0,2932.0,2.0,0.0,0.0,1.0,0.0,5.0,27.3,0.0
120.0,2932.0,2.0,0.0,0.0,1.0,0.0,5.0,29.38,0.0
14.0,2933.0,3.0,1.0,0.0,6.0,0.0,6.0,157.0,0.0
14.0,2933.0,3.0,1.0,0.0,7.0,0.0,6.0,37.08,0.0
24.0,2933.0,3.0,1.0,0.0,6.0,0.0,6.0,346.34,1.0
26.0,2933.0,3.0,1.0,0.0,9.0,0.0,10.0,14.38,0.0
27.0,2933.0,3.0,1.0,0.0,0.0,0.0,5.0,15.57,0.0
29.0,2933.0,3.0,1.0,0.0,0.0,0.0,5.0,22.51,0.0
30.0,2933.0,3.0,1.0,0.0,0.0,0.0,5.0,42.46,0.0
31.0,2933.0,3.0,1.0,0.0,26.0,0.0,12.0,295.39,1.0
31.0,2933.0,3.0,1.0,0.0,0.0,0.0,5.0,4.44,0.0
32.0,2933.0,3.0,1.0,0.0,0.0,0.0,5.0,37.4,0.0
77.0,2936.0,1.0,1.0,0.0,0.0,0.0,5.0,52.49,0.0
78.0,2936.0,1.0,1.0,0.0,0.0,0.0,5.0,37.67,0.0
78.0,2936.0,1.0,1.0,0.0,9.0,0.0,10.0,239.59,1.0
79.0,2936.0,1.0,1.0,0.0,0.0,0.0,5.0,3.56,0.0
80.0,2936.0,1.0,1.0,0.0,0.0,0.0,5.0,9.29,0.0
89.0,2936.0,1.0,1.0,0.0,0.0,0.0,5.0,17.03,0.0
90.0,2936.0,1.0,1.0,0.0,0.0,0.0,5.0,15.22,0.0
91.0,2936.0,1.0,1.0,0.0,22.0,0.0,12.0,203.5,1.0
91.0,2936.0,1.0,1.0,0.0,0.0,0.0,5.0,47.61,0.0
92.0,2936.0,1.0,1.0,0.0,0.0,0.0,5.0,13.72,0.0
44.0,2939.0,1.0,1.0,0.0,6.0,0.0,6.0,95.71,0.0
49.0,2939.0,1.0,1.0,0.0,25.0,0.0,15.0,50.96,0.0
56.0,2939.0,1.0,1.0,0.0,7.0,0.0,6.0,904.51,1.0
149.0,2939.0,1.0,1.0,0.0,6.0,0.0,6.0,147.64,0.0
149.0,2939.0,1.0,1.0,0.0,7.0,0.0,6.0,155.58,0.0
52.0,2940.0,0.0,1.0,0.0,20.0,0.0,13.0,45.94,0.0
53.0,2940.0,0.0,1.0,0.0,12.0,0.0,13.0,14.82,0.0
55.0,2940.0,0.0,1.0,0.0,17.0,0.0,9.0,970.77,1.0
58.0,2940.0,0.0,1.0,0.0,12.0,0.0,13.0,54.1,0.0
58.0,2940.0,0.0,1.0,0.0,20.0,0.0,13.0,31.2,0.0
147.0,2940.0,0.0,1.0,0.0,0.0,0.0,5.0,24.95,0.0
148.0,2940.0,0.0,1.0,0.0,0.0,0.0,5.0,48.82,0.0
149.0,2940.0,0.0,1.0,0.0,3.0,0.0,7.0,615.06,1.0
149.0,2940.0,0.0,1.0,0.0,0.0,0.0,5.0,11.21,0.0
151.0,2940.0,0.0,1.0,0.0,0.0,0.0,5.0,24.16,0.0
157.0,2940.0,0.0,1.0,0.0,0.0,0.0,5.0,15.3,0.0
158.0,2940.0,0.0,1.0,0.0,0.0,0.0,5.0,49.0,0.0
159.0,2940.0,0.0,1.0,0.0,35.0,0.0,18.0,2387.79,1.0
159.0,2940.0,0.0,1.0,0.0,0.0,0.0,5.0,19.48,0.0
160.0,2940.0,0.0,1.0,0.0,0.0,0.0,5.0,21.85,0.0
7.0,2943.0,3.0,0.0,0.0,25.0,0.0,15.0,22.66,0.0
112.0,2943.0,3.0,0.0,0.0,12.0,0.0,13.0,10.55,0.0
113.0,2943.0,3.0,0.0,0.0,12.0,0.0,13.0,286.04,1.0
123.0,2943.0,3.0,0.0,0.0,13.0,0.0,14.0,14.45,0.0
124.0,2943.0,3.0,0.0,0.0,12.0,0.0,13.0,41.04,0.0
24.0,2946.0,0.0,1.0,0.0,21.0,0.0,13.0,36.47,0.0
32.0,2946.0,0.0,1.0,0.0,3.0,0.0,7.0,41.13,0.0
44.0,2946.0,0.0,1.0,0.0,22.0,0.0,12.0,646.83,1.0
48.0,2946.0,0.0,1.0,0.0,6.0,0.0,6.0,183.82,0.0
49.0,2946.0,0.0,1.0,0.0,35.0,0.0,18.0,209.29,1.0
49.0,2946.0,0.0,1.0,0.0,6.0,0.0,6.0,63.08,0.0
49.0,2946.0,0.0,1.0,0.0,2.0,0.0,6.0,281.26,0.0
54.0,2946.0,0.0,1.0,0.0,6.0,0.0,6.0,127.19,1.0
72.0,2946.0,0.0,1.0,0.0,6.0,0.0,6.0,38.78,0.0
72.0,2946.0,0.0,1.0,0.0,2.0,0.0,6.0,128.22,0.0
94.0,2946.0,0.0,1.0,0.0,0.0,0.0,5.0,0.5,0.0
95.0,2946.0,0.0,1.0,0.0,0.0,0.0,5.0,42.73,0.0
95.0,2946.0,0.0,1.0,0.0,18.0,0.0,9.0,694.01,1.0
96.0,2946.0,0.0,1.0,0.0,0.0,0.0,5.0,2.74,0.0
97.0,2946.0,0.0,1.0,0.0,9.0,0.0,10.0,34.62,0.0
109.0,2946.0,0.0,1.0,0.0,0.0,0.0,5.0,33.49,0.0
111.0,2946.0,0.0,1.0,0.0,0.0,0.0,5.0,9.55,0.0
113.0,2946.0,0.0,1.0,0.0,22.0,0.0,12.0,428.59,1.0
113.0,2946.0,0.0,1.0,0.0,0.0,0.0,5.0,34.96,0.0
114.0,2946.0,0.0,1.0,0.0,0.0,0.0,5.0,31.7,0.0
3.0,2948.0,1.0,0.0,0.0,22.0,0.0,12.0,44.8,1.0
7.0,2948.0,1.0,0.0,0.0,22.0,0.0,12.0,83.67,0.0
12.0,2948.0,1.0,0.0,0.0,22.0,0.0,12.0,373.37,1.0
31.0,2948.0,1.0,0.0,0.0,22.0,0.0,12.0,44.4,0.0
31.0,2948.0,1.0,0.0,0.0,48.0,0.0,12.0,37.38,0.0
63.0,2948.0,1.0,0.0,0.0,11.0,0.0,12.0,6.06,0.0
71.0,2948.0,1.0,0.0,0.0,6.0,0.0,6.0,98.17,0.0
107.0,2948.0,1.0,0.0,0.0,6.0,0.0,6.0,334.21,1.0
112.0,2948.0,1.0,0.0,0.0,3.0,0.0,7.0,26.18,0.0
115.0,2948.0,1.0,0.0,0.0,6.0,0.0,6.0,147.98,1.0
115.0,2948.0,1.0,0.0,0.0,6.0,0.0,6.0,156.51,0.0
115.0,2948.0,1.0,0.0,0.0,4.0,0.0,6.0,142.12,0.0
116.0,2948.0,1.0,0.0,0.0,3.0,0.0,7.0,870.46,1.0
116.0,2948.0,1.0,0.0,0.0,1.0,0.0,5.0,12.85,0.0
117.0,2948.0,1.0,0.0,0.0,1.0,0.0,5.0,19.99,0.0
123.0,2948.0,1.0,0.0,0.0,1.0,0.0,5.0,24.19,0.0
124.0,2948.0,1.0,0.0,0.0,1.0,0.0,5.0,23.91,0.0
125.0,2948.0,1.0,0.0,0.0,22.0,0.0,12.0,500.37,1.0
125.0,2948.0,1.0,0.0,0.0,1.0,0.0,5.0,41.02,0.0
127.0,2948.0,1.0,0.0,0.0,1.0,0.0,5.0,14.95,0.0
135.0,2948.0,1.0,0.0,0.0,5.0,0.0,8.0,11.16,0.0
136.0,2948.0,1.0,0.0,0.0,1.0,0.0,5.0,0.84,0.0
137.0,2948.0,1.0,0.0,0.0,22.0,0.0,12.0,191.12,1.0
137.0,2948.0,1.0,0.0,0.0,1.0,0.0,5.0,3.35,0.0
137.0,2948.0,1.0,0.0,0.0,6.0,0.0,6.0,495.71,1.0
138.0,2948.0,1.0,0.0,0.0,3.0,0.0,7.0,136.17,1.0
138.0,2948.0,1.0,0.0,0.0,1.0,0.0,5.0,21.87,0.0
139.0,2948.0,1.0,0.0,0.0,1.0,0.0,5.0,19.06,0.0
150.0,2948.0,1.0,0.0,0.0,1.0,0.0,5.0,18.07,0.0
151.0,2948.0,1.0,0.0,0.0,1.0,0.0,5.0,1.11,0.0
152.0,2948.0,1.0,0.0,0.0,16.0,0.0,16.0,372.53,1.0
152.0,2948.0,1.0,0.0,0.0,1.0,0.0,5.0,7.19,0.0
153.0,2948.0,1.0,0.0,0.0,1.0,0.0,5.0,29.23,0.0
155.0,2948.0,1.0,0.0,0.0,1.0,0.0,5.0,49.69,0.0
156.0,2948.0,1.0,0.0,0.0,1.0,0.0,5.0,24.15,0.0
157.0,2948.0,1.0,0.0,0.0,13.0,0.0,14.0,202.31,1.0
157.0,2948.0,1.0,0.0,0.0,1.0,0.0,5.0,1.53,0.0
158.0,2948.0,1.0,0.0,0.0,1.0,0.0,5.0,40.43,0.0
159.0,2948.0,1.0,0.0,0.0,1.0,0.0,5.0,50.36,0.0
160.0,2948.0,1.0,0.0,0.0,35.0,0.0,18.0,1633.84,1.0
160.0,2948.0,1.0,0.0,0.0,1.0,0.0,5.0,52.56,0.0
161.0,2948.0,1.0,0.0,0.0,1.0,0.0,5.0,20.86,0.0
169.0,2948.0,1.0,0.0,0.0,5.0,0.0,8.0,38.99,0.0
170.0,2948.0,1.0,0.0,0.0,1.0,0.0,5.0,16.49,0.0
171.0,2948.0,1.0,0.0,0.0,22.0,0.0,12.0,54.22,1.0
172.0,2948.0,1.0,0.0,0.0,1.0,0.0,5.0,23.68,0.0
173.0,2948.0,1.0,0.0,0.0,1.0,0.0,5.0,26.37,0.0
3.0,2949.0,2.0,0.0,0.0,22.0,0.0,12.0,356.47,1.0
10.0,2949.0,2.0,0.0,0.0,20.0,0.0,13.0,10.31,0.0
5.0,2949.0,2.0,0.0,0.0,22.0,0.0,12.0,129.12,1.0
12.0,2949.0,2.0,0.0,0.0,6.0,0.0,6.0,171.73,0.0
18.0,2949.0,2.0,0.0,0.0,6.0,0.0,6.0,8.49,0.0
18.0,2949.0,2.0,0.0,0.0,2.0,0.0,6.0,106.95,0.0
30.0,2949.0,2.0,0.0,0.0,22.0,0.0,12.0,259.52,1.0
44.0,2949.0,2.0,0.0,0.0,30.0,0.0,16.0,25.62,0.0
35.0,2949.0,2.0,0.0,0.0,22.0,0.0,12.0,69.11,1.0
53.0,2949.0,2.0,0.0,0.0,0.0,0.0,5.0,52.47,0.0
53.0,2949.0,2.0,0.0,0.0,12.0,0.0,13.0,438.27,1.0
54.0,2949.0,2.0,0.0,0.0,0.0,0.0,5.0,14.46,0.0
56.0,2949.0,2.0,0.0,0.0,0.0,0.0,5.0,46.41,0.0
78.0,2949.0,2.0,0.0,0.0,1.0,0.0,5.0,47.33,0.0
79.0,2949.0,2.0,0.0,0.0,1.0,0.0,5.0,5.46,0.0
79.0,2949.0,2.0,0.0,0.0,6.0,0.0,6.0,568.72,1.0
80.0,2949.0,2.0,0.0,0.0,1.0,0.0,5.0,64.6,0.0
81.0,2949.0,2.0,0.0,0.0,5.0,0.0,8.0,22.51,0.0
115.0,2949.0,2.0,0.0,0.0,1.0,0.0,5.0,7.04,0.0
116.0,2949.0,2.0,0.0,0.0,1.0,0.0,5.0,19.02,0.0
116.0,2949.0,2.0,0.0,0.0,6.0,0.0,6.0,1397.63,1.0
117.0,2949.0,2.0,0.0,0.0,5.0,0.0,8.0,27.01,0.0
119.0,2949.0,2.0,0.0,0.0,1.0,0.0,5.0,53.87,0.0
137.0,2949.0,2.0,0.0,0.0,1.0,0.0,5.0,15.32,0.0
138.0,2949.0,2.0,0.0,0.0,1.0,0.0,5.0,8.9,0.0
139.0,2949.0,2.0,0.0,0.0,41.0,0.0,19.0,263.61,1.0
139.0,2949.0,2.0,0.0,0.0,1.0,0.0,5.0,6.12,0.0
141.0,2949.0,2.0,0.0,0.0,1.0,0.0,5.0,1.52,0.0
155.0,2949.0,2.0,0.0,0.0,0.0,0.0,5.0,25.83,0.0
156.0,2949.0,2.0,0.0,0.0,0.0,0.0,5.0,32.14,0.0
156.0,2949.0,2.0,0.0,0.0,6.0,0.0,6.0,325.04,1.0
157.0,2949.0,2.0,0.0,0.0,0.0,0.0,5.0,14.29,0.0
158.0,2949.0,2.0,0.0,0.0,0.0,0.0,5.0,43.73,0.0
163.0,2949.0,2.0,0.0,0.0,0.0,0.0,5.0,25.65,0.0
164.0,2949.0,2.0,0.0,0.0,0.0,0.0,5.0,42.86,0.0
165.0,2949.0,2.0,0.0,0.0,22.0,0.0,12.0,209.3,1.0
165.0,2949.0,2.0,0.0,0.0,0.0,0.0,5.0,21.95,0.0
166.0,2949.0,2.0,0.0,0.0,0.0,0.0,5.0,29.83,0.0
40.0,2954.0,1.0,1.0,0.0,25.0,0.0,15.0,25.73,0.0
45.0,2954.0,1.0,1.0,0.0,6.0,0.0,6.0,42.3,0.0
47.0,2954.0,1.0,1.0,0.0,6.0,0.0,6.0,254.23,1.0
62.0,2954.0,1.0,1.0,0.0,6.0,0.0,6.0,113.9,1.0
62.0,2954.0,1.0,1.0,0.0,35.0,0.0,18.0,3200.68,1.0
64.0,2954.0,1.0,1.0,0.0,3.0,0.0,7.0,347.38,1.0
65.0,2954.0,1.0,1.0,0.0,25.0,0.0,15.0,325.93,1.0
65.0,2954.0,1.0,1.0,0.0,26.0,0.0,12.0,281.23,1.0
70.0,2954.0,1.0,1.0,0.0,6.0,0.0,6.0,805.65,1.0
73.0,2954.0,1.0,1.0,0.0,22.0,0.0,12.0,274.89,1.0
74.0,2954.0,1.0,1.0,0.0,41.0,0.0,19.0,259.93,1.0
75.0,2954.0,1.0,1.0,0.0,27.0,0.0,12.0,439.91,1.0
78.0,2954.0,1.0,1.0,0.0,22.0,0.0,12.0,67.05,1.0
78.0,2954.0,1.0,1.0,0.0,41.0,0.0,19.0,271.5,1.0
79.0,2954.0,1.0,1.0,0.0,6.0,0.0,6.0,284.35,1.0
82.0,2954.0,1.0,1.0,0.0,35.0,0.0,18.0,2623.01,1.0
84.0,2954.0,1.0,1.0,0.0,6.0,0.0,6.0,390.48,1.0
84.0,2954.0,1.0,1.0,0.0,22.0,0.0,12.0,751.91,1.0
85.0,2954.0,1.0,1.0,0.0,22.0,0.0,12.0,523.49,1.0
86.0,2954.0,1.0,1.0,0.0,6.0,0.0,6.0,323.47,1.0
86.0,2954.0,1.0,1.0,0.0,6.0,0.0,6.0,320.85,1.0
87.0,2954.0,1.0,1.0,0.0,41.0,0.0,19.0,223.69,1.0
89.0,2954.0,1.0,1.0,0.0,6.0,0.0,6.0,591.08,1.0
89.0,2954.0,1.0,1.0,0.0,6.0,0.0,6.0,507.28,1.0
92.0,2954.0,1.0,1.0,0.0,6.0,0.0,6.0,259.5,1.0
92.0,2954.0,1.0,1.0,0.0,22.0,0.0,12.0,347.04,1.0
95.0,2954.0,1.0,1.0,0.0,11.0,0.0,12.0,494.1,1.0
96.0,2954.0,1.0,1.0,0.0,27.0,0.0,12.0,713.89,1.0
96.0,2954.0,1.0,1.0,0.0,22.0,0.0,12.0,590.54,1.0
98.0,2954.0,1.0,1.0,0.0,6.0,0.0,6.0,1251.33,1.0
99.0,2954.0,1.0,1.0,0.0,44.0,0.0,13.0,12.16,1.0
100.0,2954.0,1.0,1.0,0.0,12.0,0.0,13.0,47.63,0.0
100.0,2954.0,1.0,1.0,0.0,25.0,0.0,15.0,225.33,1.0
101.0,2954.0,1.0,1.0,0.0,12.0,0.0,13.0,60.07,0.0
101.0,2954.0,1.0,1.0,0.0,20.0,0.0,13.0,40.2,0.0
101.0,2954.0,1.0,1.0,0.0,21.0,0.0,13.0,67.65,0.0
101.0,2954.0,1.0,1.0,0.0,6.0,0.0,6.0,1388.69,1.0
102.0,2954.0,1.0,1.0,0.0,6.0,0.0,6.0,82.7,1.0
104.0,2954.0,1.0,1.0,0.0,20.0,0.0,13.0,326.55,1.0
104.0,2954.0,1.0,1.0,0.0,27.0,0.0,12.0,332.91,1.0
105.0,2954.0,1.0,1.0,0.0,22.0,0.0,12.0,138.02,1.0
105.0,2954.0,1.0,1.0,0.0,22.0,0.0,12.0,646.04,1.0
105.0,2954.0,1.0,1.0,0.0,6.0,0.0,6.0,428.86,1.0
107.0,2954.0,1.0,1.0,0.0,22.0,0.0,12.0,1167.96,1.0
108.0,2954.0,1.0,1.0,0.0,11.0,0.0,12.0,71.97,0.0
107.0,2954.0,1.0,1.0,0.0,6.0,0.0,6.0,749.57,1.0
108.0,2954.0,1.0,1.0,0.0,12.0,0.0,13.0,45.27,1.0
109.0,2954.0,1.0,1.0,0.0,25.0,0.0,15.0,126.03,1.0
112.0,2954.0,1.0,1.0,0.0,6.0,0.0,6.0,365.04,1.0
115.0,2954.0,1.0,1.0,0.0,22.0,0.0,12.0,816.92,1.0
116.0,2954.0,1.0,1.0,0.0,6.0,0.0,6.0,254.29,1.0
121.0,2954.0,1.0,1.0,0.0,35.0,0.0,18.0,785.86,1.0
122.0,2954.0,1.0,1.0,0.0,25.0,0.0,15.0,29.96,1.0
123.0,2954.0,1.0,1.0,0.0,22.0,0.0,12.0,410.2,1.0
125.0,2954.0,1.0,1.0,0.0,20.0,0.0,13.0,189.09,1.0
127.0,2954.0,1.0,1.0,0.0,6.0,0.0,6.0,660.26,1.0
128.0,2954.0,1.0,1.0,0.0,22.0,0.0,12.0,65.12,1.0
130.0,2954.0,1.0,1.0,0.0,22.0,0.0,12.0,35.21,1.0
130.0,2954.0,1.0,1.0,0.0,6.0,0.0,6.0,626.03,1.0
131.0,2954.0,1.0,1.0,0.0,6.0,0.0,6.0,741.8,1.0
131.0,2954.0,1.0,1.0,0.0,26.0,0.0,12.0,70.27,1.0
132.0,2954.0,1.0,1.0,0.0,27.0,0.0,12.0,157.15,1.0
135.0,2954.0,1.0,1.0,0.0,22.0,0.0,12.0,324.5,1.0
135.0,2954.0,1.0,1.0,0.0,38.0,0.0,19.0,139.49,1.0
136.0,2954.0,1.0,1.0,0.0,35.0,0.0,18.0,3525.98,1.0
138.0,2954.0,1.0,1.0,0.0,12.0,0.0,13.0,332.81,1.0
138.0,2954.0,1.0,1.0,0.0,11.0,0.0,12.0,895.59,1.0
143.0,2954.0,1.0,1.0,0.0,22.0,0.0,12.0,287.39,1.0
144.0,2954.0,1.0,1.0,0.0,3.0,0.0,7.0,322.79,1.0
145.0,2954.0,1.0,1.0,0.0,13.0,0.0,14.0,76.64,1.0
146.0,2954.0,1.0,1.0,0.0,22.0,0.0,12.0,385.58,1.0
147.0,2954.0,1.0,1.0,0.0,6.0,0.0,6.0,135.58,1.0
149.0,2954.0,1.0,1.0,0.0,35.0,0.0,18.0,4308.89,1.0
151.0,2954.0,1.0,1.0,0.0,12.0,0.0,13.0,79.31,0.0
149.0,2954.0,1.0,1.0,0.0,35.0,0.0,18.0,4247.25,1.0
151.0,2954.0,1.0,1.0,0.0,20.0,0.0,13.0,65.92,0.0
151.0,2954.0,1.0,1.0,0.0,21.0,0.0,13.0,17.41,0.0
159.0,2954.0,1.0,1.0,0.0,6.0,0.0,6.0,943.79,1.0
162.0,2954.0,1.0,1.0,0.0,38.0,0.0,19.0,147.98,1.0
163.0,2954.0,1.0,1.0,0.0,22.0,0.0,12.0,243.87,1.0
166.0,2954.0,1.0,1.0,0.0,6.0,0.0,6.0,635.43,1.0
167.0,2954.0,1.0,1.0,0.0,13.0,0.0,14.0,33.6,1.0
168.0,2954.0,1.0,1.0,0.0,6.0,0.0,6.0,319.83,1.0
169.0,2954.0,1.0,1.0,0.0,6.0,0.0,6.0,694.95,1.0
170.0,2954.0,1.0,1.0,0.0,25.0,0.0,15.0,29.95,1.0
174.0,2954.0,1.0,1.0,0.0,11.0,0.0,12.0,43.07,0.0
170.0,2954.0,1.0,1.0,0.0,20.0,0.0,13.0,97.15,1.0
174.0,2954.0,1.0,1.0,0.0,26.0,0.0,12.0,189.74,0.0
174.0,2954.0,1.0,1.0,0.0,20.0,0.0,13.0,608.32,1.0
174.0,2954.0,1.0,1.0,0.0,45.0,0.0,18.0,2931.46,1.0
176.0,2954.0,1.0,1.0,0.0,14.0,0.0,15.0,64.3,0.0
176.0,2954.0,1.0,1.0,0.0,20.0,0.0,13.0,20.06,1.0
177.0,2954.0,1.0,1.0,0.0,1.0,0.0,5.0,17.76,0.0
178.0,2954.0,1.0,1.0,0.0,1.0,0.0,5.0,9.52,0.0
178.0,2954.0,1.0,1.0,0.0,3.0,0.0,7.0,85.83,1.0
179.0,2954.0,1.0,1.0,0.0,5.0,0.0,8.0,8.61,0.0
39.0,2955.0,4.0,1.0,0.0,6.0,0.0,6.0,263.16,0.0
39.0,2955.0,4.0,1.0,0.0,7.0,0.0,6.0,161.25,0.0
71.0,2955.0,4.0,1.0,0.0,22.0,0.0,12.0,525.35,1.0
72.0,2955.0,4.0,1.0,0.0,9.0,0.0,10.0,6.9,0.0
73.0,2955.0,4.0,1.0,0.0,0.0,0.0,5.0,17.96,0.0
143.0,2955.0,4.0,1.0,0.0,1.0,0.0,5.0,25.36,0.0
145.0,2955.0,4.0,1.0,0.0,1.0,0.0,5.0,16.94,0.0
146.0,2955.0,4.0,1.0,0.0,35.0,0.0,18.0,4743.67,1.0
146.0,2955.0,4.0,1.0,0.0,5.0,0.0,8.0,44.45,0.0
147.0,2955.0,4.0,1.0,0.0,1.0,0.0,5.0,37.58,0.0
13.0,2956.0,3.0,0.0,0.0,6.0,0.0,6.0,52.39,0.0
13.0,2956.0,3.0,0.0,0.0,2.0,0.0,6.0,35.0,0.0
66.0,2956.0,3.0,0.0,0.0,22.0,0.0,12.0,1157.07,1.0
132.0,2956.0,3.0,0.0,0.0,12.0,0.0,13.0,80.85,0.0
137.0,2956.0,3.0,0.0,0.0,25.0,0.0,15.0,114.85,0.0
3.0,2957.0,0.0,0.0,0.0,22.0,0.0,12.0,154.69,0.0
16.0,2957.0,0.0,0.0,0.0,13.0,0.0,14.0,26.44,1.0
48.0,2957.0,0.0,0.0,0.0,20.0,0.0,13.0,25.81,0.0
51.0,2957.0,0.0,0.0,0.0,13.0,0.0,14.0,99.51,0.0
150.0,2957.0,0.0,0.0,0.0,5.0,0.0,8.0,45.95,0.0
151.0,2957.0,0.0,0.0,0.0,1.0,0.0,5.0,34.97,0.0
152.0,2957.0,0.0,0.0,0.0,22.0,0.0,12.0,704.12,1.0
152.0,2957.0,0.0,0.0,0.0,1.0,0.0,5.0,46.49,0.0
153.0,2957.0,0.0,0.0,0.0,1.0,0.0,5.0,36.42,0.0
31.0,2958.0,3.0,0.0,0.0,6.0,0.0,6.0,102.72,0.0
31.0,2958.0,3.0,0.0,0.0,2.0,0.0,6.0,19.95,0.0
78.0,2958.0,3.0,0.0,0.0,10.0,0.0,11.0,27.38,1.0
83.0,2958.0,3.0,0.0,0.0,6.0,0.0,6.0,18.25,0.0
83.0,2958.0,3.0,0.0,0.0,2.0,0.0,6.0,9.46,0.0
95.0,2958.0,3.0,0.0,0.0,22.0,0.0,12.0,108.77,0.0
96.0,2958.0,3.0,0.0,0.0,20.0,0.0,13.0,90.26,1.0
120.0,2958.0,3.0,0.0,0.0,2.0,0.0,6.0,695.27,1.0
150.0,2958.0,3.0,0.0,0.0,6.0,0.0,6.0,370.44,1.0
155.0,2958.0,3.0,0.0,0.0,30.0,0.0,16.0,1540.23,1.0
172.0,2958.0,3.0,0.0,0.0,9.0,0.0,10.0,295.74,1.0
179.0,2958.0,3.0,0.0,0.0,38.0,0.0,19.0,192.78,1.0
42.0,2960.0,4.0,0.0,0.0,3.0,0.0,7.0,2.33,0.0
49.0,2960.0,4.0,0.0,0.0,6.0,0.0,6.0,236.3,0.0
87.0,2960.0,4.0,0.0,0.0,6.0,0.0,6.0,129.21,1.0
95.0,2960.0,4.0,0.0,0.0,12.0,0.0,13.0,58.61,0.0
95.0,2960.0,4.0,0.0,0.0,20.0,0.0,13.0,64.76,0.0
66.0,2961.0,0.0,0.0,0.0,20.0,0.0,13.0,0.28,0.0
77.0,2961.0,0.0,0.0,0.0,13.0,0.0,14.0,44.68,0.0
77.0,2961.0,0.0,0.0,0.0,22.0,0.0,12.0,141.25,1.0
78.0,2961.0,0.0,0.0,0.0,0.0,0.0,5.0,18.79,0.0
79.0,2961.0,0.0,0.0,0.0,0.0,0.0,5.0,38.41,0.0
110.0,2961.0,0.0,0.0,0.0,1.0,0.0,5.0,51.63,0.0
111.0,2961.0,0.0,0.0,0.0,1.0,0.0,5.0,13.8,0.0
112.0,2961.0,0.0,0.0,0.0,6.0,0.0,6.0,201.16,1.0
112.0,2961.0,0.0,0.0,0.0,1.0,0.0,5.0,20.82,0.0
113.0,2961.0,0.0,0.0,0.0,5.0,0.0,8.0,42.53,0.0
3.0,2964.0,2.0,1.0,0.0,11.0,0.0,12.0,701.22,1.0
4.0,2964.0,2.0,1.0,0.0,3.0,0.0,7.0,266.0,1.0
5.0,2964.0,2.0,1.0,0.0,6.0,0.0,6.0,301.7,1.0
6.0,2964.0,2.0,1.0,0.0,6.0,0.0,6.0,52.14,1.0
6.0,2964.0,2.0,1.0,0.0,13.0,0.0,14.0,268.04,1.0
7.0,2964.0,2.0,1.0,0.0,9.0,0.0,10.0,232.54,1.0
7.0,2964.0,2.0,1.0,0.0,38.0,0.0,19.0,284.46,1.0
7.0,2964.0,2.0,1.0,0.0,35.0,0.0,18.0,2854.69,1.0
8.0,2964.0,2.0,1.0,0.0,22.0,0.0,12.0,526.63,1.0
8.0,2964.0,2.0,1.0,0.0,11.0,0.0,12.0,36.51,1.0
8.0,2964.0,2.0,1.0,0.0,12.0,0.0,13.0,37.08,0.0
8.0,2964.0,2.0,1.0,0.0,22.0,0.0,12.0,284.12,1.0
9.0,2964.0,2.0,1.0,0.0,16.0,0.0,16.0,214.99,0.0
9.0,2964.0,2.0,1.0,0.0,22.0,0.0,12.0,328.51,1.0
10.0,2964.0,2.0,1.0,0.0,13.0,0.0,14.0,1.4,0.0
9.0,2964.0,2.0,1.0,0.0,22.0,0.0,12.0,380.24,1.0
10.0,2964.0,2.0,1.0,0.0,16.0,0.0,16.0,133.3,1.0
11.0,2964.0,2.0,1.0,0.0,0.0,0.0,5.0,8.62,0.0
12.0,2964.0,2.0,1.0,0.0,0.0,0.0,5.0,15.26,0.0
12.0,2964.0,2.0,1.0,0.0,6.0,0.0,6.0,1008.56,1.0
14.0,2964.0,2.0,1.0,0.0,0.0,0.0,5.0,45.88,0.0
15.0,2964.0,2.0,1.0,0.0,0.0,0.0,5.0,12.29,0.0
16.0,2964.0,2.0,1.0,0.0,0.0,0.0,5.0,2.12,0.0
17.0,2964.0,2.0,1.0,0.0,0.0,0.0,5.0,9.94,0.0
17.0,2964.0,2.0,1.0,0.0,6.0,0.0,6.0,98.36,1.0
18.0,2964.0,2.0,1.0,0.0,0.0,0.0,5.0,65.8,0.0
17.0,2964.0,2.0,1.0,0.0,38.0,0.0,19.0,375.73,1.0
19.0,2964.0,2.0,1.0,0.0,0.0,0.0,5.0,24.85,0.0
20.0,2964.0,2.0,1.0,0.0,0.0,0.0,5.0,5.29,0.0
20.0,2964.0,2.0,1.0,0.0,11.0,0.0,12.0,173.08,1.0
21.0,2964.0,2.0,1.0,0.0,0.0,0.0,5.0,62.49,0.0
22.0,2964.0,2.0,1.0,0.0,0.0,0.0,5.0,65.62,0.0
22.0,2964.0,2.0,1.0,0.0,11.0,0.0,12.0,455.25,1.0
23.0,2964.0,2.0,1.0,0.0,22.0,0.0,12.0,600.1,1.0
24.0,2964.0,2.0,1.0,0.0,0.0,0.0,5.0,33.71,0.0
23.0,2964.0,2.0,1.0,0.0,35.0,0.0,18.0,4549.62,1.0
25.0,2964.0,2.0,1.0,0.0,0.0,0.0,5.0,49.96,0.0
27.0,2964.0,2.0,1.0,0.0,6.0,0.0,6.0,377.89,1.0
27.0,2964.0,2.0,1.0,0.0,0.0,0.0,5.0,1.54,0.0
28.0,2964.0,2.0,1.0,0.0,0.0,0.0,5.0,6.47,0.0
29.0,2964.0,2.0,1.0,0.0,0.0,0.0,5.0,12.1,0.0
30.0,2964.0,2.0,1.0,0.0,0.0,0.0,5.0,65.18,0.0
31.0,2964.0,2.0,1.0,0.0,38.0,0.0,19.0,233.17,1.0
31.0,2964.0,2.0,1.0,0.0,6.0,0.0,6.0,585.52,1.0
32.0,2964.0,2.0,1.0,0.0,38.0,0.0,19.0,296.62,1.0
32.0,2964.0,2.0,1.0,0.0,0.0,0.0,5.0,30.68,0.0
32.0,2964.0,2.0,1.0,0.0,20.0,0.0,13.0,260.48,1.0
33.0,2964.0,2.0,1.0,0.0,13.0,0.0,14.0,39.88,0.0
34.0,2964.0,2.0,1.0,0.0,5.0,0.0,8.0,19.17,0.0
35.0,2964.0,2.0,1.0,0.0,1.0,0.0,5.0,26.58,0.0
36.0,2964.0,2.0,1.0,0.0,3.0,0.0,7.0,234.76,1.0
36.0,2964.0,2.0,1.0,0.0,5.0,0.0,8.0,4.45,0.0
37.0,2964.0,2.0,1.0,0.0,1.0,0.0,5.0,58.92,0.0
40.0,2964.0,2.0,1.0,0.0,1.0,0.0,5.0,2.98,0.0
41.0,2964.0,2.0,1.0,0.0,1.0,0.0,5.0,14.36,0.0
41.0,2964.0,2.0,1.0,0.0,35.0,0.0,18.0,2450.37,1.0
42.0,2964.0,2.0,1.0,0.0,1.0,0.0,5.0,26.32,0.0
42.0,2964.0,2.0,1.0,0.0,20.0,0.0,13.0,19.75,1.0
43.0,2964.0,2.0,1.0,0.0,1.0,0.0,5.0,31.1,0.0
44.0,2964.0,2.0,1.0,0.0,4.0,0.0,6.0,24.5,0.0
45.0,2964.0,2.0,1.0,0.0,1.0,0.0,5.0,43.02,0.0
45.0,2964.0,2.0,1.0,0.0,6.0,0.0,6.0,34.9,1.0
46.0,2964.0,2.0,1.0,0.0,1.0,0.0,5.0,12.71,0.0
47.0,2964.0,2.0,1.0,0.0,1.0,0.0,5.0,27.09,0.0
48.0,2964.0,2.0,1.0,0.0,5.0,0.0,8.0,15.92,0.0
49.0,2964.0,2.0,1.0,0.0,18.0,0.0,9.0,593.22,1.0
49.0,2964.0,2.0,1.0,0.0,5.0,0.0,8.0,23.01,0.0
50.0,2964.0,2.0,1.0,0.0,1.0,0.0,5.0,13.9,0.0
51.0,2964.0,2.0,1.0,0.0,1.0,0.0,5.0,31.32,0.0
52.0,2964.0,2.0,1.0,0.0,27.0,0.0,12.0,415.31,1.0
52.0,2964.0,2.0,1.0,0.0,5.0,0.0,8.0,0.57,0.0
53.0,2964.0,2.0,1.0,0.0,1.0,0.0,5.0,44.37,0.0
60.0,2964.0,2.0,1.0,0.0,1.0,0.0,5.0,29.11,0.0
62.0,2964.0,2.0,1.0,0.0,5.0,0.0,8.0,76.44,0.0
63.0,2964.0,2.0,1.0,0.0,22.0,0.0,12.0,285.35,1.0
63.0,2964.0,2.0,1.0,0.0,1.0,0.0,5.0,34.17,0.0
64.0,2964.0,2.0,1.0,0.0,5.0,0.0,8.0,10.99,0.0
65.0,2964.0,2.0,1.0,0.0,1.0,0.0,5.0,41.38,0.0
65.0,2964.0,2.0,1.0,0.0,13.0,0.0,14.0,142.19,1.0
66.0,2964.0,2.0,1.0,0.0,1.0,0.0,5.0,10.41,0.0
66.0,2964.0,2.0,1.0,0.0,2.0,0.0,6.0,963.86,1.0
67.0,2964.0,2.0,1.0,0.0,1.0,0.0,5.0,16.07,0.0
70.0,2964.0,2.0,1.0,0.0,1.0,0.0,5.0,20.61,0.0
71.0,2964.0,2.0,1.0,0.0,1.0,0.0,5.0,42.66,0.0
72.0,2964.0,2.0,1.0,0.0,6.0,0.0,6.0,427.49,1.0
72.0,2964.0,2.0,1.0,0.0,1.0,0.0,5.0,33.17,0.0
73.0,2964.0,2.0,1.0,0.0,1.0,0.0,5.0,73.95,0.0
78.0,2964.0,2.0,1.0,0.0,1.0,0.0,5.0,29.97,0.0
79.0,2964.0,2.0,1.0,0.0,1.0,0.0,5.0,7.04,0.0
80.0,2964.0,2.0,1.0,0.0,22.0,0.0,12.0,214.56,1.0
80.0,2964.0,2.0,1.0,0.0,1.0,0.0,5.0,64.35,0.0
80.0,2964.0,2.0,1.0,0.0,16.0,0.0,16.0,317.76,1.0
81.0,2964.0,2.0,1.0,0.0,5.0,0.0,8.0,10.28,0.0
82.0,2964.0,2.0,1.0,0.0,1.0,0.0,5.0,6.6,0.0
83.0,2964.0,2.0,1.0,0.0,1.0,0.0,5.0,29.83,0.0
84.0,2964.0,2.0,1.0,0.0,6.0,0.0,6.0,214.77,1.0
84.0,2964.0,2.0,1.0,0.0,1.0,0.0,5.0,28.82,0.0
85.0,2964.0,2.0,1.0,0.0,1.0,0.0,5.0,15.79,0.0
87.0,2964.0,2.0,1.0,0.0,1.0,0.0,5.0,26.28,0.0
88.0,2964.0,2.0,1.0,0.0,1.0,0.0,5.0,27.99,0.0
88.0,2964.0,2.0,1.0,0.0,6.0,0.0,6.0,156.51,1.0
89.0,2964.0,2.0,1.0,0.0,1.0,0.0,5.0,42.52,0.0
90.0,2964.0,2.0,1.0,0.0,1.0,0.0,5.0,21.08,0.0
95.0,2964.0,2.0,1.0,0.0,1.0,0.0,5.0,59.05,0.0
96.0,2964.0,2.0,1.0,0.0,1.0,0.0,5.0,41.37,0.0
96.0,2964.0,2.0,1.0,0.0,35.0,0.0,18.0,4893.58,1.0
97.0,2964.0,2.0,1.0,0.0,1.0,0.0,5.0,33.14,0.0
99.0,2964.0,2.0,1.0,0.0,5.0,0.0,8.0,41.79,0.0
105.0,2964.0,2.0,1.0,0.0,1.0,0.0,5.0,9.54,0.0
106.0,2964.0,2.0,1.0,0.0,14.0,0.0,15.0,21.79,0.0
107.0,2964.0,2.0,1.0,0.0,35.0,0.0,18.0,3552.84,1.0
107.0,2964.0,2.0,1.0,0.0,5.0,0.0,8.0,4.35,0.0
108.0,2964.0,2.0,1.0,0.0,5.0,0.0,8.0,62.48,0.0
120.0,2964.0,2.0,1.0,0.0,1.0,0.0,5.0,38.87,0.0
121.0,2964.0,2.0,1.0,0.0,1.0,0.0,5.0,0.09,0.0
121.0,2964.0,2.0,1.0,0.0,22.0,0.0,12.0,458.78,1.0
122.0,2964.0,2.0,1.0,0.0,1.0,0.0,5.0,13.99,0.0
124.0,2964.0,2.0,1.0,0.0,1.0,0.0,5.0,47.24,0.0
142.0,2964.0,2.0,1.0,0.0,1.0,0.0,5.0,12.28,0.0
144.0,2964.0,2.0,1.0,0.0,1.0,0.0,5.0,9.03,0.0
145.0,2964.0,2.0,1.0,0.0,22.0,0.0,12.0,22.17,1.0
145.0,2964.0,2.0,1.0,0.0,1.0,0.0,5.0,9.37,0.0
146.0,2964.0,2.0,1.0,0.0,1.0,0.0,5.0,24.4,0.0
107.0,2965.0,1.0,1.0,0.0,1.0,0.0,5.0,37.39,0.0
108.0,2965.0,1.0,1.0,0.0,1.0,0.0,5.0,26.94,0.0
108.0,2965.0,1.0,1.0,0.0,20.0,0.0,13.0,370.5,1.0
109.0,2965.0,1.0,1.0,0.0,1.0,0.0,5.0,2.3,0.0
110.0,2965.0,1.0,1.0,0.0,1.0,0.0,5.0,28.92,0.0
115.0,2966.0,1.0,1.0,0.0,1.0,0.0,5.0,37.15,0.0
116.0,2966.0,1.0,1.0,0.0,1.0,0.0,5.0,33.47,0.0
117.0,2966.0,1.0,1.0,0.0,6.0,0.0,6.0,483.27,1.0
117.0,2966.0,1.0,1.0,0.0,1.0,0.0,5.0,28.81,0.0
118.0,2966.0,1.0,1.0,0.0,1.0,0.0,5.0,23.24,0.0
149.0,2966.0,1.0,1.0,0.0,1.0,0.0,5.0,20.72,0.0
150.0,2966.0,1.0,1.0,0.0,1.0,0.0,5.0,11.93,0.0
150.0,2966.0,1.0,1.0,0.0,27.0,0.0,12.0,692.27,1.0
151.0,2966.0,1.0,1.0,0.0,1.0,0.0,5.0,58.12,0.0
152.0,2966.0,1.0,1.0,0.0,1.0,0.0,5.0,7.56,0.0
89.0,2967.0,2.0,0.0,0.0,0.0,0.0,5.0,12.48,0.0
91.0,2967.0,2.0,0.0,0.0,0.0,0.0,5.0,73.46,0.0
92.0,2967.0,2.0,0.0,0.0,6.0,0.0,6.0,679.44,1.0
92.0,2967.0,2.0,0.0,0.0,0.0,0.0,5.0,39.11,0.0
93.0,2967.0,2.0,0.0,0.0,0.0,0.0,5.0,12.62,0.0
144.0,2968.0,1.0,1.0,0.0,0.0,0.0,5.0,11.08,0.0
145.0,2968.0,1.0,1.0,0.0,0.0,0.0,5.0,38.18,0.0
146.0,2968.0,1.0,1.0,0.0,22.0,0.0,12.0,328.95,1.0
146.0,2968.0,1.0,1.0,0.0,0.0,0.0,5.0,6.04,0.0
147.0,2968.0,1.0,1.0,0.0,0.0,0.0,5.0,70.01,0.0
73.0,2970.0,1.0,0.0,0.0,22.0,0.0,12.0,103.42,0.0
117.0,2970.0,1.0,0.0,0.0,20.0,0.0,13.0,10.27,0.0
132.0,2970.0,1.0,0.0,0.0,6.0,0.0,6.0,178.04,1.0
135.0,2970.0,1.0,0.0,0.0,9.0,0.0,10.0,31.14,0.0
136.0,2970.0,1.0,0.0,0.0,0.0,0.0,5.0,34.23,0.0
152.0,2970.0,1.0,0.0,0.0,9.0,0.0,10.0,20.42,0.0
153.0,2970.0,1.0,0.0,0.0,0.0,0.0,5.0,9.56,0.0
154.0,2970.0,1.0,0.0,0.0,6.0,0.0,6.0,475.46,1.0
154.0,2970.0,1.0,0.0,0.0,0.0,0.0,5.0,35.64,0.0
156.0,2970.0,1.0,0.0,0.0,0.0,0.0,5.0,6.74,0.0
102.0,2971.0,2.0,1.0,0.0,0.0,0.0,5.0,10.26,0.0
103.0,2971.0,2.0,1.0,0.0,0.0,0.0,5.0,22.43,0.0
103.0,2971.0,2.0,1.0,0.0,6.0,0.0,6.0,480.03,1.0
104.0,2971.0,2.0,1.0,0.0,0.0,0.0,5.0,29.53,0.0
105.0,2971.0,2.0,1.0,0.0,0.0,0.0,5.0,53.01,0.0
106.0,2971.0,2.0,1.0,0.0,0.0,0.0,5.0,38.76,0.0
106.0,2971.0,2.0,1.0,0.0,26.0,0.0,12.0,600.4,1.0
107.0,2971.0,2.0,1.0,0.0,0.0,0.0,5.0,32.66,0.0
108.0,2971.0,2.0,1.0,0.0,0.0,0.0,5.0,34.1,0.0
149.0,2971.0,2.0,1.0,0.0,1.0,0.0,5.0,33.98,0.0
150.0,2971.0,2.0,1.0,0.0,1.0,0.0,5.0,42.34,0.0
150.0,2971.0,2.0,1.0,0.0,6.0,0.0,6.0,132.41,1.0
151.0,2971.0,2.0,1.0,0.0,1.0,0.0,5.0,25.33,0.0
152.0,2971.0,2.0,1.0,0.0,1.0,0.0,5.0,38.49,0.0
37.0,2972.0,4.0,1.0,0.0,20.0,0.0,13.0,4.97,0.0
82.0,2972.0,4.0,1.0,0.0,8.0,0.0,9.0,217.88,0.0
88.0,2972.0,4.0,1.0,0.0,6.0,0.0,6.0,282.08,1.0
93.0,2972.0,4.0,1.0,0.0,26.0,0.0,12.0,547.44,1.0
130.0,2972.0,4.0,1.0,0.0,20.0,0.0,13.0,59.39,0.0
108.0,2972.0,4.0,1.0,0.0,35.0,0.0,18.0,4242.5,1.0
147.0,2972.0,4.0,1.0,0.0,9.0,0.0,10.0,58.33,0.0
3.0,2973.0,5.0,0.0,0.0,8.0,0.0,9.0,10.84,0.0
12.0,2973.0,5.0,0.0,0.0,30.0,0.0,16.0,143.83,0.0
44.0,2973.0,5.0,0.0,0.0,22.0,0.0,12.0,134.41,1.0
65.0,2973.0,5.0,0.0,0.0,13.0,0.0,14.0,35.4,0.0
46.0,2973.0,5.0,0.0,0.0,27.0,0.0,12.0,620.22,1.0
66.0,2973.0,5.0,0.0,0.0,0.0,0.0,5.0,26.16,0.0
70.0,2973.0,5.0,0.0,0.0,0.0,0.0,5.0,13.44,0.0
71.0,2973.0,5.0,0.0,0.0,9.0,0.0,10.0,35.72,0.0
71.0,2973.0,5.0,0.0,0.0,20.0,0.0,13.0,59.73,1.0
72.0,2973.0,5.0,0.0,0.0,0.0,0.0,5.0,39.73,0.0
73.0,2973.0,5.0,0.0,0.0,0.0,0.0,5.0,11.71,0.0
74.0,2973.0,5.0,0.0,0.0,0.0,0.0,5.0,41.49,0.0
74.0,2973.0,5.0,0.0,0.0,17.0,0.0,9.0,867.02,1.0
75.0,2973.0,5.0,0.0,0.0,0.0,0.0,5.0,32.42,0.0
76.0,2973.0,5.0,0.0,0.0,0.0,0.0,5.0,30.01,0.0
77.0,2973.0,5.0,0.0,0.0,18.0,0.0,9.0,279.91,1.0
77.0,2973.0,5.0,0.0,0.0,0.0,0.0,5.0,35.12,0.0
78.0,2973.0,5.0,0.0,0.0,0.0,0.0,5.0,9.94,0.0
157.0,2973.0,5.0,0.0,0.0,0.0,0.0,5.0,38.05,0.0
158.0,2973.0,5.0,0.0,0.0,0.0,0.0,5.0,39.88,0.0
158.0,2973.0,5.0,0.0,0.0,22.0,0.0,12.0,894.46,1.0
159.0,2973.0,5.0,0.0,0.0,0.0,0.0,5.0,16.59,0.0
160.0,2973.0,5.0,0.0,0.0,0.0,0.0,5.0,39.51,0.0
176.0,2973.0,5.0,0.0,0.0,0.0,0.0,5.0,27.98,0.0
177.0,2973.0,5.0,0.0,0.0,0.0,0.0,5.0,21.47,0.0
177.0,2973.0,5.0,0.0,0.0,35.0,0.0,18.0,183.14,1.0
178.0,2973.0,5.0,0.0,0.0,0.0,0.0,5.0,4.71,0.0
179.0,2973.0,5.0,0.0,0.0,13.0,0.0,14.0,24.8,0.0
3.0,2974.0,0.0,1.0,0.0,22.0,0.0,12.0,361.28,1.0
7.0,2974.0,0.0,1.0,0.0,7.0,0.0,6.0,95.54,0.0
14.0,2974.0,0.0,1.0,0.0,17.0,0.0,9.0,201.88,1.0
22.0,2974.0,0.0,1.0,0.0,7.0,0.0,6.0,47.06,0.0
22.0,2974.0,0.0,1.0,0.0,2.0,0.0,6.0,203.67,0.0
34.0,2974.0,0.0,1.0,0.0,13.0,0.0,14.0,97.66,1.0
37.0,2974.0,0.0,1.0,0.0,6.0,0.0,6.0,805.91,1.0
37.0,2974.0,0.0,1.0,0.0,22.0,0.0,12.0,62.4,1.0
39.0,2974.0,0.0,1.0,0.0,22.0,0.0,12.0,323.24,1.0
40.0,2974.0,0.0,1.0,0.0,6.0,0.0,6.0,879.95,1.0
42.0,2974.0,0.0,1.0,0.0,25.0,0.0,15.0,41.73,0.0
42.0,2974.0,0.0,1.0,0.0,6.0,0.0,6.0,483.14,1.0
44.0,2974.0,0.0,1.0,0.0,22.0,0.0,12.0,78.91,1.0
51.0,2974.0,0.0,1.0,0.0,15.0,0.0,13.0,172.79,1.0
65.0,2974.0,0.0,1.0,0.0,20.0,0.0,13.0,412.82,1.0
77.0,2974.0,0.0,1.0,0.0,12.0,0.0,13.0,7.1,0.0
68.0,2974.0,0.0,1.0,0.0,31.0,0.0,9.0,193.46,1.0
86.0,2974.0,0.0,1.0,0.0,12.0,0.0,13.0,23.67,0.0
86.0,2974.0,0.0,1.0,0.0,20.0,0.0,13.0,0.63,0.0
87.0,2974.0,0.0,1.0,0.0,41.0,0.0,19.0,416.75,1.0
92.0,2974.0,0.0,1.0,0.0,9.0,0.0,10.0,64.53,0.0
90.0,2974.0,0.0,1.0,0.0,6.0,0.0,6.0,267.23,1.0
93.0,2974.0,0.0,1.0,0.0,0.0,0.0,5.0,16.07,0.0
108.0,2974.0,0.0,1.0,0.0,5.0,0.0,8.0,9.61,0.0
109.0,2974.0,0.0,1.0,0.0,1.0,0.0,5.0,40.64,0.0
109.0,2974.0,0.0,1.0,0.0,6.0,0.0,6.0,14.27,1.0
110.0,2974.0,0.0,1.0,0.0,1.0,0.0,5.0,16.23,0.0
110.0,2974.0,0.0,1.0,0.0,22.0,0.0,12.0,759.31,1.0
111.0,2974.0,0.0,1.0,0.0,1.0,0.0,5.0,38.11,0.0
112.0,2974.0,0.0,1.0,0.0,1.0,0.0,5.0,40.59,0.0
114.0,2974.0,0.0,1.0,0.0,1.0,0.0,5.0,14.74,0.0
115.0,2974.0,0.0,1.0,0.0,1.0,0.0,5.0,19.88,0.0
115.0,2974.0,0.0,1.0,0.0,11.0,0.0,12.0,446.8,1.0
116.0,2974.0,0.0,1.0,0.0,1.0,0.0,5.0,34.97,0.0
117.0,2974.0,0.0,1.0,0.0,1.0,0.0,5.0,19.4,0.0
136.0,2974.0,0.0,1.0,0.0,1.0,0.0,5.0,13.38,0.0
138.0,2974.0,0.0,1.0,0.0,1.0,0.0,5.0,12.11,0.0
138.0,2974.0,0.0,1.0,0.0,18.0,0.0,9.0,354.79,1.0
139.0,2974.0,0.0,1.0,0.0,1.0,0.0,5.0,44.02,0.0
140.0,2974.0,0.0,1.0,0.0,1.0,0.0,5.0,45.58,0.0
141.0,2974.0,0.0,1.0,0.0,6.0,0.0,6.0,1412.63,1.0
141.0,2974.0,0.0,1.0,0.0,1.0,0.0,5.0,15.0,0.0
143.0,2974.0,0.0,1.0,0.0,1.0,0.0,5.0,30.73,0.0
147.0,2974.0,0.0,1.0,0.0,1.0,0.0,5.0,67.95,0.0
148.0,2974.0,0.0,1.0,0.0,1.0,0.0,5.0,18.02,0.0
149.0,2974.0,0.0,1.0,0.0,17.0,0.0,9.0,776.17,1.0
149.0,2974.0,0.0,1.0,0.0,1.0,0.0,5.0,12.89,0.0
150.0,2974.0,0.0,1.0,0.0,1.0,0.0,5.0,33.13,0.0
155.0,2974.0,0.0,1.0,0.0,1.0,0.0,5.0,12.6,0.0
156.0,2974.0,0.0,1.0,0.0,1.0,0.0,5.0,50.1,0.0
156.0,2974.0,0.0,1.0,0.0,41.0,0.0,19.0,246.75,1.0
157.0,2974.0,0.0,1.0,0.0,1.0,0.0,5.0,28.63,0.0
158.0,2974.0,0.0,1.0,0.0,1.0,0.0,5.0,30.5,0.0
168.0,2974.0,0.0,1.0,0.0,1.0,0.0,5.0,21.54,0.0
169.0,2974.0,0.0,1.0,0.0,1.0,0.0,5.0,25.01,0.0
171.0,2974.0,0.0,1.0,0.0,20.0,0.0,13.0,37.8,1.0
171.0,2974.0,0.0,1.0,0.0,1.0,0.0,5.0,6.65,0.0
172.0,2974.0,0.0,1.0,0.0,1.0,0.0,5.0,40.89,0.0
172.0,2974.0,0.0,1.0,0.0,12.0,0.0,13.0,161.66,1.0
173.0,2974.0,0.0,1.0,0.0,1.0,0.0,5.0,19.87,0.0
174.0,2974.0,0.0,1.0,0.0,5.0,0.0,8.0,14.34,0.0
3.0,2976.0,2.0,0.0,0.0,2.0,0.0,6.0,295.57,1.0
8.0,2976.0,2.0,0.0,0.0,12.0,0.0,13.0,58.53,0.0
4.0,2976.0,2.0,0.0,0.0,45.0,0.0,18.0,3999.35,1.0
16.0,2976.0,2.0,0.0,0.0,6.0,0.0,6.0,37.72,0.0
33.0,2976.0,2.0,0.0,0.0,18.0,0.0,9.0,219.58,1.0
33.0,2976.0,2.0,0.0,0.0,18.0,0.0,9.0,353.69,1.0
65.0,2976.0,2.0,0.0,0.0,22.0,0.0,12.0,322.51,1.0
66.0,2976.0,2.0,0.0,0.0,27.0,0.0,12.0,731.41,1.0
75.0,2976.0,2.0,0.0,0.0,16.0,0.0,16.0,272.34,0.0
72.0,2976.0,2.0,0.0,0.0,13.0,0.0,14.0,48.24,1.0
87.0,2976.0,2.0,0.0,0.0,0.0,0.0,5.0,21.83,0.0
97.0,2976.0,2.0,0.0,0.0,9.0,0.0,10.0,49.98,0.0
98.0,2976.0,2.0,0.0,0.0,0.0,0.0,5.0,12.13,0.0
98.0,2976.0,2.0,0.0,0.0,41.0,0.0,19.0,369.74,1.0
99.0,2976.0,2.0,0.0,0.0,0.0,0.0,5.0,59.02,0.0
100.0,2976.0,2.0,0.0,0.0,0.0,0.0,5.0,17.73,0.0
125.0,2976.0,2.0,0.0,0.0,0.0,0.0,5.0,25.64,0.0
126.0,2976.0,2.0,0.0,0.0,0.0,0.0,5.0,44.25,0.0
127.0,2976.0,2.0,0.0,0.0,35.0,0.0,18.0,4050.35,1.0
127.0,2976.0,2.0,0.0,0.0,0.0,0.0,5.0,16.31,0.0
128.0,2976.0,2.0,0.0,0.0,36.0,0.0,15.0,43.27,0.0
143.0,2976.0,2.0,0.0,0.0,1.0,0.0,5.0,31.61,0.0
144.0,2976.0,2.0,0.0,0.0,1.0,0.0,5.0,35.68,0.0
144.0,2976.0,2.0,0.0,0.0,27.0,0.0,12.0,128.67,1.0
145.0,2976.0,2.0,0.0,0.0,1.0,0.0,5.0,44.96,0.0
146.0,2976.0,2.0,0.0,0.0,1.0,0.0,5.0,52.35,0.0
158.0,2976.0,2.0,0.0,0.0,1.0,0.0,5.0,10.53,0.0
159.0,2976.0,2.0,0.0,0.0,1.0,0.0,5.0,48.45,0.0
159.0,2976.0,2.0,0.0,0.0,20.0,0.0,13.0,223.1,1.0
160.0,2976.0,2.0,0.0,0.0,1.0,0.0,5.0,36.53,0.0
161.0,2976.0,2.0,0.0,0.0,1.0,0.0,5.0,37.3,0.0
174.0,2976.0,2.0,0.0,0.0,1.0,0.0,5.0,10.42,0.0
175.0,2976.0,2.0,0.0,0.0,1.0,0.0,5.0,16.15,0.0
175.0,2976.0,2.0,0.0,0.0,2.0,0.0,6.0,396.01,1.0
176.0,2976.0,2.0,0.0,0.0,1.0,0.0,5.0,30.68,0.0
177.0,2976.0,2.0,0.0,0.0,1.0,0.0,5.0,61.61,0.0
41.0,2977.0,0.0,0.0,0.0,20.0,0.0,13.0,26.61,0.0
50.0,2977.0,0.0,0.0,0.0,6.0,0.0,6.0,244.73,0.0
96.0,2977.0,0.0,0.0,0.0,16.0,0.0,16.0,636.45,1.0
99.0,2977.0,0.0,0.0,0.0,25.0,0.0,15.0,11.02,0.0
101.0,2977.0,0.0,0.0,0.0,39.0,0.0,18.0,52.96,0.0
25.0,2982.0,3.0,0.0,0.0,0.0,0.0,5.0,15.57,0.0
25.0,2982.0,3.0,0.0,0.0,1.0,0.0,5.0,25.85,0.0
25.0,2982.0,3.0,0.0,0.0,11.0,0.0,12.0,160.94,1.0
26.0,2982.0,3.0,0.0,0.0,1.0,0.0,5.0,10.97,0.0
27.0,2982.0,3.0,0.0,0.0,1.0,0.0,5.0,11.24,0.0
5.0,2983.0,1.0,0.0,0.0,1.0,0.0,5.0,39.26,0.0
6.0,2983.0,1.0,0.0,0.0,1.0,0.0,5.0,28.37,0.0
6.0,2983.0,1.0,0.0,0.0,26.0,0.0,12.0,595.15,1.0
7.0,2983.0,1.0,0.0,0.0,1.0,0.0,5.0,28.67,0.0
8.0,2983.0,1.0,0.0,0.0,1.0,0.0,5.0,5.53,0.0
18.0,2983.0,1.0,0.0,0.0,1.0,0.0,5.0,45.11,0.0
19.0,2983.0,1.0,0.0,0.0,1.0,0.0,5.0,8.5,0.0
19.0,2983.0,1.0,0.0,0.0,22.0,0.0,12.0,587.94,1.0
20.0,2983.0,1.0,0.0,0.0,1.0,0.0,5.0,31.65,0.0
21.0,2983.0,1.0,0.0,0.0,1.0,0.0,5.0,22.3,0.0
31.0,2983.0,1.0,0.0,0.0,15.0,0.0,13.0,28.78,0.0
33.0,2983.0,1.0,0.0,0.0,0.0,0.0,5.0,17.95,0.0
34.0,2983.0,1.0,0.0,0.0,11.0,0.0,12.0,74.69,1.0
34.0,2983.0,1.0,0.0,0.0,0.0,0.0,5.0,8.13,0.0
35.0,2983.0,1.0,0.0,0.0,0.0,0.0,5.0,38.17,0.0
108.0,2983.0,1.0,0.0,0.0,1.0,0.0,5.0,37.58,0.0
109.0,2983.0,1.0,0.0,0.0,1.0,0.0,5.0,1.34,0.0
110.0,2983.0,1.0,0.0,0.0,6.0,0.0,6.0,14.49,1.0
110.0,2983.0,1.0,0.0,0.0,5.0,0.0,8.0,26.36,0.0
111.0,2983.0,1.0,0.0,0.0,1.0,0.0,5.0,29.74,0.0
3.0,2984.0,0.0,0.0,0.0,12.0,0.0,13.0,19.84,0.0
13.0,2984.0,0.0,0.0,0.0,22.0,0.0,12.0,382.54,1.0
48.0,2984.0,0.0,0.0,0.0,16.0,0.0,16.0,398.18,0.0
24.0,2984.0,0.0,0.0,0.0,25.0,0.0,15.0,171.1,1.0
52.0,2984.0,0.0,0.0,0.0,0.0,0.0,5.0,19.17,0.0
75.0,2984.0,0.0,0.0,0.0,0.0,0.0,5.0,42.06,0.0
76.0,2984.0,0.0,0.0,0.0,0.0,0.0,5.0,11.35,0.0
76.0,2984.0,0.0,0.0,0.0,41.0,0.0,19.0,242.18,1.0
77.0,2984.0,0.0,0.0,0.0,0.0,0.0,5.0,39.06,0.0
78.0,2984.0,0.0,0.0,0.0,9.0,0.0,10.0,53.94,0.0
4.0,2989.0,4.0,1.0,0.0,12.0,0.0,13.0,58.48,0.0
31.0,2989.0,4.0,1.0,0.0,6.0,0.0,6.0,152.35,0.0
32.0,2989.0,4.0,1.0,0.0,6.0,0.0,6.0,698.94,1.0
47.0,2989.0,4.0,1.0,0.0,11.0,0.0,12.0,140.14,0.0
52.0,2989.0,4.0,1.0,0.0,6.0,0.0,6.0,106.88,0.0
155.0,2992.0,1.0,0.0,0.0,13.0,0.0,14.0,69.31,0.0
156.0,2992.0,1.0,0.0,0.0,11.0,0.0,12.0,26.29,0.0
177.0,2992.0,1.0,0.0,0.0,17.0,0.0,9.0,573.66,1.0
76.0,2994.0,0.0,1.0,0.0,1.0,0.0,5.0,15.27,0.0
77.0,2994.0,0.0,1.0,0.0,1.0,0.0,5.0,52.61,0.0
78.0,2994.0,0.0,1.0,0.0,22.0,0.0,12.0,182.95,1.0
79.0,2994.0,0.0,1.0,0.0,1.0,0.0,5.0,4.12,0.0
80.0,2994.0,0.0,1.0,0.0,1.0,0.0,5.0,20.36,0.0
160.0,2994.0,0.0,1.0,0.0,4.0,0.0,6.0,101.63,0.0
160.0,2994.0,0.0,1.0,0.0,42.0,0.0,6.0,228.8,0.0
160.0,2994.0,0.0,1.0,0.0,6.0,0.0,6.0,469.66,1.0
161.0,2994.0,0.0,1.0,0.0,1.0,0.0,5.0,28.92,0.0
162.0,2994.0,0.0,1.0,0.0,1.0,0.0,5.0,23.28,0.0
4.0,2995.0,1.0,0.0,0.0,20.0,0.0,13.0,131.0,0.0
31.0,2995.0,1.0,0.0,0.0,6.0,0.0,6.0,78.63,0.0
49.0,2995.0,1.0,0.0,0.0,11.0,0.0,12.0,383.89,1.0
54.0,2995.0,1.0,0.0,0.0,6.0,0.0,6.0,175.97,0.0
54.0,2995.0,1.0,0.0,0.0,2.0,0.0,6.0,30.6,0.0
61.0,2995.0,1.0,0.0,0.0,13.0,0.0,14.0,7.29,0.0
62.0,2995.0,1.0,0.0,0.0,0.0,0.0,5.0,21.3,0.0
63.0,2995.0,1.0,0.0,0.0,9.0,0.0,10.0,320.27,1.0
63.0,2995.0,1.0,0.0,0.0,0.0,0.0,5.0,39.99,0.0
64.0,2995.0,1.0,0.0,0.0,0.0,0.0,5.0,25.68,0.0
78.0,2995.0,1.0,0.0,0.0,0.0,0.0,5.0,14.45,0.0
79.0,2995.0,1.0,0.0,0.0,0.0,0.0,5.0,11.05,0.0
80.0,2995.0,1.0,0.0,0.0,22.0,0.0,12.0,62.58,1.0
81.0,2995.0,1.0,0.0,0.0,0.0,0.0,5.0,18.58,0.0
82.0,2995.0,1.0,0.0,0.0,0.0,0.0,5.0,34.52,0.0
4.0,2996.0,2.0,1.0,0.0,30.0,0.0,16.0,120.87,1.0
12.0,2996.0,2.0,1.0,0.0,0.0,0.0,5.0,1.58,0.0
13.0,2996.0,2.0,1.0,0.0,37.0,0.0,16.0,44.99,0.0
14.0,2996.0,2.0,1.0,0.0,6.0,0.0,6.0,207.63,1.0
14.0,2996.0,2.0,1.0,0.0,0.0,0.0,5.0,10.72,0.0
14.0,2996.0,2.0,1.0,0.0,1.0,0.0,5.0,20.88,0.0
61.0,2996.0,2.0,1.0,0.0,42.0,0.0,6.0,46.25,0.0
62.0,2996.0,2.0,1.0,0.0,1.0,0.0,5.0,2.94,0.0
62.0,2996.0,2.0,1.0,0.0,11.0,0.0,12.0,77.25,1.0
63.0,2996.0,2.0,1.0,0.0,5.0,0.0,8.0,58.46,0.0
64.0,2996.0,2.0,1.0,0.0,1.0,0.0,5.0,31.62,0.0
77.0,2996.0,2.0,1.0,0.0,40.0,0.0,16.0,199.88,0.0
77.0,2996.0,2.0,1.0,0.0,37.0,0.0,16.0,12.35,0.0
78.0,2996.0,2.0,1.0,0.0,9.0,0.0,10.0,40.67,1.0
78.0,2996.0,2.0,1.0,0.0,0.0,0.0,5.0,41.92,0.0
78.0,2996.0,2.0,1.0,0.0,1.0,0.0,5.0,11.85,0.0
94.0,2996.0,2.0,1.0,0.0,1.0,0.0,5.0,25.73,0.0
95.0,2996.0,2.0,1.0,0.0,5.0,0.0,8.0,46.4,0.0
96.0,2996.0,2.0,1.0,0.0,20.0,0.0,13.0,217.03,1.0
96.0,2996.0,2.0,1.0,0.0,1.0,0.0,5.0,24.59,0.0
97.0,2996.0,2.0,1.0,0.0,1.0,0.0,5.0,10.0,0.0
4.0,2997.0,7.0,1.0,0.0,6.0,0.0,6.0,833.47,1.0
9.0,2997.0,7.0,1.0,0.0,22.0,0.0,12.0,350.56,1.0
30.0,2997.0,7.0,1.0,0.0,20.0,0.0,13.0,174.1,0.0
21.0,2997.0,7.0,1.0,0.0,22.0,0.0,12.0,528.64,1.0
33.0,2997.0,7.0,1.0,0.0,6.0,0.0,6.0,355.52,1.0
60.0,2997.0,7.0,1.0,0.0,6.0,0.0,6.0,123.0,0.0
78.0,2997.0,7.0,1.0,0.0,6.0,0.0,6.0,222.84,0.0
128.0,2997.0,7.0,1.0,0.0,0.0,0.0,5.0,27.06,0.0
129.0,2997.0,7.0,1.0,0.0,0.0,0.0,5.0,49.58,0.0
129.0,2997.0,7.0,1.0,0.0,38.0,0.0,19.0,245.07,1.0
130.0,2997.0,7.0,1.0,0.0,0.0,0.0,5.0,48.71,0.0
131.0,2997.0,7.0,1.0,0.0,0.0,0.0,5.0,24.12,0.0
176.0,2997.0,7.0,1.0,0.0,5.0,0.0,8.0,48.85,0.0
177.0,2997.0,7.0,1.0,0.0,1.0,0.0,5.0,52.19,0.0
177.0,2997.0,7.0,1.0,0.0,12.0,0.0,13.0,370.28,1.0
178.0,2997.0,7.0,1.0,0.0,1.0,0.0,5.0,33.94,0.0
179.0,2997.0,7.0,1.0,0.0,1.0,0.0,5.0,26.47,0.0
179.0,2997.0,7.0,1.0,0.0,6.0,0.0,6.0,200.13,1.0
92.0,2998.0,0.0,0.0,0.0,7.0,0.0,6.0,166.87,0.0
92.0,2998.0,0.0,0.0,0.0,2.0,0.0,6.0,128.21,0.0
97.0,2998.0,0.0,0.0,0.0,35.0,0.0,18.0,538.27,1.0
130.0,2998.0,0.0,0.0,0.0,6.0,0.0,6.0,324.72,1.0
173.0,2998.0,0.0,0.0,0.0,22.0,0.0,12.0,49.87,1.0
176.0,2999.0,1.0,1.0,0.0,0.0,0.0,5.0,52.25,0.0
177.0,2999.0,1.0,1.0,0.0,0.0,0.0,5.0,9.03,0.0
178.0,2999.0,1.0,1.0,0.0,13.0,0.0,14.0,175.86,1.0
178.0,2999.0,1.0,1.0,0.0,0.0,0.0,5.0,8.7,0.0
179.0,2999.0,1.0,1.0,0.0,0.0,0.0,5.0,1.58,0.0
57.0,3005.0,0.0,1.0,0.0,6.0,0.0,6.0,130.19,0.0
57.0,3005.0,0.0,1.0,0.0,7.0,0.0,6.0,231.82,0.0
59.0,3005.0,0.0,1.0,0.0,19.0,0.0,9.0,441.96,1.0
60.0,3005.0,0.0,1.0,0.0,9.0,0.0,10.0,74.31,0.0
61.0,3005.0,0.0,1.0,0.0,0.0,0.0,5.0,13.82,0.0
169.0,3005.0,0.0,1.0,0.0,1.0,0.0,5.0,29.7,0.0
170.0,3005.0,0.0,1.0,0.0,1.0,0.0,5.0,22.14,0.0
171.0,3005.0,0.0,1.0,0.0,31.0,0.0,9.0,12.28,1.0
171.0,3005.0,0.0,1.0,0.0,1.0,0.0,5.0,1.54,0.0
172.0,3005.0,0.0,1.0,0.0,5.0,0.0,8.0,54.65,0.0
113.0,3006.0,1.0,1.0,0.0,0.0,0.0,5.0,29.77,0.0
114.0,3006.0,1.0,1.0,0.0,0.0,0.0,5.0,32.94,0.0
115.0,3006.0,1.0,1.0,0.0,6.0,0.0,6.0,486.88,1.0
115.0,3006.0,1.0,1.0,0.0,0.0,0.0,5.0,7.68,0.0
117.0,3006.0,1.0,1.0,0.0,0.0,0.0,5.0,30.57,0.0
132.0,3006.0,1.0,1.0,0.0,0.0,0.0,5.0,21.87,0.0
133.0,3006.0,1.0,1.0,0.0,0.0,0.0,5.0,23.61,0.0
134.0,3006.0,1.0,1.0,0.0,6.0,0.0,6.0,305.84,1.0
134.0,3006.0,1.0,1.0,0.0,0.0,0.0,5.0,11.47,0.0
135.0,3006.0,1.0,1.0,0.0,9.0,0.0,10.0,88.6,0.0
136.0,3006.0,1.0,1.0,0.0,0.0,0.0,5.0,21.19,0.0
137.0,3006.0,1.0,1.0,0.0,9.0,0.0,10.0,99.09,0.0
137.0,3006.0,1.0,1.0,0.0,3.0,0.0,7.0,22.92,1.0
139.0,3006.0,1.0,1.0,0.0,0.0,0.0,5.0,14.42,0.0
140.0,3006.0,1.0,1.0,0.0,0.0,0.0,5.0,7.79,0.0
162.0,3006.0,1.0,1.0,0.0,0.0,0.0,5.0,56.09,0.0
163.0,3006.0,1.0,1.0,0.0,9.0,0.0,10.0,51.71,0.0
164.0,3006.0,1.0,1.0,0.0,12.0,0.0,13.0,574.56,1.0
164.0,3006.0,1.0,1.0,0.0,0.0,0.0,5.0,3.12,0.0
165.0,3006.0,1.0,1.0,0.0,0.0,0.0,5.0,19.0,0.0
31.0,3011.0,1.0,1.0,0.0,0.0,0.0,5.0,36.89,0.0
33.0,3011.0,1.0,1.0,0.0,0.0,0.0,5.0,57.05,0.0
33.0,3011.0,1.0,1.0,0.0,6.0,0.0,6.0,794.96,1.0
34.0,3011.0,1.0,1.0,0.0,0.0,0.0,5.0,19.69,0.0
35.0,3011.0,1.0,1.0,0.0,0.0,0.0,5.0,38.59,0.0
57.0,3011.0,1.0,1.0,0.0,0.0,0.0,5.0,21.37,0.0
58.0,3011.0,1.0,1.0,0.0,0.0,0.0,5.0,24.42,0.0
59.0,3011.0,1.0,1.0,0.0,35.0,0.0,18.0,3329.24,1.0
59.0,3011.0,1.0,1.0,0.0,0.0,0.0,5.0,14.36,0.0
60.0,3011.0,1.0,1.0,0.0,0.0,0.0,5.0,22.51,0.0
121.0,3011.0,1.0,1.0,0.0,0.0,0.0,5.0,59.83,0.0
122.0,3011.0,1.0,1.0,0.0,0.0,0.0,5.0,31.55,0.0
122.0,3011.0,1.0,1.0,0.0,35.0,0.0,18.0,7635.41,1.0
123.0,3011.0,1.0,1.0,0.0,0.0,0.0,5.0,12.02,0.0
124.0,3011.0,1.0,1.0,0.0,0.0,0.0,5.0,23.25,0.0
4.0,3012.0,2.0,0.0,0.0,35.0,0.0,18.0,425.25,1.0
4.0,3012.0,2.0,0.0,0.0,6.0,0.0,6.0,99.09,0.0
8.0,3012.0,2.0,0.0,0.0,6.0,0.0,6.0,88.18,0.0
8.0,3012.0,2.0,0.0,0.0,2.0,0.0,6.0,65.53,0.0
21.0,3012.0,2.0,0.0,0.0,12.0,0.0,13.0,19.7,0.0
23.0,3012.0,2.0,0.0,0.0,13.0,0.0,14.0,137.08,1.0
71.0,3012.0,2.0,0.0,0.0,11.0,0.0,12.0,181.49,0.0
66.0,3012.0,2.0,0.0,0.0,6.0,0.0,6.0,419.49,1.0
96.0,3012.0,2.0,0.0,0.0,3.0,0.0,7.0,8.09,0.0
129.0,3012.0,2.0,0.0,0.0,0.0,0.0,5.0,58.51,0.0
130.0,3012.0,2.0,0.0,0.0,0.0,0.0,5.0,30.82,0.0
131.0,3012.0,2.0,0.0,0.0,22.0,0.0,12.0,389.63,1.0
131.0,3012.0,2.0,0.0,0.0,13.0,0.0,14.0,53.5,0.0
132.0,3012.0,2.0,0.0,0.0,0.0,0.0,5.0,30.78,0.0
133.0,3012.0,2.0,0.0,0.0,0.0,0.0,5.0,6.4,0.0
134.0,3012.0,2.0,0.0,0.0,13.0,0.0,14.0,22.67,1.0
134.0,3012.0,2.0,0.0,0.0,0.0,0.0,5.0,50.2,0.0
135.0,3012.0,2.0,0.0,0.0,0.0,0.0,5.0,9.95,0.0
136.0,3012.0,2.0,0.0,0.0,0.0,0.0,5.0,33.71,0.0
137.0,3012.0,2.0,0.0,0.0,0.0,0.0,5.0,1.25,0.0
138.0,3012.0,2.0,0.0,0.0,35.0,0.0,18.0,2610.81,1.0
139.0,3012.0,2.0,0.0,0.0,0.0,0.0,5.0,15.54,0.0
140.0,3012.0,2.0,0.0,0.0,0.0,0.0,5.0,3.96,0.0
157.0,3012.0,2.0,0.0,0.0,1.0,0.0,5.0,57.69,0.0
158.0,3012.0,2.0,0.0,0.0,1.0,0.0,5.0,37.71,0.0
158.0,3012.0,2.0,0.0,0.0,20.0,0.0,13.0,750.51,1.0
159.0,3012.0,2.0,0.0,0.0,1.0,0.0,5.0,27.98,0.0
160.0,3012.0,2.0,0.0,0.0,1.0,0.0,5.0,10.74,0.0
4.0,3013.0,2.0,0.0,0.0,18.0,0.0,9.0,58.19,1.0
4.0,3013.0,2.0,0.0,0.0,22.0,0.0,12.0,34.07,0.0
14.0,3013.0,2.0,0.0,0.0,8.0,0.0,9.0,22.05,0.0
63.0,3013.0,2.0,0.0,0.0,22.0,0.0,12.0,64.8,0.0
63.0,3013.0,2.0,0.0,0.0,48.0,0.0,12.0,110.79,0.0
117.0,3013.0,2.0,0.0,0.0,22.0,0.0,12.0,180.06,1.0
122.0,3013.0,2.0,0.0,0.0,30.0,0.0,16.0,81.36,0.0
128.0,3013.0,2.0,0.0,0.0,9.0,0.0,10.0,48.86,0.0
79.0,3015.0,4.0,0.0,0.0,11.0,0.0,12.0,181.57,0.0
104.0,3015.0,4.0,0.0,0.0,25.0,0.0,15.0,116.48,0.0
131.0,3015.0,4.0,0.0,0.0,6.0,0.0,6.0,299.75,1.0
67.0,3017.0,1.0,0.0,0.0,7.0,0.0,6.0,67.96,0.0
67.0,3017.0,1.0,0.0,0.0,2.0,0.0,6.0,78.23,0.0
73.0,3017.0,1.0,0.0,0.0,17.0,0.0,9.0,544.44,1.0
78.0,3017.0,1.0,0.0,0.0,12.0,0.0,13.0,44.63,0.0
89.0,3017.0,1.0,0.0,0.0,13.0,0.0,14.0,33.95,0.0
17.0,3019.0,1.0,1.0,0.0,0.0,0.0,5.0,42.6,0.0
18.0,3019.0,1.0,1.0,0.0,0.0,0.0,5.0,12.13,0.0
19.0,3019.0,1.0,1.0,0.0,35.0,0.0,18.0,1381.39,1.0
19.0,3019.0,1.0,1.0,0.0,0.0,0.0,5.0,27.37,0.0
20.0,3019.0,1.0,1.0,0.0,0.0,0.0,5.0,52.58,0.0
31.0,3019.0,1.0,1.0,0.0,0.0,0.0,5.0,1.39,0.0
32.0,3019.0,1.0,1.0,0.0,0.0,0.0,5.0,1.71,0.0
32.0,3019.0,1.0,1.0,0.0,22.0,0.0,12.0,289.19,1.0
33.0,3019.0,1.0,1.0,0.0,0.0,0.0,5.0,12.13,0.0
34.0,3019.0,1.0,1.0,0.0,23.0,0.0,9.0,78.08,0.0
169.0,3019.0,1.0,1.0,0.0,1.0,0.0,5.0,5.66,0.0
170.0,3019.0,1.0,1.0,0.0,1.0,0.0,5.0,52.69,0.0
170.0,3019.0,1.0,1.0,0.0,6.0,0.0,6.0,316.86,1.0
171.0,3019.0,1.0,1.0,0.0,1.0,0.0,5.0,21.46,0.0
172.0,3019.0,1.0,1.0,0.0,5.0,0.0,8.0,66.06,0.0
8.0,3023.0,4.0,0.0,0.0,0.0,0.0,5.0,9.16,0.0
9.0,3023.0,4.0,0.0,0.0,0.0,0.0,5.0,39.21,0.0
10.0,3023.0,4.0,0.0,0.0,31.0,0.0,9.0,769.16,1.0
10.0,3023.0,4.0,0.0,0.0,0.0,0.0,5.0,23.72,0.0
11.0,3023.0,4.0,0.0,0.0,22.0,0.0,12.0,152.55,1.0
11.0,3023.0,4.0,0.0,0.0,0.0,0.0,5.0,13.64,0.0
12.0,3023.0,4.0,0.0,0.0,0.0,0.0,5.0,35.22,0.0
28.0,3023.0,4.0,0.0,0.0,1.0,0.0,5.0,38.85,0.0
29.0,3023.0,4.0,0.0,0.0,1.0,0.0,5.0,45.64,0.0
29.0,3023.0,4.0,0.0,0.0,13.0,0.0,14.0,123.1,1.0
30.0,3023.0,4.0,0.0,0.0,1.0,0.0,5.0,42.68,0.0
31.0,3023.0,4.0,0.0,0.0,1.0,0.0,5.0,31.46,0.0
145.0,3023.0,4.0,0.0,0.0,1.0,0.0,5.0,4.81,0.0
146.0,3023.0,4.0,0.0,0.0,1.0,0.0,5.0,33.07,0.0
147.0,3023.0,4.0,0.0,0.0,6.0,0.0,6.0,438.81,1.0
148.0,3023.0,4.0,0.0,0.0,40.0,0.0,16.0,122.11,0.0
149.0,3023.0,4.0,0.0,0.0,1.0,0.0,5.0,5.66,0.0
150.0,3023.0,4.0,0.0,0.0,1.0,0.0,5.0,60.44,0.0
152.0,3023.0,4.0,0.0,0.0,20.0,0.0,13.0,29.74,1.0
152.0,3023.0,4.0,0.0,0.0,1.0,0.0,5.0,9.67,0.0
153.0,3023.0,4.0,0.0,0.0,1.0,0.0,5.0,30.22,0.0
176.0,3023.0,4.0,0.0,0.0,1.0,0.0,5.0,11.73,0.0
177.0,3023.0,4.0,0.0,0.0,1.0,0.0,5.0,25.41,0.0
178.0,3023.0,4.0,0.0,0.0,22.0,0.0,12.0,315.19,1.0
178.0,3023.0,4.0,0.0,0.0,1.0,0.0,5.0,45.0,0.0
179.0,3023.0,4.0,0.0,0.0,1.0,0.0,5.0,31.1,0.0
4.0,3027.0,0.0,0.0,0.0,7.0,0.0,6.0,245.3,0.0
9.0,3027.0,0.0,0.0,0.0,22.0,0.0,12.0,14.03,0.0
18.0,3027.0,0.0,0.0,0.0,35.0,0.0,18.0,825.66,1.0
29.0,3027.0,0.0,0.0,0.0,20.0,0.0,13.0,35.86,0.0
31.0,3027.0,0.0,0.0,0.0,22.0,0.0,12.0,17.57,0.0
31.0,3027.0,0.0,0.0,0.0,48.0,0.0,12.0,21.48,0.0
34.0,3027.0,0.0,0.0,0.0,27.0,0.0,12.0,502.09,1.0
47.0,3027.0,0.0,0.0,0.0,20.0,0.0,13.0,103.78,0.0
44.0,3027.0,0.0,0.0,0.0,22.0,0.0,12.0,329.27,1.0
48.0,3027.0,0.0,0.0,0.0,25.0,0.0,15.0,94.7,0.0
60.0,3027.0,0.0,0.0,0.0,6.0,0.0,6.0,1399.56,1.0
63.0,3027.0,0.0,0.0,0.0,30.0,0.0,16.0,84.55,0.0
62.0,3027.0,0.0,0.0,0.0,6.0,0.0,6.0,81.73,1.0
72.0,3027.0,0.0,0.0,0.0,6.0,0.0,6.0,40.42,1.0
89.0,3027.0,0.0,0.0,0.0,22.0,0.0,12.0,74.35,0.0
89.0,3027.0,0.0,0.0,0.0,48.0,0.0,12.0,41.72,0.0
147.0,3027.0,0.0,0.0,0.0,12.0,0.0,13.0,117.45,0.0
147.0,3027.0,0.0,0.0,0.0,21.0,0.0,13.0,104.4,0.0
149.0,3027.0,0.0,0.0,0.0,15.0,0.0,13.0,439.35,1.0
155.0,3027.0,0.0,0.0,0.0,12.0,0.0,13.0,71.27,0.0
155.0,3027.0,0.0,0.0,0.0,21.0,0.0,13.0,44.54,0.0
4.0,3028.0,4.0,1.0,0.0,16.0,0.0,16.0,987.86,1.0
19.0,3028.0,4.0,1.0,0.0,0.0,0.0,5.0,2.16,0.0
12.0,3028.0,4.0,1.0,0.0,3.0,0.0,7.0,194.43,1.0
20.0,3028.0,4.0,1.0,0.0,0.0,0.0,5.0,55.2,0.0
117.0,3028.0,4.0,1.0,0.0,1.0,0.0,5.0,6.04,0.0
118.0,3028.0,4.0,1.0,0.0,1.0,0.0,5.0,22.23,0.0
119.0,3028.0,4.0,1.0,0.0,13.0,0.0,14.0,410.76,1.0
120.0,3028.0,4.0,1.0,0.0,1.0,0.0,5.0,63.54,0.0
121.0,3028.0,4.0,1.0,0.0,1.0,0.0,5.0,67.21,0.0
74.0,3029.0,2.0,0.0,0.0,5.0,0.0,8.0,24.08,0.0
75.0,3029.0,2.0,0.0,0.0,5.0,0.0,8.0,88.09,0.0
76.0,3029.0,2.0,0.0,0.0,6.0,0.0,6.0,717.77,1.0
76.0,3029.0,2.0,0.0,0.0,1.0,0.0,5.0,19.35,0.0
77.0,3029.0,2.0,0.0,0.0,1.0,0.0,5.0,13.95,0.0
87.0,3029.0,2.0,0.0,0.0,1.0,0.0,5.0,33.36,0.0
88.0,3029.0,2.0,0.0,0.0,1.0,0.0,5.0,43.19,0.0
88.0,3029.0,2.0,0.0,0.0,22.0,0.0,12.0,281.17,1.0
89.0,3029.0,2.0,0.0,0.0,14.0,0.0,15.0,79.76,0.0
89.0,3029.0,2.0,0.0,0.0,36.0,0.0,15.0,82.89,0.0
96.0,3029.0,2.0,0.0,0.0,1.0,0.0,5.0,39.38,0.0
97.0,3029.0,2.0,0.0,0.0,1.0,0.0,5.0,48.3,0.0
97.0,3029.0,2.0,0.0,0.0,20.0,0.0,13.0,103.72,1.0
98.0,3029.0,2.0,0.0,0.0,1.0,0.0,5.0,24.12,0.0
99.0,3029.0,2.0,0.0,0.0,1.0,0.0,5.0,23.45,0.0
80.0,3031.0,5.0,1.0,0.0,12.0,0.0,13.0,88.31,0.0
84.0,3031.0,5.0,1.0,0.0,6.0,0.0,6.0,33.8,0.0
103.0,3031.0,5.0,1.0,0.0,6.0,0.0,6.0,74.19,1.0
114.0,3031.0,5.0,1.0,0.0,6.0,0.0,6.0,141.53,0.0
114.0,3031.0,5.0,1.0,0.0,2.0,0.0,6.0,40.49,0.0
116.0,3031.0,5.0,1.0,0.0,6.0,0.0,6.0,649.3,1.0
140.0,3031.0,5.0,1.0,0.0,6.0,0.0,6.0,82.75,0.0
140.0,3031.0,5.0,1.0,0.0,7.0,0.0,6.0,83.25,0.0
159.0,3031.0,5.0,1.0,0.0,35.0,0.0,18.0,4684.95,1.0
169.0,3031.0,5.0,1.0,0.0,7.0,0.0,6.0,74.02,0.0
169.0,3031.0,5.0,1.0,0.0,2.0,0.0,6.0,219.28,0.0
4.0,3033.0,4.0,1.0,0.0,6.0,0.0,6.0,1083.7,1.0
8.0,3033.0,4.0,1.0,0.0,6.0,0.0,6.0,626.03,1.0
16.0,3033.0,4.0,1.0,0.0,12.0,0.0,13.0,118.05,0.0
15.0,3033.0,4.0,1.0,0.0,3.0,0.0,7.0,289.54,1.0
19.0,3033.0,4.0,1.0,0.0,18.0,0.0,9.0,728.96,1.0
24.0,3033.0,4.0,1.0,0.0,25.0,0.0,15.0,8.2,0.0
39.0,3033.0,4.0,1.0,0.0,22.0,0.0,12.0,14.35,0.0
78.0,3033.0,4.0,1.0,0.0,11.0,0.0,12.0,94.16,0.0
89.0,3033.0,4.0,1.0,0.0,25.0,0.0,15.0,153.4,0.0
96.0,3033.0,4.0,1.0,0.0,12.0,0.0,13.0,43.2,1.0
107.0,3033.0,4.0,1.0,0.0,12.0,0.0,13.0,64.98,0.0
107.0,3033.0,4.0,1.0,0.0,20.0,0.0,13.0,85.51,0.0
116.0,3033.0,4.0,1.0,0.0,27.0,0.0,12.0,76.77,1.0
121.0,3033.0,4.0,1.0,0.0,0.0,0.0,5.0,59.0,0.0
122.0,3033.0,4.0,1.0,0.0,0.0,0.0,5.0,42.18,0.0
162.0,3033.0,4.0,1.0,0.0,1.0,0.0,5.0,41.73,0.0
163.0,3033.0,4.0,1.0,0.0,1.0,0.0,5.0,6.08,0.0
163.0,3033.0,4.0,1.0,0.0,20.0,0.0,13.0,325.32,1.0
164.0,3033.0,4.0,1.0,0.0,1.0,0.0,5.0,27.65,0.0
165.0,3033.0,4.0,1.0,0.0,1.0,0.0,5.0,29.73,0.0
38.0,3037.0,0.0,0.0,0.0,7.0,0.0,6.0,53.87,0.0
50.0,3037.0,0.0,0.0,0.0,41.0,0.0,19.0,97.16,0.0
51.0,3037.0,0.0,0.0,0.0,6.0,0.0,6.0,211.12,1.0
60.0,3037.0,0.0,0.0,0.0,6.0,0.0,6.0,37.12,0.0
60.0,3037.0,0.0,0.0,0.0,7.0,0.0,6.0,101.29,0.0
74.0,3037.0,0.0,0.0,0.0,9.0,0.0,10.0,48.1,0.0
75.0,3037.0,0.0,0.0,0.0,7.0,0.0,6.0,166.76,0.0
89.0,3037.0,0.0,0.0,0.0,6.0,0.0,6.0,612.64,1.0
108.0,3037.0,0.0,0.0,0.0,9.0,0.0,10.0,31.57,0.0
91.0,3037.0,0.0,0.0,0.0,35.0,0.0,18.0,1022.6,1.0
109.0,3037.0,0.0,0.0,0.0,0.0,0.0,5.0,39.59,0.0
115.0,3037.0,0.0,0.0,0.0,0.0,0.0,5.0,51.25,0.0
115.0,3037.0,0.0,0.0,0.0,1.0,0.0,5.0,24.87,0.0
115.0,3037.0,0.0,0.0,0.0,13.0,0.0,14.0,285.97,1.0
117.0,3037.0,0.0,0.0,0.0,1.0,0.0,5.0,27.36,0.0
118.0,3037.0,0.0,0.0,0.0,1.0,0.0,5.0,17.68,0.0
161.0,3037.0,0.0,0.0,0.0,1.0,0.0,5.0,34.91,0.0
162.0,3037.0,0.0,0.0,0.0,1.0,0.0,5.0,59.11,0.0
162.0,3037.0,0.0,0.0,0.0,38.0,0.0,19.0,241.02,1.0
163.0,3037.0,0.0,0.0,0.0,1.0,0.0,5.0,22.6,0.0
164.0,3037.0,0.0,0.0,0.0,1.0,0.0,5.0,45.97,0.0
4.0,3038.0,2.0,0.0,0.0,7.0,0.0,6.0,81.26,0.0
6.0,3038.0,2.0,0.0,0.0,3.0,0.0,7.0,73.79,1.0
17.0,3038.0,2.0,0.0,0.0,6.0,0.0,6.0,411.49,1.0
31.0,3038.0,2.0,0.0,0.0,22.0,0.0,12.0,32.98,0.0
29.0,3038.0,2.0,0.0,0.0,35.0,0.0,18.0,5336.61,1.0
35.0,3038.0,2.0,0.0,0.0,26.0,0.0,12.0,10.15,1.0
50.0,3038.0,2.0,0.0,0.0,20.0,0.0,13.0,102.82,0.0
36.0,3038.0,2.0,0.0,0.0,3.0,0.0,7.0,24.64,1.0
51.0,3038.0,2.0,0.0,0.0,12.0,0.0,13.0,54.26,0.0
53.0,3038.0,2.0,0.0,0.0,22.0,0.0,12.0,624.97,1.0
69.0,3038.0,2.0,0.0,0.0,25.0,0.0,15.0,76.87,0.0
80.0,3038.0,2.0,0.0,0.0,39.0,0.0,18.0,102.67,0.0
106.0,3038.0,2.0,0.0,0.0,0.0,0.0,5.0,14.35,0.0
107.0,3038.0,2.0,0.0,0.0,0.0,0.0,5.0,33.05,0.0
108.0,3038.0,2.0,0.0,0.0,13.0,0.0,14.0,283.31,1.0
108.0,3038.0,2.0,0.0,0.0,0.0,0.0,5.0,8.34,0.0
109.0,3038.0,2.0,0.0,0.0,0.0,0.0,5.0,17.21,0.0
146.0,3038.0,2.0,0.0,0.0,0.0,0.0,5.0,38.19,0.0
147.0,3038.0,2.0,0.0,0.0,0.0,0.0,5.0,3.06,0.0
148.0,3038.0,2.0,0.0,0.0,41.0,0.0,19.0,430.25,1.0
148.0,3038.0,2.0,0.0,0.0,13.0,0.0,14.0,38.09,0.0
149.0,3038.0,2.0,0.0,0.0,0.0,0.0,5.0,25.13,0.0
20.0,3039.0,1.0,1.0,0.0,0.0,0.0,5.0,22.33,0.0
21.0,3039.0,1.0,1.0,0.0,0.0,0.0,5.0,24.49,0.0
21.0,3039.0,1.0,1.0,0.0,6.0,0.0,6.0,1130.3,1.0
22.0,3039.0,1.0,1.0,0.0,0.0,0.0,5.0,35.5,0.0
23.0,3039.0,1.0,1.0,0.0,0.0,0.0,5.0,29.23,0.0
37.0,3039.0,1.0,1.0,0.0,27.0,0.0,12.0,81.62,0.0
38.0,3039.0,1.0,1.0,0.0,0.0,0.0,5.0,24.89,0.0
38.0,3039.0,1.0,1.0,0.0,35.0,0.0,18.0,149.22,1.0
39.0,3039.0,1.0,1.0,0.0,36.0,0.0,15.0,129.82,0.0
40.0,3039.0,1.0,1.0,0.0,0.0,0.0,5.0,14.24,0.0
40.0,3040.0,0.0,0.0,0.0,0.0,0.0,5.0,13.83,0.0
41.0,3040.0,0.0,0.0,0.0,0.0,0.0,5.0,37.56,0.0
42.0,3040.0,0.0,0.0,0.0,18.0,0.0,9.0,223.24,1.0
42.0,3040.0,0.0,0.0,0.0,0.0,0.0,5.0,34.73,0.0
43.0,3040.0,0.0,0.0,0.0,0.0,0.0,5.0,14.16,0.0
98.0,3040.0,0.0,0.0,0.0,0.0,0.0,5.0,24.98,0.0
99.0,3040.0,0.0,0.0,0.0,0.0,0.0,5.0,33.82,0.0
100.0,3040.0,0.0,0.0,0.0,22.0,0.0,12.0,294.78,1.0
101.0,3040.0,0.0,0.0,0.0,0.0,0.0,5.0,22.61,0.0
102.0,3040.0,0.0,0.0,0.0,0.0,0.0,5.0,11.72,0.0
143.0,3041.0,4.0,1.0,0.0,1.0,0.0,5.0,41.44,0.0
144.0,3041.0,4.0,1.0,0.0,1.0,0.0,5.0,18.68,0.0
144.0,3041.0,4.0,1.0,0.0,17.0,0.0,9.0,114.03,1.0
145.0,3041.0,4.0,1.0,0.0,1.0,0.0,5.0,21.65,0.0
146.0,3041.0,4.0,1.0,0.0,1.0,0.0,5.0,14.3,0.0
58.0,3042.0,2.0,0.0,0.0,0.0,0.0,5.0,15.43,0.0
59.0,3042.0,2.0,0.0,0.0,0.0,0.0,5.0,55.83,0.0
60.0,3042.0,2.0,0.0,0.0,6.0,0.0,6.0,589.66,1.0
61.0,3042.0,2.0,0.0,0.0,0.0,0.0,5.0,0.21,0.0
62.0,3042.0,2.0,0.0,0.0,0.0,0.0,5.0,31.7,0.0
72.0,3043.0,3.0,0.0,0.0,0.0,0.0,5.0,11.46,0.0
73.0,3043.0,3.0,0.0,0.0,0.0,0.0,5.0,56.06,0.0
73.0,3043.0,3.0,0.0,0.0,22.0,0.0,12.0,5.97,1.0
74.0,3043.0,3.0,0.0,0.0,0.0,0.0,5.0,42.18,0.0
75.0,3043.0,3.0,0.0,0.0,15.0,0.0,13.0,65.96,0.0
130.0,3048.0,0.0,1.0,0.0,1.0,0.0,5.0,29.54,0.0
131.0,3048.0,0.0,1.0,0.0,4.0,0.0,6.0,90.69,0.0
131.0,3048.0,0.0,1.0,0.0,22.0,0.0,12.0,368.7,1.0
132.0,3048.0,0.0,1.0,0.0,1.0,0.0,5.0,27.35,0.0
133.0,3048.0,0.0,1.0,0.0,1.0,0.0,5.0,2.53,0.0
8.0,3049.0,5.0,1.0,0.0,0.0,0.0,5.0,12.08,0.0
9.0,3049.0,5.0,1.0,0.0,0.0,0.0,5.0,45.02,0.0
10.0,3049.0,5.0,1.0,0.0,31.0,0.0,9.0,53.25,1.0
10.0,3049.0,5.0,1.0,0.0,0.0,0.0,5.0,39.04,0.0
11.0,3049.0,5.0,1.0,0.0,0.0,0.0,5.0,47.3,0.0
13.0,3049.0,5.0,1.0,0.0,0.0,0.0,5.0,42.89,0.0
14.0,3049.0,5.0,1.0,0.0,0.0,0.0,5.0,23.95,0.0
14.0,3049.0,5.0,1.0,0.0,13.0,0.0,14.0,217.52,1.0
15.0,3049.0,5.0,1.0,0.0,0.0,0.0,5.0,20.82,0.0
15.0,3049.0,5.0,1.0,0.0,25.0,0.0,15.0,161.56,1.0
16.0,3049.0,5.0,1.0,0.0,0.0,0.0,5.0,26.16,0.0
18.0,3049.0,5.0,1.0,0.0,0.0,0.0,5.0,8.75,0.0
147.0,3050.0,3.0,1.0,0.0,0.0,0.0,5.0,26.05,0.0
148.0,3050.0,3.0,1.0,0.0,0.0,0.0,5.0,25.36,0.0
149.0,3050.0,3.0,1.0,0.0,6.0,0.0,6.0,76.7,1.0
149.0,3050.0,3.0,1.0,0.0,0.0,0.0,5.0,56.4,0.0
151.0,3050.0,3.0,1.0,0.0,0.0,0.0,5.0,11.96,0.0
133.0,3054.0,0.0,1.0,0.0,1.0,0.0,5.0,38.63,0.0
134.0,3054.0,0.0,1.0,0.0,1.0,0.0,5.0,41.7,0.0
134.0,3054.0,0.0,1.0,0.0,45.0,0.0,18.0,2013.58,1.0
135.0,3054.0,0.0,1.0,0.0,1.0,0.0,5.0,4.81,0.0
136.0,3054.0,0.0,1.0,0.0,1.0,0.0,5.0,10.19,0.0
4.0,3055.0,0.0,1.0,0.0,25.0,0.0,15.0,28.52,0.0
46.0,3055.0,0.0,1.0,0.0,25.0,0.0,15.0,103.38,0.0
70.0,3055.0,0.0,1.0,0.0,35.0,0.0,18.0,872.2,1.0
70.0,3055.0,0.0,1.0,0.0,25.0,0.0,15.0,118.73,0.0
85.0,3055.0,0.0,1.0,0.0,25.0,0.0,15.0,71.81,0.0
107.0,3055.0,0.0,1.0,0.0,6.0,0.0,6.0,131.46,0.0
120.0,3055.0,0.0,1.0,0.0,6.0,0.0,6.0,706.97,1.0
136.0,3055.0,0.0,1.0,0.0,12.0,0.0,13.0,63.56,0.0
140.0,3055.0,0.0,1.0,0.0,6.0,0.0,6.0,308.62,1.0
141.0,3055.0,0.0,1.0,0.0,12.0,0.0,13.0,14.46,0.0
141.0,3055.0,0.0,1.0,0.0,20.0,0.0,13.0,28.47,0.0
149.0,3055.0,0.0,1.0,0.0,35.0,0.0,18.0,1113.82,1.0
161.0,3055.0,0.0,1.0,0.0,12.0,0.0,13.0,69.95,0.0
157.0,3055.0,0.0,1.0,0.0,25.0,0.0,15.0,515.71,1.0
161.0,3055.0,0.0,1.0,0.0,20.0,0.0,13.0,76.19,0.0
18.0,3057.0,1.0,1.0,0.0,7.0,0.0,6.0,15.87,0.0
24.0,3057.0,1.0,1.0,0.0,7.0,0.0,6.0,43.01,0.0
27.0,3057.0,1.0,1.0,0.0,6.0,0.0,6.0,759.18,1.0
41.0,3057.0,1.0,1.0,0.0,20.0,0.0,13.0,178.11,0.0
28.0,3057.0,1.0,1.0,0.0,6.0,0.0,6.0,218.21,1.0
45.0,3057.0,1.0,1.0,0.0,11.0,0.0,12.0,529.13,1.0
55.0,3057.0,1.0,1.0,0.0,6.0,0.0,6.0,8.71,0.0
56.0,3057.0,1.0,1.0,0.0,12.0,0.0,13.0,78.97,0.0
66.0,3057.0,1.0,1.0,0.0,6.0,0.0,6.0,152.37,0.0
66.0,3057.0,1.0,1.0,0.0,2.0,0.0,6.0,75.17,0.0
66.0,3057.0,1.0,1.0,0.0,22.0,0.0,12.0,969.66,1.0
72.0,3057.0,1.0,1.0,0.0,12.0,0.0,13.0,93.78,0.0
72.0,3057.0,1.0,1.0,0.0,20.0,0.0,13.0,21.03,0.0
140.0,3057.0,1.0,1.0,0.0,0.0,0.0,5.0,39.63,0.0
141.0,3057.0,1.0,1.0,0.0,15.0,0.0,13.0,77.34,0.0
142.0,3057.0,1.0,1.0,0.0,6.0,0.0,6.0,193.87,1.0
142.0,3057.0,1.0,1.0,0.0,0.0,0.0,5.0,35.83,0.0
142.0,3057.0,1.0,1.0,0.0,22.0,0.0,12.0,633.11,1.0
143.0,3057.0,1.0,1.0,0.0,0.0,0.0,5.0,4.54,0.0
144.0,3057.0,1.0,1.0,0.0,0.0,0.0,5.0,31.85,0.0
157.0,3057.0,1.0,1.0,0.0,0.0,0.0,5.0,29.99,0.0
158.0,3057.0,1.0,1.0,0.0,0.0,0.0,5.0,6.57,0.0
158.0,3057.0,1.0,1.0,0.0,25.0,0.0,15.0,340.16,1.0
159.0,3057.0,1.0,1.0,0.0,0.0,0.0,5.0,35.89,0.0
160.0,3057.0,1.0,1.0,0.0,22.0,0.0,12.0,21.41,1.0
160.0,3057.0,1.0,1.0,0.0,0.0,0.0,5.0,9.66,0.0
162.0,3057.0,1.0,1.0,0.0,0.0,0.0,5.0,5.79,0.0
15.0,3058.0,3.0,0.0,0.0,0.0,0.0,5.0,28.36,0.0
17.0,3058.0,3.0,0.0,0.0,0.0,0.0,5.0,36.09,0.0
17.0,3058.0,3.0,0.0,0.0,27.0,0.0,12.0,712.12,1.0
19.0,3058.0,3.0,0.0,0.0,0.0,0.0,5.0,38.97,0.0
20.0,3058.0,3.0,0.0,0.0,0.0,0.0,5.0,28.94,0.0
84.0,3058.0,3.0,0.0,0.0,1.0,0.0,5.0,16.37,0.0
85.0,3058.0,3.0,0.0,0.0,1.0,0.0,5.0,4.24,0.0
88.0,3058.0,3.0,0.0,0.0,6.0,0.0,6.0,529.84,1.0
88.0,3058.0,3.0,0.0,0.0,1.0,0.0,5.0,25.77,0.0
89.0,3058.0,3.0,0.0,0.0,5.0,0.0,8.0,46.38,0.0
68.0,3060.0,2.0,1.0,0.0,6.0,0.0,6.0,10.26,0.0
68.0,3060.0,2.0,1.0,0.0,7.0,0.0,6.0,215.34,0.0
85.0,3060.0,2.0,1.0,0.0,26.0,0.0,12.0,280.34,1.0
146.0,3060.0,2.0,1.0,0.0,7.0,0.0,6.0,222.3,0.0
122.0,3060.0,2.0,1.0,0.0,6.0,0.0,6.0,261.82,1.0
146.0,3060.0,2.0,1.0,0.0,2.0,0.0,6.0,40.21,0.0
131.0,3066.0,2.0,1.0,0.0,1.0,0.0,5.0,36.9,0.0
132.0,3066.0,2.0,1.0,0.0,1.0,0.0,5.0,30.98,0.0
133.0,3066.0,2.0,1.0,0.0,22.0,0.0,12.0,280.02,1.0
134.0,3066.0,2.0,1.0,0.0,1.0,0.0,5.0,33.68,0.0
135.0,3066.0,2.0,1.0,0.0,1.0,0.0,5.0,38.05,0.0
137.0,3066.0,2.0,1.0,0.0,38.0,0.0,19.0,289.69,1.0
137.0,3066.0,2.0,1.0,0.0,1.0,0.0,5.0,39.21,0.0
138.0,3066.0,2.0,1.0,0.0,1.0,0.0,5.0,42.34,0.0
148.0,3066.0,2.0,1.0,0.0,5.0,0.0,8.0,5.48,0.0
149.0,3066.0,2.0,1.0,0.0,1.0,0.0,5.0,5.3,0.0
150.0,3066.0,2.0,1.0,0.0,22.0,0.0,12.0,170.95,1.0
151.0,3066.0,2.0,1.0,0.0,1.0,0.0,5.0,10.88,0.0
152.0,3066.0,2.0,1.0,0.0,22.0,0.0,12.0,351.83,1.0
152.0,3066.0,2.0,1.0,0.0,1.0,0.0,5.0,1.13,0.0
154.0,3066.0,2.0,1.0,0.0,1.0,0.0,5.0,2.07,0.0
13.0,3068.0,1.0,1.0,0.0,6.0,0.0,6.0,36.07,0.0
13.0,3068.0,1.0,1.0,0.0,2.0,0.0,6.0,60.5,0.0
56.0,3068.0,1.0,1.0,0.0,19.0,0.0,9.0,220.0,1.0
69.0,3068.0,1.0,1.0,0.0,25.0,0.0,15.0,7.84,0.0
81.0,3068.0,1.0,1.0,0.0,6.0,0.0,6.0,68.53,0.0
81.0,3068.0,1.0,1.0,0.0,7.0,0.0,6.0,126.68,0.0
84.0,3068.0,1.0,1.0,0.0,22.0,0.0,12.0,42.86,1.0
95.0,3068.0,1.0,1.0,0.0,7.0,0.0,6.0,30.52,0.0
95.0,3068.0,1.0,1.0,0.0,2.0,0.0,6.0,106.58,0.0
100.0,3068.0,1.0,1.0,0.0,38.0,0.0,19.0,224.41,1.0
101.0,3068.0,1.0,1.0,0.0,6.0,0.0,6.0,163.48,0.0
101.0,3068.0,1.0,1.0,0.0,7.0,0.0,6.0,106.62,0.0
114.0,3068.0,1.0,1.0,0.0,7.0,0.0,6.0,139.63,0.0
114.0,3068.0,1.0,1.0,0.0,2.0,0.0,6.0,135.82,0.0
125.0,3068.0,1.0,1.0,0.0,27.0,0.0,12.0,75.18,1.0
164.0,3068.0,1.0,1.0,0.0,25.0,0.0,15.0,28.37,0.0
169.0,3068.0,1.0,1.0,0.0,25.0,0.0,15.0,99.6,0.0
175.0,3068.0,1.0,1.0,0.0,12.0,0.0,13.0,12.03,0.0
177.0,3068.0,1.0,1.0,0.0,22.0,0.0,12.0,276.58,1.0
79.0,3070.0,2.0,0.0,0.0,0.0,0.0,5.0,9.24,0.0
80.0,3070.0,2.0,0.0,0.0,0.0,0.0,5.0,42.36,0.0
81.0,3070.0,2.0,0.0,0.0,22.0,0.0,12.0,482.6,1.0
81.0,3070.0,2.0,0.0,0.0,0.0,0.0,5.0,50.95,0.0
82.0,3070.0,2.0,0.0,0.0,0.0,0.0,5.0,14.62,0.0
4.0,3071.0,2.0,1.0,0.0,20.0,0.0,13.0,53.8,0.0
5.0,3071.0,2.0,1.0,0.0,6.0,0.0,6.0,161.63,1.0
15.0,3071.0,2.0,1.0,0.0,22.0,0.0,12.0,34.96,0.0
46.0,3071.0,2.0,1.0,0.0,25.0,0.0,15.0,58.43,0.0
79.0,3071.0,2.0,1.0,0.0,25.0,0.0,15.0,28.71,0.0
99.0,3071.0,2.0,1.0,0.0,17.0,0.0,9.0,836.29,1.0
109.0,3071.0,2.0,1.0,0.0,22.0,0.0,12.0,128.6,0.0
109.0,3071.0,2.0,1.0,0.0,48.0,0.0,12.0,128.69,0.0
139.0,3071.0,2.0,1.0,0.0,20.0,0.0,13.0,40.48,0.0
151.0,3071.0,2.0,1.0,0.0,22.0,0.0,12.0,256.96,1.0
160.0,3071.0,2.0,1.0,0.0,13.0,0.0,14.0,31.68,0.0
161.0,3071.0,2.0,1.0,0.0,0.0,0.0,5.0,28.47,0.0
163.0,3071.0,2.0,1.0,0.0,0.0,0.0,5.0,42.54,0.0
164.0,3071.0,2.0,1.0,0.0,6.0,0.0,6.0,683.42,1.0
164.0,3071.0,2.0,1.0,0.0,0.0,0.0,5.0,11.16,0.0
165.0,3071.0,2.0,1.0,0.0,0.0,0.0,5.0,31.74,0.0
133.0,3072.0,1.0,0.0,0.0,20.0,0.0,13.0,0.46,0.0
134.0,3072.0,1.0,0.0,0.0,8.0,0.0,9.0,3.2,0.0
141.0,3072.0,1.0,0.0,0.0,6.0,0.0,6.0,586.76,1.0
143.0,3072.0,1.0,0.0,0.0,22.0,0.0,12.0,121.27,0.0
155.0,3072.0,1.0,0.0,0.0,22.0,0.0,12.0,252.26,1.0
108.0,3073.0,3.0,1.0,0.0,1.0,0.0,5.0,45.59,0.0
109.0,3073.0,3.0,1.0,0.0,1.0,0.0,5.0,44.54,0.0
110.0,3073.0,3.0,1.0,0.0,6.0,0.0,6.0,58.98,1.0
110.0,3073.0,3.0,1.0,0.0,1.0,0.0,5.0,19.66,0.0
111.0,3073.0,3.0,1.0,0.0,1.0,0.0,5.0,30.75,0.0
5.0,3077.0,1.0,0.0,0.0,15.0,0.0,13.0,290.17,1.0
8.0,3077.0,1.0,0.0,0.0,0.0,0.0,5.0,14.43,0.0
9.0,3077.0,1.0,0.0,0.0,0.0,0.0,5.0,9.55,0.0
28.0,3079.0,2.0,0.0,0.0,1.0,0.0,5.0,19.44,0.0
30.0,3079.0,2.0,0.0,0.0,5.0,0.0,8.0,104.38,0.0
30.0,3079.0,2.0,0.0,0.0,22.0,0.0,12.0,67.85,1.0
31.0,3079.0,2.0,0.0,0.0,1.0,0.0,5.0,20.53,0.0
32.0,3079.0,2.0,0.0,0.0,1.0,0.0,5.0,28.02,0.0
54.0,3079.0,2.0,0.0,0.0,1.0,0.0,5.0,18.6,0.0
55.0,3079.0,2.0,0.0,0.0,1.0,0.0,5.0,18.95,0.0
55.0,3079.0,2.0,0.0,0.0,44.0,0.0,13.0,308.47,1.0
56.0,3079.0,2.0,0.0,0.0,1.0,0.0,5.0,18.89,0.0
57.0,3079.0,2.0,0.0,0.0,1.0,0.0,5.0,50.06,0.0
5.0,3080.0,1.0,0.0,0.0,6.0,0.0,6.0,386.8,1.0
10.0,3080.0,1.0,0.0,0.0,25.0,0.0,15.0,13.66,0.0
6.0,3080.0,1.0,0.0,0.0,3.0,0.0,7.0,628.61,1.0
11.0,3080.0,1.0,0.0,0.0,22.0,0.0,12.0,514.25,1.0
36.0,3080.0,1.0,0.0,0.0,6.0,0.0,6.0,8.03,0.0
32.0,3080.0,1.0,0.0,0.0,30.0,0.0,16.0,1350.01,1.0
40.0,3080.0,1.0,0.0,0.0,25.0,0.0,15.0,55.04,0.0
56.0,3080.0,1.0,0.0,0.0,16.0,0.0,16.0,1028.58,1.0
58.0,3080.0,1.0,0.0,0.0,13.0,0.0,14.0,275.77,1.0
61.0,3080.0,1.0,0.0,0.0,6.0,0.0,6.0,87.47,1.0
63.0,3080.0,1.0,0.0,0.0,6.0,0.0,6.0,395.67,1.0
63.0,3080.0,1.0,0.0,0.0,20.0,0.0,13.0,342.36,1.0
99.0,3080.0,1.0,0.0,0.0,6.0,0.0,6.0,61.98,0.0
84.0,3080.0,1.0,0.0,0.0,22.0,0.0,12.0,496.95,1.0
99.0,3080.0,1.0,0.0,0.0,2.0,0.0,6.0,40.45,0.0
5.0,3081.0,1.0,0.0,0.0,6.0,0.0,6.0,437.41,1.0
8.0,3081.0,1.0,0.0,0.0,7.0,0.0,6.0,108.48,0.0
38.0,3081.0,1.0,0.0,0.0,9.0,0.0,10.0,25.01,0.0
65.0,3081.0,1.0,0.0,0.0,0.0,0.0,5.0,36.32,0.0
66.0,3081.0,1.0,0.0,0.0,0.0,0.0,5.0,51.87,0.0
66.0,3081.0,1.0,0.0,0.0,6.0,0.0,6.0,50.17,1.0
67.0,3081.0,1.0,0.0,0.0,0.0,0.0,5.0,37.39,0.0
68.0,3081.0,1.0,0.0,0.0,0.0,0.0,5.0,37.22,0.0
136.0,3081.0,1.0,0.0,0.0,1.0,0.0,5.0,22.56,0.0
137.0,3081.0,1.0,0.0,0.0,1.0,0.0,5.0,7.92,0.0
138.0,3081.0,1.0,0.0,0.0,26.0,0.0,12.0,369.85,1.0
138.0,3081.0,1.0,0.0,0.0,1.0,0.0,5.0,2.88,0.0
139.0,3081.0,1.0,0.0,0.0,1.0,0.0,5.0,7.98,0.0
98.0,3082.0,0.0,1.0,0.0,6.0,0.0,6.0,73.96,0.0
118.0,3082.0,0.0,1.0,0.0,3.0,0.0,7.0,33.83,0.0
125.0,3082.0,0.0,1.0,0.0,22.0,0.0,12.0,85.35,1.0
139.0,3082.0,0.0,1.0,0.0,11.0,0.0,12.0,228.84,0.0
149.0,3082.0,0.0,1.0,0.0,13.0,0.0,14.0,62.59,0.0
5.0,3083.0,0.0,1.0,0.0,22.0,0.0,12.0,23.01,0.0
17.0,3083.0,0.0,1.0,0.0,6.0,0.0,6.0,667.19,1.0
31.0,3083.0,0.0,1.0,0.0,35.0,0.0,18.0,4375.89,1.0
35.0,3083.0,0.0,1.0,0.0,13.0,0.0,14.0,299.64,1.0
36.0,3083.0,0.0,1.0,0.0,22.0,0.0,12.0,544.14,1.0
37.0,3083.0,0.0,1.0,0.0,7.0,0.0,6.0,4.27,0.0
36.0,3083.0,0.0,1.0,0.0,2.0,0.0,6.0,130.56,1.0
40.0,3083.0,0.0,1.0,0.0,6.0,0.0,6.0,330.65,1.0
40.0,3083.0,0.0,1.0,0.0,30.0,0.0,16.0,771.1,1.0
43.0,3083.0,0.0,1.0,0.0,41.0,0.0,19.0,211.11,1.0
43.0,3083.0,0.0,1.0,0.0,6.0,0.0,6.0,11.3,1.0
50.0,3083.0,0.0,1.0,0.0,16.0,0.0,16.0,228.56,1.0
53.0,3083.0,0.0,1.0,0.0,22.0,0.0,12.0,287.94,1.0
55.0,3083.0,0.0,1.0,0.0,35.0,0.0,18.0,2757.95,1.0
56.0,3083.0,0.0,1.0,0.0,3.0,0.0,7.0,267.12,1.0
61.0,3083.0,0.0,1.0,0.0,22.0,0.0,12.0,186.16,1.0
63.0,3083.0,0.0,1.0,0.0,22.0,0.0,12.0,130.93,1.0
66.0,3083.0,0.0,1.0,0.0,22.0,0.0,12.0,365.15,1.0
75.0,3083.0,0.0,1.0,0.0,22.0,0.0,12.0,817.28,1.0
81.0,3083.0,0.0,1.0,0.0,22.0,0.0,12.0,354.21,1.0
87.0,3083.0,0.0,1.0,0.0,9.0,0.0,10.0,85.46,1.0
88.0,3083.0,0.0,1.0,0.0,20.0,0.0,13.0,428.17,1.0
92.0,3083.0,0.0,1.0,0.0,20.0,0.0,13.0,646.15,1.0
94.0,3083.0,0.0,1.0,0.0,6.0,0.0,6.0,505.79,1.0
96.0,3083.0,0.0,1.0,0.0,8.0,0.0,9.0,123.16,0.0
95.0,3083.0,0.0,1.0,0.0,10.0,0.0,11.0,703.13,1.0
97.0,3083.0,0.0,1.0,0.0,35.0,0.0,18.0,3972.42,1.0
108.0,3083.0,0.0,1.0,0.0,25.0,0.0,15.0,30.62,0.0
106.0,3083.0,0.0,1.0,0.0,22.0,0.0,12.0,165.59,1.0
117.0,3083.0,0.0,1.0,0.0,6.0,0.0,6.0,96.02,0.0
119.0,3083.0,0.0,1.0,0.0,26.0,0.0,12.0,281.85,1.0
122.0,3083.0,0.0,1.0,0.0,22.0,0.0,12.0,669.39,1.0
132.0,3083.0,0.0,1.0,0.0,6.0,0.0,6.0,1.17,1.0
134.0,3083.0,0.0,1.0,0.0,16.0,0.0,16.0,181.08,1.0
142.0,3083.0,0.0,1.0,0.0,17.0,0.0,9.0,278.4,1.0
143.0,3083.0,0.0,1.0,0.0,26.0,0.0,12.0,254.96,1.0
147.0,3083.0,0.0,1.0,0.0,15.0,0.0,13.0,157.01,1.0
148.0,3083.0,0.0,1.0,0.0,9.0,0.0,10.0,5.11,1.0
151.0,3083.0,0.0,1.0,0.0,12.0,0.0,13.0,384.79,1.0
160.0,3083.0,0.0,1.0,0.0,22.0,0.0,12.0,81.98,1.0
162.0,3083.0,0.0,1.0,0.0,22.0,0.0,12.0,612.7,1.0
166.0,3083.0,0.0,1.0,0.0,6.0,0.0,6.0,616.37,1.0
175.0,3083.0,0.0,1.0,0.0,38.0,0.0,19.0,373.26,1.0
179.0,3083.0,0.0,1.0,0.0,6.0,0.0,6.0,103.27,0.0
175.0,3083.0,0.0,1.0,0.0,2.0,0.0,6.0,124.84,1.0
179.0,3083.0,0.0,1.0,0.0,6.0,0.0,6.0,177.02,1.0
5.0,3084.0,3.0,0.0,0.0,9.0,0.0,10.0,259.75,1.0
24.0,3084.0,3.0,0.0,0.0,0.0,0.0,5.0,54.94,0.0
26.0,3084.0,3.0,0.0,0.0,0.0,0.0,5.0,16.93,0.0
37.0,3084.0,3.0,0.0,0.0,0.0,0.0,5.0,31.4,0.0
38.0,3084.0,3.0,0.0,0.0,0.0,0.0,5.0,56.83,0.0
38.0,3084.0,3.0,0.0,0.0,35.0,0.0,18.0,2017.67,1.0
39.0,3084.0,3.0,0.0,0.0,0.0,0.0,5.0,13.63,0.0
40.0,3084.0,3.0,0.0,0.0,0.0,0.0,5.0,54.24,0.0
115.0,3084.0,3.0,0.0,0.0,1.0,0.0,5.0,41.38,0.0
116.0,3084.0,3.0,0.0,0.0,1.0,0.0,5.0,0.87,0.0
116.0,3084.0,3.0,0.0,0.0,6.0,0.0,6.0,457.98,1.0
117.0,3084.0,3.0,0.0,0.0,1.0,0.0,5.0,20.78,0.0
118.0,3084.0,3.0,0.0,0.0,1.0,0.0,5.0,58.13,0.0
177.0,3084.0,3.0,0.0,0.0,1.0,0.0,5.0,49.94,0.0
178.0,3084.0,3.0,0.0,0.0,1.0,0.0,5.0,32.01,0.0
178.0,3084.0,3.0,0.0,0.0,41.0,0.0,19.0,190.43,1.0
179.0,3084.0,3.0,0.0,0.0,4.0,0.0,6.0,123.87,0.0
179.0,3084.0,3.0,0.0,0.0,42.0,0.0,6.0,6.76,0.0
113.0,3086.0,1.0,1.0,0.0,6.0,0.0,6.0,108.56,0.0
113.0,3086.0,1.0,1.0,0.0,7.0,0.0,6.0,47.4,0.0
115.0,3086.0,1.0,1.0,0.0,13.0,0.0,14.0,87.96,1.0
160.0,3086.0,1.0,1.0,0.0,7.0,0.0,6.0,211.59,0.0
120.0,3086.0,1.0,1.0,0.0,35.0,0.0,18.0,315.58,1.0
160.0,3086.0,1.0,1.0,0.0,2.0,0.0,6.0,68.23,0.0
165.0,3086.0,1.0,1.0,0.0,12.0,0.0,13.0,80.84,0.0
165.0,3086.0,1.0,1.0,0.0,20.0,0.0,13.0,73.73,0.0
170.0,3086.0,1.0,1.0,0.0,6.0,0.0,6.0,212.86,1.0
171.0,3086.0,1.0,1.0,0.0,12.0,0.0,13.0,15.82,0.0
171.0,3086.0,1.0,1.0,0.0,20.0,0.0,13.0,29.44,0.0
171.0,3086.0,1.0,1.0,0.0,15.0,0.0,13.0,46.84,0.0
172.0,3086.0,1.0,1.0,0.0,0.0,0.0,5.0,50.6,0.0
172.0,3086.0,1.0,1.0,0.0,6.0,0.0,6.0,917.98,1.0
173.0,3086.0,1.0,1.0,0.0,0.0,0.0,5.0,29.02,0.0
174.0,3086.0,1.0,1.0,0.0,0.0,0.0,5.0,14.67,0.0
55.0,3090.0,2.0,0.0,0.0,0.0,0.0,5.0,8.78,0.0
56.0,3090.0,2.0,0.0,0.0,0.0,0.0,5.0,26.52,0.0
57.0,3090.0,2.0,0.0,0.0,6.0,0.0,6.0,230.65,1.0
57.0,3090.0,2.0,0.0,0.0,0.0,0.0,5.0,27.81,0.0
58.0,3090.0,2.0,0.0,0.0,0.0,0.0,5.0,18.69,0.0
27.0,3091.0,2.0,1.0,0.0,1.0,0.0,5.0,40.47,0.0
28.0,3091.0,2.0,1.0,0.0,10.0,0.0,11.0,114.5,0.0
28.0,3091.0,2.0,1.0,0.0,10.0,0.0,11.0,329.5,1.0
29.0,3091.0,2.0,1.0,0.0,21.0,0.0,13.0,63.41,0.0
39.0,3091.0,2.0,1.0,0.0,6.0,0.0,6.0,55.14,0.0
70.0,3091.0,2.0,1.0,0.0,1.0,0.0,5.0,45.71,0.0
71.0,3091.0,2.0,1.0,0.0,1.0,0.0,5.0,5.62,0.0
72.0,3091.0,2.0,1.0,0.0,6.0,0.0,6.0,460.37,1.0
72.0,3091.0,2.0,1.0,0.0,1.0,0.0,5.0,0.62,0.0
73.0,3091.0,2.0,1.0,0.0,1.0,0.0,5.0,31.24,0.0
5.0,3092.0,4.0,1.0,0.0,22.0,0.0,12.0,159.18,0.0
14.0,3092.0,4.0,1.0,0.0,22.0,0.0,12.0,220.93,1.0
42.0,3092.0,4.0,1.0,0.0,7.0,0.0,6.0,18.05,0.0
46.0,3092.0,4.0,1.0,0.0,7.0,0.0,6.0,105.37,0.0
57.0,3092.0,4.0,1.0,0.0,22.0,0.0,12.0,241.98,0.0
57.0,3092.0,4.0,1.0,0.0,48.0,0.0,12.0,63.17,0.0
66.0,3092.0,4.0,1.0,0.0,22.0,0.0,12.0,341.93,1.0
73.0,3092.0,4.0,1.0,0.0,41.0,0.0,19.0,264.99,1.0
75.0,3092.0,4.0,1.0,0.0,35.0,0.0,18.0,1888.49,1.0
81.0,3092.0,4.0,1.0,0.0,22.0,0.0,12.0,72.93,1.0
81.0,3092.0,4.0,1.0,0.0,26.0,0.0,12.0,311.53,1.0
82.0,3092.0,4.0,1.0,0.0,6.0,0.0,6.0,27.9,1.0
83.0,3092.0,4.0,1.0,0.0,22.0,0.0,12.0,240.98,1.0
85.0,3092.0,4.0,1.0,0.0,22.0,0.0,12.0,222.37,1.0
85.0,3092.0,4.0,1.0,0.0,22.0,0.0,12.0,191.21,1.0
90.0,3092.0,4.0,1.0,0.0,35.0,0.0,18.0,1974.03,1.0
92.0,3092.0,4.0,1.0,0.0,35.0,0.0,18.0,6129.63,1.0
93.0,3092.0,4.0,1.0,0.0,6.0,0.0,6.0,772.96,1.0
97.0,3092.0,4.0,1.0,0.0,22.0,0.0,12.0,488.08,1.0
97.0,3092.0,4.0,1.0,0.0,22.0,0.0,12.0,101.19,1.0
98.0,3092.0,4.0,1.0,0.0,6.0,0.0,6.0,45.16,1.0
99.0,3092.0,4.0,1.0,0.0,31.0,0.0,9.0,46.92,1.0
99.0,3092.0,4.0,1.0,0.0,31.0,0.0,9.0,873.64,1.0
100.0,3092.0,4.0,1.0,0.0,6.0,0.0,6.0,553.27,1.0
100.0,3092.0,4.0,1.0,0.0,38.0,0.0,19.0,282.63,1.0
101.0,3092.0,4.0,1.0,0.0,10.0,0.0,11.0,669.26,1.0
101.0,3092.0,4.0,1.0,0.0,6.0,0.0,6.0,73.15,1.0
104.0,3092.0,4.0,1.0,0.0,6.0,0.0,6.0,86.94,1.0
105.0,3092.0,4.0,1.0,0.0,22.0,0.0,12.0,246.78,1.0
106.0,3092.0,4.0,1.0,0.0,38.0,0.0,19.0,230.82,1.0
108.0,3092.0,4.0,1.0,0.0,6.0,0.0,6.0,261.58,1.0
111.0,3092.0,4.0,1.0,0.0,38.0,0.0,19.0,319.6,1.0
112.0,3092.0,4.0,1.0,0.0,22.0,0.0,12.0,620.05,1.0
113.0,3092.0,4.0,1.0,0.0,22.0,0.0,12.0,350.35,1.0
115.0,3092.0,4.0,1.0,0.0,9.0,0.0,10.0,45.2,1.0
115.0,3092.0,4.0,1.0,0.0,13.0,0.0,14.0,138.37,1.0
115.0,3092.0,4.0,1.0,0.0,22.0,0.0,12.0,195.91,1.0
117.0,3092.0,4.0,1.0,0.0,22.0,0.0,12.0,479.23,1.0
119.0,3092.0,4.0,1.0,0.0,20.0,0.0,13.0,42.55,0.0
118.0,3092.0,4.0,1.0,0.0,12.0,0.0,13.0,43.76,1.0
120.0,3092.0,4.0,1.0,0.0,6.0,0.0,6.0,476.3,1.0
120.0,3092.0,4.0,1.0,0.0,3.0,0.0,7.0,226.1,1.0
121.0,3092.0,4.0,1.0,0.0,22.0,0.0,12.0,332.5,1.0
122.0,3092.0,4.0,1.0,0.0,22.0,0.0,12.0,733.59,1.0
123.0,3092.0,4.0,1.0,0.0,22.0,0.0,12.0,432.39,1.0
123.0,3092.0,4.0,1.0,0.0,6.0,0.0,6.0,124.71,1.0
123.0,3092.0,4.0,1.0,0.0,6.0,0.0,6.0,71.96,1.0
123.0,3092.0,4.0,1.0,0.0,22.0,0.0,12.0,735.29,1.0
126.0,3092.0,4.0,1.0,0.0,38.0,0.0,19.0,239.61,1.0
128.0,3092.0,4.0,1.0,0.0,38.0,0.0,19.0,206.65,1.0
129.0,3092.0,4.0,1.0,0.0,6.0,0.0,6.0,24.55,0.0
129.0,3092.0,4.0,1.0,0.0,6.0,0.0,6.0,773.2,1.0
131.0,3092.0,4.0,1.0,0.0,19.0,0.0,9.0,716.39,1.0
133.0,3092.0,4.0,1.0,0.0,6.0,0.0,6.0,139.16,0.0
132.0,3092.0,4.0,1.0,0.0,13.0,0.0,14.0,201.4,1.0
133.0,3092.0,4.0,1.0,0.0,2.0,0.0,6.0,224.11,0.0
135.0,3092.0,4.0,1.0,0.0,3.0,0.0,7.0,316.17,1.0
137.0,3092.0,4.0,1.0,0.0,35.0,0.0,18.0,4433.48,1.0
137.0,3092.0,4.0,1.0,0.0,22.0,0.0,12.0,701.3,1.0
138.0,3092.0,4.0,1.0,0.0,11.0,0.0,12.0,31.22,1.0
139.0,3092.0,4.0,1.0,0.0,18.0,0.0,9.0,681.3,1.0
139.0,3092.0,4.0,1.0,0.0,22.0,0.0,12.0,629.73,1.0
140.0,3092.0,4.0,1.0,0.0,22.0,0.0,12.0,144.8,1.0
142.0,3092.0,4.0,1.0,0.0,6.0,0.0,6.0,72.9,1.0
142.0,3092.0,4.0,1.0,0.0,6.0,0.0,6.0,392.72,1.0
146.0,3092.0,4.0,1.0,0.0,22.0,0.0,12.0,606.0,1.0
146.0,3092.0,4.0,1.0,0.0,13.0,0.0,14.0,153.64,1.0
147.0,3092.0,4.0,1.0,0.0,10.0,0.0,11.0,128.91,1.0
148.0,3092.0,4.0,1.0,0.0,12.0,0.0,13.0,298.94,1.0
149.0,3092.0,4.0,1.0,0.0,13.0,0.0,14.0,168.81,1.0
149.0,3092.0,4.0,1.0,0.0,15.0,0.0,13.0,185.94,1.0
149.0,3092.0,4.0,1.0,0.0,22.0,0.0,12.0,170.09,1.0
150.0,3092.0,4.0,1.0,0.0,6.0,0.0,6.0,375.66,1.0
152.0,3092.0,4.0,1.0,0.0,20.0,0.0,13.0,189.18,1.0
154.0,3092.0,4.0,1.0,0.0,21.0,0.0,13.0,277.68,1.0
154.0,3092.0,4.0,1.0,0.0,38.0,0.0,19.0,325.72,1.0
155.0,3092.0,4.0,1.0,0.0,3.0,0.0,7.0,341.51,1.0
161.0,3092.0,4.0,1.0,0.0,6.0,0.0,6.0,1608.95,1.0
161.0,3092.0,4.0,1.0,0.0,35.0,0.0,18.0,2977.61,1.0
162.0,3092.0,4.0,1.0,0.0,22.0,0.0,12.0,453.1,1.0
163.0,3092.0,4.0,1.0,0.0,12.0,0.0,13.0,33.89,0.0
162.0,3092.0,4.0,1.0,0.0,10.0,0.0,11.0,742.31,1.0
163.0,3092.0,4.0,1.0,0.0,9.0,0.0,10.0,95.16,1.0
163.0,3092.0,4.0,1.0,0.0,9.0,0.0,10.0,46.85,1.0
165.0,3092.0,4.0,1.0,0.0,17.0,0.0,9.0,702.46,1.0
166.0,3092.0,4.0,1.0,0.0,18.0,0.0,9.0,191.09,1.0
166.0,3092.0,4.0,1.0,0.0,6.0,0.0,6.0,57.48,1.0
167.0,3092.0,4.0,1.0,0.0,22.0,0.0,12.0,50.56,1.0
169.0,3092.0,4.0,1.0,0.0,6.0,0.0,6.0,492.15,1.0
173.0,3092.0,4.0,1.0,0.0,11.0,0.0,12.0,384.03,1.0
173.0,3092.0,4.0,1.0,0.0,31.0,0.0,9.0,139.39,1.0
174.0,3092.0,4.0,1.0,0.0,20.0,0.0,13.0,355.82,1.0
175.0,3092.0,4.0,1.0,0.0,6.0,0.0,6.0,466.98,1.0
176.0,3092.0,4.0,1.0,0.0,41.0,0.0,19.0,415.42,1.0
178.0,3092.0,4.0,1.0,0.0,13.0,0.0,14.0,460.33,1.0
178.0,3092.0,4.0,1.0,0.0,35.0,0.0,18.0,4895.72,1.0
178.0,3092.0,4.0,1.0,0.0,3.0,0.0,7.0,28.14,1.0
178.0,3092.0,4.0,1.0,0.0,6.0,0.0,6.0,322.77,1.0
179.0,3092.0,4.0,1.0,0.0,17.0,0.0,9.0,651.34,1.0
104.0,3093.0,1.0,0.0,0.0,7.0,0.0,6.0,75.95,0.0
104.0,3093.0,1.0,0.0,0.0,2.0,0.0,6.0,121.14,0.0
142.0,3093.0,1.0,0.0,0.0,21.0,0.0,13.0,599.59,1.0
144.0,3093.0,1.0,0.0,0.0,6.0,0.0,6.0,24.4,0.0
144.0,3093.0,1.0,0.0,0.0,7.0,0.0,6.0,51.16,0.0
144.0,3093.0,1.0,0.0,0.0,2.0,0.0,6.0,119.52,0.0
145.0,3093.0,1.0,0.0,0.0,13.0,0.0,14.0,27.93,1.0
152.0,3093.0,1.0,0.0,0.0,12.0,0.0,13.0,53.4,0.0
152.0,3093.0,1.0,0.0,0.0,20.0,0.0,13.0,25.79,0.0
163.0,3093.0,1.0,0.0,0.0,0.0,0.0,5.0,29.59,0.0
164.0,3093.0,1.0,0.0,0.0,0.0,0.0,5.0,31.8,0.0
164.0,3093.0,1.0,0.0,0.0,26.0,0.0,12.0,128.99,1.0
165.0,3093.0,1.0,0.0,0.0,0.0,0.0,5.0,21.93,0.0
167.0,3093.0,1.0,0.0,0.0,0.0,0.0,5.0,23.71,0.0
47.0,3095.0,2.0,1.0,0.0,1.0,0.0,5.0,9.77,0.0
48.0,3095.0,2.0,1.0,0.0,1.0,0.0,5.0,58.97,0.0
49.0,3095.0,2.0,1.0,0.0,22.0,0.0,12.0,107.7,1.0
49.0,3095.0,2.0,1.0,0.0,1.0,0.0,5.0,53.98,0.0
50.0,3095.0,2.0,1.0,0.0,1.0,0.0,5.0,7.63,0.0
5.0,3096.0,1.0,1.0,0.0,20.0,0.0,13.0,46.92,0.0
20.0,3096.0,1.0,1.0,0.0,22.0,0.0,12.0,120.86,1.0
22.0,3096.0,1.0,1.0,0.0,0.0,0.0,5.0,58.01,0.0
23.0,3096.0,1.0,1.0,0.0,0.0,0.0,5.0,39.76,0.0
101.0,3096.0,1.0,1.0,0.0,1.0,0.0,5.0,10.19,0.0
102.0,3096.0,1.0,1.0,0.0,1.0,0.0,5.0,56.72,0.0
104.0,3096.0,1.0,1.0,0.0,27.0,0.0,12.0,36.57,1.0
105.0,3096.0,1.0,1.0,0.0,1.0,0.0,5.0,20.77,0.0
105.0,3096.0,1.0,1.0,0.0,3.0,0.0,7.0,24.33,1.0
106.0,3096.0,1.0,1.0,0.0,1.0,0.0,5.0,22.78,0.0
107.0,3096.0,1.0,1.0,0.0,1.0,0.0,5.0,8.07,0.0
5.0,3097.0,0.0,1.0,0.0,38.0,0.0,19.0,366.36,1.0
11.0,3097.0,0.0,1.0,0.0,6.0,0.0,6.0,256.73,0.0
11.0,3097.0,0.0,1.0,0.0,44.0,0.0,13.0,472.62,1.0
13.0,3097.0,0.0,1.0,0.0,12.0,0.0,13.0,132.27,0.0
16.0,3097.0,0.0,1.0,0.0,25.0,0.0,15.0,0.86,0.0
63.0,3097.0,0.0,1.0,0.0,0.0,0.0,5.0,14.06,0.0
64.0,3097.0,0.0,1.0,0.0,0.0,0.0,5.0,10.64,0.0
65.0,3097.0,0.0,1.0,0.0,6.0,0.0,6.0,269.17,1.0
66.0,3097.0,0.0,1.0,0.0,0.0,0.0,5.0,34.03,0.0
67.0,3097.0,0.0,1.0,0.0,0.0,0.0,5.0,45.79,0.0
67.0,3098.0,2.0,0.0,0.0,3.0,0.0,7.0,66.06,0.0
75.0,3098.0,2.0,0.0,0.0,11.0,0.0,12.0,1.32,0.0
88.0,3098.0,2.0,0.0,0.0,6.0,0.0,6.0,339.71,1.0
99.0,3098.0,2.0,0.0,0.0,13.0,0.0,14.0,10.58,0.0
100.0,3098.0,2.0,0.0,0.0,0.0,0.0,5.0,16.92,0.0
101.0,3098.0,2.0,0.0,0.0,0.0,0.0,5.0,17.29,0.0
102.0,3098.0,2.0,0.0,0.0,0.0,0.0,5.0,7.34,0.0
103.0,3098.0,2.0,0.0,0.0,17.0,0.0,9.0,20.07,1.0
103.0,3098.0,2.0,0.0,0.0,9.0,0.0,10.0,87.95,0.0
104.0,3098.0,2.0,0.0,0.0,0.0,0.0,5.0,12.36,0.0
109.0,3098.0,2.0,0.0,0.0,9.0,0.0,10.0,25.03,0.0
110.0,3098.0,2.0,0.0,0.0,0.0,0.0,5.0,22.66,0.0
111.0,3098.0,2.0,0.0,0.0,41.0,0.0,19.0,301.82,1.0
111.0,3098.0,2.0,0.0,0.0,0.0,0.0,5.0,16.4,0.0
112.0,3098.0,2.0,0.0,0.0,25.0,0.0,15.0,58.43,1.0
112.0,3098.0,2.0,0.0,0.0,0.0,0.0,5.0,1.78,0.0
113.0,3098.0,2.0,0.0,0.0,0.0,0.0,5.0,6.19,0.0
5.0,3099.0,1.0,1.0,0.0,13.0,0.0,14.0,107.71,0.0
6.0,3099.0,1.0,1.0,0.0,18.0,0.0,9.0,234.2,0.0
8.0,3099.0,1.0,1.0,0.0,18.0,0.0,9.0,346.57,1.0
11.0,3099.0,1.0,1.0,0.0,13.0,0.0,14.0,64.47,0.0
12.0,3099.0,1.0,1.0,0.0,0.0,0.0,5.0,24.31,0.0
15.0,3099.0,1.0,1.0,0.0,0.0,0.0,5.0,17.74,0.0
16.0,3099.0,1.0,1.0,0.0,0.0,0.0,5.0,22.81,0.0
17.0,3099.0,1.0,1.0,0.0,11.0,0.0,12.0,329.89,1.0
17.0,3099.0,1.0,1.0,0.0,0.0,0.0,5.0,9.32,0.0
18.0,3099.0,1.0,1.0,0.0,0.0,0.0,5.0,35.82,0.0
19.0,3099.0,1.0,1.0,0.0,0.0,0.0,5.0,7.37,0.0
21.0,3099.0,1.0,1.0,0.0,6.0,0.0,6.0,33.24,1.0
21.0,3099.0,1.0,1.0,0.0,0.0,0.0,5.0,62.26,0.0
22.0,3099.0,1.0,1.0,0.0,0.0,0.0,5.0,22.33,0.0
26.0,3100.0,1.0,1.0,0.0,0.0,0.0,5.0,28.46,0.0
27.0,3100.0,1.0,1.0,0.0,0.0,0.0,5.0,25.59,0.0
27.0,3100.0,1.0,1.0,0.0,20.0,0.0,13.0,141.37,1.0
28.0,3100.0,1.0,1.0,0.0,0.0,0.0,5.0,67.19,0.0
30.0,3100.0,1.0,1.0,0.0,0.0,0.0,5.0,39.67,0.0
53.0,3100.0,1.0,1.0,0.0,1.0,0.0,5.0,27.73,0.0
54.0,3100.0,1.0,1.0,0.0,28.0,0.0,13.0,97.79,0.0
54.0,3100.0,1.0,1.0,0.0,6.0,0.0,6.0,485.09,1.0
55.0,3100.0,1.0,1.0,0.0,4.0,0.0,6.0,30.31,0.0
56.0,3100.0,1.0,1.0,0.0,1.0,0.0,5.0,9.63,0.0
74.0,3100.0,1.0,1.0,0.0,1.0,0.0,5.0,26.95,0.0
75.0,3100.0,1.0,1.0,0.0,1.0,0.0,5.0,37.44,0.0
75.0,3100.0,1.0,1.0,0.0,35.0,0.0,18.0,1563.56,1.0
76.0,3100.0,1.0,1.0,0.0,5.0,0.0,8.0,61.84,0.0
77.0,3100.0,1.0,1.0,0.0,1.0,0.0,5.0,36.6,0.0
160.0,3100.0,1.0,1.0,0.0,1.0,0.0,5.0,9.05,0.0
161.0,3100.0,1.0,1.0,0.0,1.0,0.0,5.0,21.74,0.0
161.0,3100.0,1.0,1.0,0.0,11.0,0.0,12.0,448.11,1.0
162.0,3100.0,1.0,1.0,0.0,1.0,0.0,5.0,43.23,0.0
163.0,3100.0,1.0,1.0,0.0,1.0,0.0,5.0,30.32,0.0
5.0,3101.0,1.0,0.0,0.0,6.0,0.0,6.0,63.03,0.0
14.0,3101.0,1.0,0.0,0.0,25.0,0.0,15.0,156.86,0.0
21.0,3101.0,1.0,0.0,0.0,35.0,0.0,18.0,3570.95,1.0
42.0,3101.0,1.0,0.0,0.0,12.0,0.0,13.0,17.4,0.0
45.0,3101.0,1.0,0.0,0.0,12.0,0.0,13.0,1.32,0.0
11.0,3109.0,2.0,1.0,0.0,25.0,0.0,15.0,119.43,0.0
23.0,3109.0,2.0,1.0,0.0,25.0,0.0,15.0,39.9,0.0
45.0,3109.0,2.0,1.0,0.0,22.0,0.0,12.0,1000.42,1.0
52.0,3109.0,2.0,1.0,0.0,6.0,0.0,6.0,114.58,0.0
52.0,3109.0,2.0,1.0,0.0,7.0,0.0,6.0,77.66,0.0
71.0,3109.0,2.0,1.0,0.0,6.0,0.0,6.0,262.73,0.0
71.0,3109.0,2.0,1.0,0.0,2.0,0.0,6.0,17.89,0.0
98.0,3109.0,2.0,1.0,0.0,16.0,0.0,16.0,436.01,1.0
123.0,3109.0,2.0,1.0,0.0,12.0,0.0,13.0,157.07,0.0
117.0,3109.0,2.0,1.0,0.0,35.0,0.0,18.0,2375.15,1.0
123.0,3109.0,2.0,1.0,0.0,20.0,0.0,13.0,35.16,0.0
146.0,3109.0,2.0,1.0,0.0,6.0,0.0,6.0,1002.59,1.0
150.0,3109.0,2.0,1.0,0.0,12.0,0.0,13.0,16.77,0.0
150.0,3109.0,2.0,1.0,0.0,20.0,0.0,13.0,6.86,0.0
152.0,3110.0,0.0,1.0,0.0,1.0,0.0,5.0,10.1,0.0
153.0,3110.0,0.0,1.0,0.0,1.0,0.0,5.0,12.0,0.0
155.0,3110.0,0.0,1.0,0.0,22.0,0.0,12.0,102.4,1.0
155.0,3110.0,0.0,1.0,0.0,1.0,0.0,5.0,40.65,0.0
156.0,3110.0,0.0,1.0,0.0,1.0,0.0,5.0,19.15,0.0
43.0,3111.0,1.0,0.0,0.0,0.0,0.0,5.0,11.44,0.0
44.0,3111.0,1.0,0.0,0.0,0.0,0.0,5.0,14.69,0.0
44.0,3111.0,1.0,0.0,0.0,22.0,0.0,12.0,304.89,1.0
45.0,3111.0,1.0,0.0,0.0,0.0,0.0,5.0,13.41,0.0
46.0,3111.0,1.0,0.0,0.0,0.0,0.0,5.0,50.45,0.0
68.0,3111.0,1.0,0.0,0.0,0.0,0.0,5.0,18.93,0.0
69.0,3111.0,1.0,0.0,0.0,0.0,0.0,5.0,52.12,0.0
70.0,3111.0,1.0,0.0,0.0,13.0,0.0,14.0,126.27,1.0
70.0,3111.0,1.0,0.0,0.0,0.0,0.0,5.0,47.4,0.0
71.0,3111.0,1.0,0.0,0.0,0.0,0.0,5.0,7.54,0.0
80.0,3111.0,1.0,0.0,0.0,0.0,0.0,5.0,29.34,0.0
81.0,3111.0,1.0,0.0,0.0,0.0,0.0,5.0,36.71,0.0
81.0,3111.0,1.0,0.0,0.0,6.0,0.0,6.0,429.79,1.0
83.0,3111.0,1.0,0.0,0.0,0.0,0.0,5.0,32.4,0.0
84.0,3111.0,1.0,0.0,0.0,0.0,0.0,5.0,10.18,0.0
119.0,3111.0,1.0,0.0,0.0,0.0,0.0,5.0,13.53,0.0
120.0,3111.0,1.0,0.0,0.0,0.0,0.0,5.0,34.96,0.0
121.0,3111.0,1.0,0.0,0.0,22.0,0.0,12.0,513.06,1.0
121.0,3111.0,1.0,0.0,0.0,0.0,0.0,5.0,62.22,0.0
122.0,3111.0,1.0,0.0,0.0,0.0,0.0,5.0,15.06,0.0
73.0,3113.0,1.0,1.0,0.0,0.0,0.0,5.0,24.07,0.0
74.0,3113.0,1.0,1.0,0.0,0.0,0.0,5.0,45.17,0.0
74.0,3113.0,1.0,1.0,0.0,35.0,0.0,18.0,143.35,1.0
75.0,3113.0,1.0,1.0,0.0,32.0,0.0,11.0,65.72,0.0
76.0,3113.0,1.0,1.0,0.0,0.0,0.0,5.0,73.48,0.0
77.0,3113.0,1.0,1.0,0.0,1.0,0.0,5.0,20.0,0.0
78.0,3113.0,1.0,1.0,0.0,1.0,0.0,5.0,18.02,0.0
78.0,3113.0,1.0,1.0,0.0,6.0,0.0,6.0,592.85,1.0
79.0,3113.0,1.0,1.0,0.0,1.0,0.0,5.0,49.03,0.0
80.0,3113.0,1.0,1.0,0.0,1.0,0.0,5.0,9.08,0.0
153.0,3113.0,1.0,1.0,0.0,1.0,0.0,5.0,79.96,0.0
154.0,3113.0,1.0,1.0,0.0,1.0,0.0,5.0,21.78,0.0
154.0,3113.0,1.0,1.0,0.0,22.0,0.0,12.0,22.27,1.0
155.0,3113.0,1.0,1.0,0.0,1.0,0.0,5.0,12.45,0.0
156.0,3113.0,1.0,1.0,0.0,1.0,0.0,5.0,11.91,0.0
6.0,3114.0,1.0,1.0,0.0,0.0,0.0,5.0,53.8,0.0
7.0,3114.0,1.0,1.0,0.0,0.0,0.0,5.0,28.08,0.0
8.0,3114.0,1.0,1.0,0.0,22.0,0.0,12.0,620.64,1.0
9.0,3114.0,1.0,1.0,0.0,0.0,0.0,5.0,20.45,0.0
10.0,3114.0,1.0,1.0,0.0,0.0,0.0,5.0,25.97,0.0
40.0,3114.0,1.0,1.0,0.0,1.0,0.0,5.0,22.65,0.0
41.0,3114.0,1.0,1.0,0.0,1.0,0.0,5.0,30.7,0.0
42.0,3114.0,1.0,1.0,0.0,6.0,0.0,6.0,104.79,1.0
42.0,3114.0,1.0,1.0,0.0,1.0,0.0,5.0,40.17,0.0
43.0,3114.0,1.0,1.0,0.0,1.0,0.0,5.0,16.88,0.0
51.0,3114.0,1.0,1.0,0.0,1.0,0.0,5.0,2.54,0.0
52.0,3114.0,1.0,1.0,0.0,1.0,0.0,5.0,25.65,0.0
52.0,3114.0,1.0,1.0,0.0,26.0,0.0,12.0,533.17,1.0
53.0,3114.0,1.0,1.0,0.0,1.0,0.0,5.0,7.47,0.0
54.0,3114.0,1.0,1.0,0.0,1.0,0.0,5.0,45.38,0.0
17.0,3119.0,4.0,1.0,0.0,7.0,0.0,6.0,59.29,0.0
23.0,3119.0,4.0,1.0,0.0,25.0,0.0,15.0,102.06,0.0
102.0,3119.0,4.0,1.0,0.0,35.0,0.0,18.0,3959.44,1.0
106.0,3119.0,4.0,1.0,0.0,6.0,0.0,6.0,314.11,0.0
111.0,3119.0,4.0,1.0,0.0,6.0,0.0,6.0,25.02,0.0
124.0,3119.0,4.0,1.0,0.0,5.0,0.0,8.0,12.5,0.0
125.0,3119.0,4.0,1.0,0.0,1.0,0.0,5.0,31.06,0.0
126.0,3119.0,4.0,1.0,0.0,22.0,0.0,12.0,95.89,1.0
126.0,3119.0,4.0,1.0,0.0,1.0,0.0,5.0,19.14,0.0
127.0,3119.0,4.0,1.0,0.0,35.0,0.0,18.0,2917.95,1.0
127.0,3119.0,4.0,1.0,0.0,1.0,0.0,5.0,41.93,0.0
129.0,3119.0,4.0,1.0,0.0,1.0,0.0,5.0,14.83,0.0
139.0,3119.0,4.0,1.0,0.0,1.0,0.0,5.0,15.37,0.0
140.0,3119.0,4.0,1.0,0.0,1.0,0.0,5.0,28.2,0.0
141.0,3119.0,4.0,1.0,0.0,6.0,0.0,6.0,73.76,1.0
141.0,3119.0,4.0,1.0,0.0,1.0,0.0,5.0,0.27,0.0
142.0,3119.0,4.0,1.0,0.0,1.0,0.0,5.0,20.39,0.0
135.0,3120.0,1.0,1.0,0.0,6.0,0.0,6.0,171.07,0.0
135.0,3120.0,1.0,1.0,0.0,2.0,0.0,6.0,135.88,0.0
140.0,3120.0,1.0,1.0,0.0,6.0,0.0,6.0,275.67,1.0
165.0,3120.0,1.0,1.0,0.0,9.0,0.0,10.0,18.41,0.0
158.0,3120.0,1.0,1.0,0.0,6.0,0.0,6.0,384.76,1.0
166.0,3120.0,1.0,1.0,0.0,0.0,0.0,5.0,8.84,0.0
167.0,3124.0,1.0,0.0,0.0,0.0,0.0,5.0,35.81,0.0
168.0,3124.0,1.0,0.0,0.0,0.0,0.0,5.0,9.01,0.0
168.0,3124.0,1.0,0.0,0.0,22.0,0.0,12.0,522.79,1.0
170.0,3124.0,1.0,0.0,0.0,0.0,0.0,5.0,9.93,0.0
171.0,3124.0,1.0,0.0,0.0,0.0,0.0,5.0,59.95,0.0
139.0,3125.0,0.0,0.0,0.0,44.0,0.0,13.0,79.24,0.0
140.0,3125.0,0.0,0.0,0.0,0.0,0.0,5.0,14.05,0.0
140.0,3125.0,0.0,0.0,0.0,6.0,0.0,6.0,128.14,1.0
141.0,3125.0,0.0,0.0,0.0,0.0,0.0,5.0,17.91,0.0
142.0,3125.0,0.0,0.0,0.0,0.0,0.0,5.0,41.73,0.0
57.0,3128.0,2.0,1.0,0.0,0.0,0.0,5.0,1.26,0.0
58.0,3128.0,2.0,1.0,0.0,0.0,0.0,5.0,9.79,0.0
59.0,3128.0,2.0,1.0,0.0,17.0,0.0,9.0,1117.53,1.0
61.0,3128.0,2.0,1.0,0.0,0.0,0.0,5.0,69.41,0.0
62.0,3128.0,2.0,1.0,0.0,0.0,0.0,5.0,68.04,0.0
104.0,3128.0,2.0,1.0,0.0,0.0,0.0,5.0,25.16,0.0
106.0,3128.0,2.0,1.0,0.0,0.0,0.0,5.0,23.1,0.0
106.0,3128.0,2.0,1.0,0.0,20.0,0.0,13.0,8.59,1.0
107.0,3128.0,2.0,1.0,0.0,0.0,0.0,5.0,21.0,0.0
109.0,3128.0,2.0,1.0,0.0,0.0,0.0,5.0,33.38,0.0
135.0,3128.0,2.0,1.0,0.0,0.0,0.0,5.0,14.98,0.0
137.0,3128.0,2.0,1.0,0.0,0.0,0.0,5.0,2.99,0.0
137.0,3128.0,2.0,1.0,0.0,22.0,0.0,12.0,319.23,1.0
138.0,3128.0,2.0,1.0,0.0,0.0,0.0,5.0,24.05,0.0
139.0,3128.0,2.0,1.0,0.0,15.0,0.0,13.0,44.61,0.0
113.0,3129.0,3.0,1.0,0.0,0.0,0.0,5.0,10.33,0.0
114.0,3129.0,3.0,1.0,0.0,0.0,0.0,5.0,4.43,0.0
115.0,3129.0,3.0,1.0,0.0,6.0,0.0,6.0,30.47,1.0
115.0,3129.0,3.0,1.0,0.0,0.0,0.0,5.0,19.74,0.0
116.0,3129.0,3.0,1.0,0.0,0.0,0.0,5.0,74.95,0.0
5.0,3130.0,1.0,1.0,0.0,25.0,0.0,15.0,104.7,0.0
34.0,3130.0,1.0,1.0,0.0,3.0,0.0,7.0,293.37,1.0
44.0,3130.0,1.0,1.0,0.0,6.0,0.0,6.0,178.36,0.0
60.0,3130.0,1.0,1.0,0.0,22.0,0.0,12.0,92.47,1.0
79.0,3130.0,1.0,1.0,0.0,6.0,0.0,6.0,78.76,0.0
76.0,3130.0,1.0,1.0,0.0,6.0,0.0,6.0,153.85,1.0
79.0,3130.0,1.0,1.0,0.0,2.0,0.0,6.0,4.75,0.0
80.0,3130.0,1.0,1.0,0.0,12.0,0.0,13.0,71.41,0.0
83.0,3130.0,1.0,1.0,0.0,22.0,0.0,12.0,90.39,1.0
92.0,3130.0,1.0,1.0,0.0,3.0,0.0,7.0,60.9,0.0
92.0,3130.0,1.0,1.0,0.0,16.0,0.0,16.0,254.95,1.0
114.0,3130.0,1.0,1.0,0.0,6.0,0.0,6.0,127.31,0.0
114.0,3130.0,1.0,1.0,0.0,4.0,0.0,6.0,174.34,0.0
117.0,3130.0,1.0,1.0,0.0,1.0,0.0,5.0,44.83,0.0
118.0,3130.0,1.0,1.0,0.0,1.0,0.0,5.0,0.33,0.0
118.0,3130.0,1.0,1.0,0.0,11.0,0.0,12.0,282.35,1.0
119.0,3130.0,1.0,1.0,0.0,1.0,0.0,5.0,37.09,0.0
119.0,3130.0,1.0,1.0,0.0,22.0,0.0,12.0,341.5,1.0
120.0,3130.0,1.0,1.0,0.0,1.0,0.0,5.0,44.56,0.0
129.0,3130.0,1.0,1.0,0.0,1.0,0.0,5.0,20.94,0.0
130.0,3130.0,1.0,1.0,0.0,5.0,0.0,8.0,9.43,0.0
130.0,3130.0,1.0,1.0,0.0,11.0,0.0,12.0,385.06,1.0
131.0,3130.0,1.0,1.0,0.0,1.0,0.0,5.0,23.25,0.0
132.0,3130.0,1.0,1.0,0.0,1.0,0.0,5.0,17.65,0.0
5.0,3131.0,1.0,1.0,0.0,13.0,0.0,14.0,86.81,1.0
28.0,3131.0,1.0,1.0,0.0,4.0,0.0,6.0,131.16,0.0
29.0,3131.0,1.0,1.0,0.0,6.0,0.0,6.0,131.12,1.0
29.0,3131.0,1.0,1.0,0.0,5.0,0.0,8.0,11.38,0.0
30.0,3131.0,1.0,1.0,0.0,1.0,0.0,5.0,28.79,0.0
43.0,3131.0,1.0,1.0,0.0,1.0,0.0,5.0,22.83,0.0
44.0,3131.0,1.0,1.0,0.0,1.0,0.0,5.0,29.87,0.0
45.0,3131.0,1.0,1.0,0.0,12.0,0.0,13.0,349.47,1.0
45.0,3131.0,1.0,1.0,0.0,1.0,0.0,5.0,41.22,0.0
46.0,3131.0,1.0,1.0,0.0,1.0,0.0,5.0,57.85,0.0
54.0,3131.0,1.0,1.0,0.0,1.0,0.0,5.0,4.62,0.0
55.0,3131.0,1.0,1.0,0.0,1.0,0.0,5.0,35.94,0.0
56.0,3131.0,1.0,1.0,0.0,38.0,0.0,19.0,310.06,1.0
56.0,3131.0,1.0,1.0,0.0,1.0,0.0,5.0,27.28,0.0
57.0,3131.0,1.0,1.0,0.0,1.0,0.0,5.0,23.95,0.0
68.0,3131.0,1.0,1.0,0.0,1.0,0.0,5.0,7.75,0.0
69.0,3131.0,1.0,1.0,0.0,1.0,0.0,5.0,14.84,0.0
69.0,3131.0,1.0,1.0,0.0,13.0,0.0,14.0,255.82,1.0
70.0,3131.0,1.0,1.0,0.0,1.0,0.0,5.0,23.55,0.0
71.0,3131.0,1.0,1.0,0.0,1.0,0.0,5.0,72.65,0.0
80.0,3136.0,0.0,0.0,0.0,0.0,0.0,5.0,11.67,0.0
81.0,3136.0,0.0,0.0,0.0,0.0,0.0,5.0,3.28,0.0
82.0,3136.0,0.0,0.0,0.0,38.0,0.0,19.0,103.58,1.0
82.0,3136.0,0.0,0.0,0.0,0.0,0.0,5.0,30.79,0.0
83.0,3136.0,0.0,0.0,0.0,0.0,0.0,5.0,13.84,0.0
96.0,3136.0,0.0,0.0,0.0,6.0,0.0,6.0,0.25,0.0
96.0,3136.0,0.0,0.0,0.0,7.0,0.0,6.0,12.93,0.0
108.0,3136.0,0.0,0.0,0.0,3.0,0.0,7.0,35.41,1.0
113.0,3136.0,0.0,0.0,0.0,8.0,0.0,9.0,83.64,0.0
115.0,3136.0,0.0,0.0,0.0,30.0,0.0,16.0,28.33,0.0
133.0,3136.0,0.0,0.0,0.0,0.0,0.0,5.0,13.18,0.0
134.0,3136.0,0.0,0.0,0.0,0.0,0.0,5.0,33.3,0.0
135.0,3136.0,0.0,0.0,0.0,20.0,0.0,13.0,91.31,1.0
135.0,3136.0,0.0,0.0,0.0,0.0,0.0,5.0,30.83,0.0
136.0,3136.0,0.0,0.0,0.0,0.0,0.0,5.0,40.91,0.0
131.0,3137.0,2.0,0.0,0.0,12.0,0.0,13.0,141.14,0.0
131.0,3137.0,2.0,0.0,0.0,20.0,0.0,13.0,58.46,0.0
136.0,3137.0,2.0,0.0,0.0,9.0,0.0,10.0,37.34,1.0
136.0,3137.0,2.0,0.0,0.0,6.0,0.0,6.0,184.93,0.0
136.0,3137.0,2.0,0.0,0.0,7.0,0.0,6.0,159.58,0.0
5.0,3139.0,2.0,0.0,0.0,6.0,0.0,6.0,50.78,0.0
6.0,3139.0,2.0,0.0,0.0,30.0,0.0,16.0,154.45,1.0
7.0,3139.0,2.0,0.0,0.0,17.0,0.0,9.0,208.93,0.0
27.0,3139.0,2.0,0.0,0.0,13.0,0.0,14.0,32.76,0.0
46.0,3139.0,2.0,0.0,0.0,1.0,0.0,5.0,50.32,0.0
47.0,3139.0,2.0,0.0,0.0,1.0,0.0,5.0,35.43,0.0
47.0,3139.0,2.0,0.0,0.0,22.0,0.0,12.0,467.51,1.0
48.0,3139.0,2.0,0.0,0.0,1.0,0.0,5.0,26.01,0.0
49.0,3139.0,2.0,0.0,0.0,1.0,0.0,5.0,28.72,0.0
60.0,3139.0,2.0,0.0,0.0,1.0,0.0,5.0,40.42,0.0
61.0,3139.0,2.0,0.0,0.0,1.0,0.0,5.0,41.13,0.0
62.0,3139.0,2.0,0.0,0.0,11.0,0.0,12.0,503.06,1.0
62.0,3139.0,2.0,0.0,0.0,1.0,0.0,5.0,32.87,0.0
63.0,3139.0,2.0,0.0,0.0,1.0,0.0,5.0,12.9,0.0
83.0,3139.0,2.0,0.0,0.0,1.0,0.0,5.0,46.09,0.0
84.0,3139.0,2.0,0.0,0.0,1.0,0.0,5.0,50.64,0.0
85.0,3139.0,2.0,0.0,0.0,6.0,0.0,6.0,428.14,1.0
85.0,3139.0,2.0,0.0,0.0,1.0,0.0,5.0,21.0,0.0
86.0,3139.0,2.0,0.0,0.0,1.0,0.0,5.0,45.85,0.0
178.0,3139.0,2.0,0.0,0.0,0.0,0.0,5.0,69.03,0.0
179.0,3139.0,2.0,0.0,0.0,0.0,0.0,5.0,29.2,0.0
179.0,3139.0,2.0,0.0,0.0,18.0,0.0,9.0,132.99,1.0
5.0,3143.0,4.0,0.0,0.0,22.0,0.0,12.0,47.01,0.0
26.0,3143.0,4.0,0.0,0.0,7.0,0.0,6.0,190.51,0.0
36.0,3143.0,4.0,0.0,0.0,3.0,0.0,7.0,340.15,1.0
37.0,3143.0,4.0,0.0,0.0,20.0,0.0,13.0,74.54,0.0
41.0,3143.0,4.0,0.0,0.0,6.0,0.0,6.0,26.91,0.0
48.0,3143.0,4.0,0.0,0.0,27.0,0.0,12.0,703.85,1.0
51.0,3143.0,4.0,0.0,0.0,38.0,0.0,19.0,87.35,1.0
67.0,3143.0,4.0,0.0,0.0,25.0,0.0,15.0,5.68,0.0
61.0,3143.0,4.0,0.0,0.0,11.0,0.0,12.0,470.22,1.0
98.0,3143.0,4.0,0.0,0.0,12.0,0.0,13.0,14.3,0.0
133.0,3143.0,4.0,0.0,0.0,6.0,0.0,6.0,24.29,0.0
133.0,3143.0,4.0,0.0,0.0,2.0,0.0,6.0,165.48,0.0
141.0,3143.0,4.0,0.0,0.0,11.0,0.0,12.0,163.24,1.0
144.0,3143.0,4.0,0.0,0.0,13.0,0.0,14.0,80.61,0.0
145.0,3143.0,4.0,0.0,0.0,5.0,0.0,8.0,2.97,0.0
149.0,3143.0,4.0,0.0,0.0,1.0,0.0,5.0,16.67,0.0
152.0,3143.0,4.0,0.0,0.0,1.0,0.0,5.0,69.27,0.0
153.0,3143.0,4.0,0.0,0.0,26.0,0.0,12.0,68.86,1.0
153.0,3143.0,4.0,0.0,0.0,1.0,0.0,5.0,34.33,0.0
154.0,3143.0,4.0,0.0,0.0,1.0,0.0,5.0,8.41,0.0
5.0,3145.0,3.0,1.0,0.0,12.0,0.0,13.0,576.88,1.0
12.0,3145.0,3.0,1.0,0.0,25.0,0.0,15.0,124.07,0.0
11.0,3145.0,3.0,1.0,0.0,9.0,0.0,10.0,44.15,1.0
20.0,3145.0,3.0,1.0,0.0,12.0,0.0,13.0,154.98,0.0
21.0,3145.0,3.0,1.0,0.0,6.0,0.0,6.0,97.09,1.0
31.0,3145.0,3.0,1.0,0.0,13.0,0.0,14.0,25.19,0.0
32.0,3145.0,3.0,1.0,0.0,0.0,0.0,5.0,12.24,0.0
59.0,3145.0,3.0,1.0,0.0,0.0,0.0,5.0,38.33,0.0
60.0,3145.0,3.0,1.0,0.0,0.0,0.0,5.0,45.25,0.0
61.0,3145.0,3.0,1.0,0.0,22.0,0.0,12.0,280.83,1.0
61.0,3145.0,3.0,1.0,0.0,9.0,0.0,10.0,51.0,0.0
63.0,3145.0,3.0,1.0,0.0,0.0,0.0,5.0,31.48,0.0
65.0,3145.0,3.0,1.0,0.0,0.0,0.0,5.0,44.37,0.0
66.0,3145.0,3.0,1.0,0.0,0.0,0.0,5.0,18.44,0.0
68.0,3145.0,3.0,1.0,0.0,35.0,0.0,18.0,200.07,1.0
68.0,3145.0,3.0,1.0,0.0,0.0,0.0,5.0,29.96,0.0
69.0,3145.0,3.0,1.0,0.0,0.0,0.0,5.0,39.44,0.0
5.0,3146.0,1.0,0.0,0.0,22.0,0.0,12.0,32.12,1.0
6.0,3146.0,1.0,0.0,0.0,6.0,0.0,6.0,418.09,1.0
7.0,3146.0,1.0,0.0,0.0,35.0,0.0,18.0,3922.14,1.0
8.0,3146.0,1.0,0.0,0.0,12.0,0.0,13.0,74.62,0.0
7.0,3146.0,1.0,0.0,0.0,35.0,0.0,18.0,3194.56,1.0
10.0,3146.0,1.0,0.0,0.0,20.0,0.0,13.0,458.52,1.0
38.0,3146.0,1.0,0.0,0.0,6.0,0.0,6.0,100.39,0.0
16.0,3146.0,1.0,0.0,0.0,22.0,0.0,12.0,590.37,1.0
52.0,3146.0,1.0,0.0,0.0,22.0,0.0,12.0,292.81,1.0
57.0,3146.0,1.0,0.0,0.0,6.0,0.0,6.0,102.91,0.0
55.0,3146.0,1.0,0.0,0.0,6.0,0.0,6.0,151.0,1.0
57.0,3146.0,1.0,0.0,0.0,2.0,0.0,6.0,85.76,0.0
86.0,3146.0,1.0,0.0,0.0,7.0,0.0,6.0,99.64,0.0
86.0,3146.0,1.0,0.0,0.0,2.0,0.0,6.0,7.06,0.0
92.0,3146.0,1.0,0.0,0.0,16.0,0.0,16.0,290.6,1.0
118.0,3146.0,1.0,0.0,0.0,6.0,0.0,6.0,44.77,0.0
118.0,3146.0,1.0,0.0,0.0,7.0,0.0,6.0,151.03,0.0
137.0,3146.0,1.0,0.0,0.0,7.0,0.0,6.0,105.23,0.0
137.0,3146.0,1.0,0.0,0.0,2.0,0.0,6.0,149.1,0.0
142.0,3146.0,1.0,0.0,0.0,6.0,0.0,6.0,321.77,1.0
151.0,3146.0,1.0,0.0,0.0,25.0,0.0,15.0,13.33,0.0
164.0,3146.0,1.0,0.0,0.0,6.0,0.0,6.0,45.83,0.0
5.0,3149.0,2.0,0.0,0.0,22.0,0.0,12.0,201.7,1.0
10.0,3149.0,2.0,0.0,0.0,9.0,0.0,10.0,10.07,0.0
9.0,3149.0,2.0,0.0,0.0,6.0,0.0,6.0,139.04,1.0
11.0,3149.0,2.0,0.0,0.0,0.0,0.0,5.0,3.44,0.0
61.0,3149.0,2.0,0.0,0.0,1.0,0.0,5.0,0.24,0.0
62.0,3149.0,2.0,0.0,0.0,5.0,0.0,8.0,62.38,0.0
62.0,3149.0,2.0,0.0,0.0,27.0,0.0,12.0,46.71,1.0
63.0,3149.0,2.0,0.0,0.0,1.0,0.0,5.0,21.97,0.0
64.0,3149.0,2.0,0.0,0.0,1.0,0.0,5.0,39.46,0.0
82.0,3149.0,2.0,0.0,0.0,1.0,0.0,5.0,16.14,0.0
83.0,3149.0,2.0,0.0,0.0,1.0,0.0,5.0,5.5,0.0
83.0,3149.0,2.0,0.0,0.0,38.0,0.0,19.0,291.62,1.0
84.0,3149.0,2.0,0.0,0.0,28.0,0.0,13.0,12.18,0.0
85.0,3149.0,2.0,0.0,0.0,0.0,0.0,5.0,27.12,0.0
139.0,3149.0,2.0,0.0,0.0,1.0,0.0,5.0,38.58,0.0
140.0,3149.0,2.0,0.0,0.0,1.0,0.0,5.0,45.43,0.0
140.0,3149.0,2.0,0.0,0.0,35.0,0.0,18.0,3803.33,1.0
141.0,3149.0,2.0,0.0,0.0,5.0,0.0,8.0,0.95,0.0
142.0,3149.0,2.0,0.0,0.0,1.0,0.0,5.0,26.13,0.0
125.0,3151.0,5.0,1.0,0.0,16.0,0.0,16.0,302.95,0.0
129.0,3151.0,5.0,1.0,0.0,3.0,0.0,7.0,126.62,0.0
138.0,3151.0,5.0,1.0,0.0,18.0,0.0,9.0,326.54,1.0
141.0,3151.0,5.0,1.0,0.0,35.0,0.0,18.0,3796.16,1.0
152.0,3151.0,5.0,1.0,0.0,20.0,0.0,13.0,44.06,1.0
5.0,3154.0,1.0,0.0,0.0,22.0,0.0,12.0,163.6,0.0
15.0,3154.0,1.0,0.0,0.0,20.0,0.0,13.0,67.42,0.0
17.0,3154.0,1.0,0.0,0.0,30.0,0.0,16.0,774.13,1.0
31.0,3154.0,1.0,0.0,0.0,0.0,0.0,5.0,35.33,0.0
32.0,3154.0,1.0,0.0,0.0,0.0,0.0,5.0,25.4,0.0
149.0,3155.0,2.0,1.0,0.0,1.0,0.0,5.0,21.65,0.0
150.0,3155.0,2.0,1.0,0.0,1.0,0.0,5.0,14.43,0.0
151.0,3155.0,2.0,1.0,0.0,19.0,0.0,9.0,191.85,1.0
151.0,3155.0,2.0,1.0,0.0,1.0,0.0,5.0,10.51,0.0
152.0,3155.0,2.0,1.0,0.0,28.0,0.0,13.0,92.47,0.0
170.0,3155.0,2.0,1.0,0.0,5.0,0.0,8.0,22.94,0.0
172.0,3155.0,2.0,1.0,0.0,1.0,0.0,5.0,35.46,0.0
174.0,3155.0,2.0,1.0,0.0,22.0,0.0,12.0,147.57,1.0
174.0,3155.0,2.0,1.0,0.0,1.0,0.0,5.0,29.37,0.0
175.0,3155.0,2.0,1.0,0.0,1.0,0.0,5.0,3.41,0.0
6.0,3156.0,1.0,1.0,0.0,6.0,0.0,6.0,28.04,0.0
28.0,3156.0,1.0,1.0,0.0,13.0,0.0,14.0,90.33,1.0
46.0,3156.0,1.0,1.0,0.0,6.0,0.0,6.0,47.78,0.0
46.0,3156.0,1.0,1.0,0.0,2.0,0.0,6.0,171.51,0.0
163.0,3156.0,1.0,1.0,0.0,0.0,0.0,5.0,2.68,0.0
164.0,3156.0,1.0,1.0,0.0,0.0,0.0,5.0,28.95,0.0
165.0,3156.0,1.0,1.0,0.0,11.0,0.0,12.0,161.25,1.0
165.0,3156.0,1.0,1.0,0.0,0.0,0.0,5.0,46.97,0.0
166.0,3156.0,1.0,1.0,0.0,0.0,0.0,5.0,23.55,0.0
167.0,3156.0,1.0,1.0,0.0,0.0,0.0,5.0,41.27,0.0
168.0,3156.0,1.0,1.0,0.0,6.0,0.0,6.0,57.01,1.0
170.0,3156.0,1.0,1.0,0.0,0.0,0.0,5.0,53.06,0.0
173.0,3156.0,1.0,1.0,0.0,0.0,0.0,5.0,23.01,0.0
6.0,3159.0,2.0,1.0,0.0,25.0,0.0,15.0,60.99,0.0
9.0,3159.0,2.0,1.0,0.0,41.0,0.0,19.0,340.11,1.0
48.0,3159.0,2.0,1.0,0.0,6.0,0.0,6.0,10.21,0.0
15.0,3159.0,2.0,1.0,0.0,6.0,0.0,6.0,265.75,1.0
49.0,3159.0,2.0,1.0,0.0,12.0,0.0,13.0,8.94,0.0
150.0,3161.0,2.0,1.0,0.0,0.0,0.0,5.0,4.69,0.0
151.0,3161.0,2.0,1.0,0.0,0.0,0.0,5.0,38.27,0.0
152.0,3161.0,2.0,1.0,0.0,41.0,0.0,19.0,360.89,1.0
152.0,3161.0,2.0,1.0,0.0,0.0,0.0,5.0,25.64,0.0
153.0,3161.0,2.0,1.0,0.0,0.0,0.0,5.0,18.71,0.0
6.0,3167.0,4.0,1.0,0.0,13.0,0.0,14.0,10.77,1.0
10.0,3167.0,4.0,1.0,0.0,16.0,0.0,16.0,61.42,0.0
17.0,3167.0,4.0,1.0,0.0,6.0,0.0,6.0,476.43,1.0
17.0,3167.0,4.0,1.0,0.0,11.0,0.0,12.0,62.79,0.0
27.0,3167.0,4.0,1.0,0.0,12.0,0.0,13.0,68.44,0.0
6.0,3174.0,5.0,1.0,0.0,25.0,0.0,15.0,104.39,0.0
53.0,3174.0,5.0,1.0,0.0,12.0,0.0,13.0,27.26,0.0
66.0,3174.0,5.0,1.0,0.0,3.0,0.0,7.0,151.95,1.0
76.0,3174.0,5.0,1.0,0.0,12.0,0.0,13.0,119.81,0.0
76.0,3174.0,5.0,1.0,0.0,20.0,0.0,13.0,40.39,0.0
77.0,3174.0,5.0,1.0,0.0,41.0,0.0,19.0,235.61,1.0
80.0,3174.0,5.0,1.0,0.0,13.0,0.0,14.0,67.24,0.0
81.0,3174.0,5.0,1.0,0.0,0.0,0.0,5.0,34.67,0.0
105.0,3174.0,5.0,1.0,0.0,0.0,0.0,5.0,37.49,0.0
106.0,3174.0,5.0,1.0,0.0,0.0,0.0,5.0,54.48,0.0
106.0,3174.0,5.0,1.0,0.0,11.0,0.0,12.0,208.58,1.0
107.0,3174.0,5.0,1.0,0.0,0.0,0.0,5.0,53.86,0.0
108.0,3174.0,5.0,1.0,0.0,0.0,0.0,5.0,11.43,0.0
167.0,3174.0,5.0,1.0,0.0,0.0,0.0,5.0,11.22,0.0
168.0,3174.0,5.0,1.0,0.0,0.0,0.0,5.0,4.11,0.0
169.0,3174.0,5.0,1.0,0.0,22.0,0.0,12.0,325.59,1.0
169.0,3174.0,5.0,1.0,0.0,0.0,0.0,5.0,17.7,0.0
170.0,3174.0,5.0,1.0,0.0,0.0,0.0,5.0,16.8,0.0
6.0,3176.0,1.0,0.0,0.0,8.0,0.0,9.0,173.07,0.0
6.0,3176.0,1.0,0.0,0.0,45.0,0.0,18.0,4762.5,1.0
7.0,3176.0,1.0,0.0,0.0,25.0,0.0,15.0,44.89,0.0
8.0,3176.0,1.0,0.0,0.0,15.0,0.0,13.0,261.85,1.0
17.0,3176.0,1.0,0.0,0.0,6.0,0.0,6.0,20.08,0.0
41.0,3176.0,1.0,0.0,0.0,6.0,0.0,6.0,11.58,0.0
44.0,3176.0,1.0,0.0,0.0,6.0,0.0,6.0,5.06,0.0
44.0,3176.0,1.0,0.0,0.0,7.0,0.0,6.0,57.69,0.0
55.0,3176.0,1.0,0.0,0.0,22.0,0.0,12.0,58.12,1.0
77.0,3176.0,1.0,0.0,0.0,38.0,0.0,19.0,267.97,1.0
78.0,3176.0,1.0,0.0,0.0,22.0,0.0,12.0,265.52,1.0
81.0,3176.0,1.0,0.0,0.0,9.0,0.0,10.0,28.67,0.0
79.0,3176.0,1.0,0.0,0.0,6.0,0.0,6.0,755.54,1.0
82.0,3176.0,1.0,0.0,0.0,0.0,0.0,5.0,5.1,0.0
84.0,3176.0,1.0,0.0,0.0,0.0,0.0,5.0,66.68,0.0
85.0,3176.0,1.0,0.0,0.0,0.0,0.0,5.0,9.65,0.0
85.0,3176.0,1.0,0.0,0.0,6.0,0.0,6.0,632.89,1.0
86.0,3176.0,1.0,0.0,0.0,0.0,0.0,5.0,29.41,0.0
87.0,3176.0,1.0,0.0,0.0,0.0,0.0,5.0,59.36,0.0
104.0,3176.0,1.0,0.0,0.0,0.0,0.0,5.0,16.54,0.0
105.0,3176.0,1.0,0.0,0.0,0.0,0.0,5.0,28.95,0.0
105.0,3176.0,1.0,0.0,0.0,6.0,0.0,6.0,92.43,1.0
106.0,3176.0,1.0,0.0,0.0,0.0,0.0,5.0,0.05,0.0
107.0,3176.0,1.0,0.0,0.0,0.0,0.0,5.0,6.04,0.0
138.0,3176.0,1.0,0.0,0.0,0.0,0.0,5.0,43.31,0.0
139.0,3176.0,1.0,0.0,0.0,0.0,0.0,5.0,35.86,0.0
140.0,3176.0,1.0,0.0,0.0,10.0,0.0,11.0,336.3,1.0
140.0,3176.0,1.0,0.0,0.0,0.0,0.0,5.0,31.43,0.0
143.0,3176.0,1.0,0.0,0.0,0.0,0.0,5.0,11.09,0.0
90.0,3179.0,5.0,0.0,0.0,0.0,0.0,5.0,6.61,0.0
91.0,3179.0,5.0,0.0,0.0,0.0,0.0,5.0,58.76,0.0
92.0,3179.0,5.0,0.0,0.0,22.0,0.0,12.0,99.68,1.0
92.0,3179.0,5.0,0.0,0.0,0.0,0.0,5.0,34.94,0.0
93.0,3179.0,5.0,0.0,0.0,13.0,0.0,14.0,57.12,0.0
6.0,3181.0,0.0,1.0,0.0,20.0,0.0,13.0,139.9,0.0
14.0,3181.0,0.0,1.0,0.0,20.0,0.0,13.0,168.24,1.0
26.0,3181.0,0.0,1.0,0.0,20.0,0.0,13.0,27.17,0.0
26.0,3181.0,0.0,1.0,0.0,15.0,0.0,13.0,53.01,0.0
45.0,3181.0,0.0,1.0,0.0,1.0,0.0,5.0,25.66,0.0
46.0,3181.0,0.0,1.0,0.0,1.0,0.0,5.0,45.94,0.0
47.0,3181.0,0.0,1.0,0.0,17.0,0.0,9.0,389.05,1.0
47.0,3181.0,0.0,1.0,0.0,1.0,0.0,5.0,20.61,0.0
48.0,3181.0,0.0,1.0,0.0,1.0,0.0,5.0,27.91,0.0
65.0,3181.0,0.0,1.0,0.0,1.0,0.0,5.0,36.86,0.0
66.0,3181.0,0.0,1.0,0.0,1.0,0.0,5.0,11.51,0.0
67.0,3181.0,0.0,1.0,0.0,22.0,0.0,12.0,537.44,1.0
67.0,3181.0,0.0,1.0,0.0,1.0,0.0,5.0,22.18,0.0
68.0,3181.0,0.0,1.0,0.0,1.0,0.0,5.0,12.66,0.0
73.0,3181.0,0.0,1.0,0.0,1.0,0.0,5.0,4.03,0.0
74.0,3181.0,0.0,1.0,0.0,1.0,0.0,5.0,3.96,0.0
74.0,3181.0,0.0,1.0,0.0,22.0,0.0,12.0,233.25,1.0
75.0,3181.0,0.0,1.0,0.0,1.0,0.0,5.0,43.54,0.0
76.0,3181.0,0.0,1.0,0.0,1.0,0.0,5.0,10.38,0.0
103.0,3181.0,0.0,1.0,0.0,1.0,0.0,5.0,34.13,0.0
104.0,3181.0,0.0,1.0,0.0,1.0,0.0,5.0,52.5,0.0
104.0,3181.0,0.0,1.0,0.0,6.0,0.0,6.0,101.23,1.0
105.0,3181.0,0.0,1.0,0.0,1.0,0.0,5.0,10.6,0.0
106.0,3181.0,0.0,1.0,0.0,1.0,0.0,5.0,8.27,0.0
124.0,3181.0,0.0,1.0,0.0,5.0,0.0,8.0,49.56,0.0
125.0,3181.0,0.0,1.0,0.0,1.0,0.0,5.0,26.36,0.0
125.0,3181.0,0.0,1.0,0.0,22.0,0.0,12.0,39.71,1.0
126.0,3181.0,0.0,1.0,0.0,1.0,0.0,5.0,36.9,0.0
127.0,3181.0,0.0,1.0,0.0,1.0,0.0,5.0,14.73,0.0
130.0,3181.0,0.0,1.0,0.0,1.0,0.0,5.0,63.21,0.0
131.0,3181.0,0.0,1.0,0.0,1.0,0.0,5.0,17.71,0.0
131.0,3181.0,0.0,1.0,0.0,22.0,0.0,12.0,709.73,1.0
132.0,3181.0,0.0,1.0,0.0,1.0,0.0,5.0,38.22,0.0
133.0,3181.0,0.0,1.0,0.0,1.0,0.0,5.0,46.29,0.0
134.0,3181.0,0.0,1.0,0.0,6.0,0.0,6.0,176.71,1.0
134.0,3181.0,0.0,1.0,0.0,5.0,0.0,8.0,42.6,0.0
135.0,3181.0,0.0,1.0,0.0,1.0,0.0,5.0,21.5,0.0
6.0,3183.0,1.0,0.0,0.0,39.0,0.0,18.0,1295.3,0.0
20.0,3183.0,1.0,0.0,0.0,11.0,0.0,12.0,6.68,1.0
21.0,3183.0,1.0,0.0,0.0,12.0,0.0,13.0,27.59,0.0
23.0,3183.0,1.0,0.0,0.0,6.0,0.0,6.0,809.9,1.0
32.0,3183.0,1.0,0.0,0.0,12.0,0.0,13.0,133.9,0.0
32.0,3183.0,1.0,0.0,0.0,20.0,0.0,13.0,74.31,0.0
38.0,3183.0,1.0,0.0,0.0,9.0,0.0,10.0,126.2,0.0
39.0,3183.0,1.0,0.0,0.0,0.0,0.0,5.0,4.59,0.0
40.0,3183.0,1.0,0.0,0.0,19.0,0.0,9.0,21.42,1.0
40.0,3183.0,1.0,0.0,0.0,0.0,0.0,5.0,5.03,0.0
41.0,3183.0,1.0,0.0,0.0,0.0,0.0,5.0,27.36,0.0
57.0,3185.0,1.0,1.0,0.0,9.0,0.0,10.0,41.95,0.0
58.0,3185.0,1.0,1.0,0.0,7.0,0.0,6.0,128.93,0.0
61.0,3185.0,1.0,1.0,0.0,22.0,0.0,12.0,134.77,1.0
86.0,3185.0,1.0,1.0,0.0,7.0,0.0,6.0,44.42,0.0
86.0,3185.0,1.0,1.0,0.0,2.0,0.0,6.0,62.76,0.0
102.0,3185.0,1.0,1.0,0.0,25.0,0.0,15.0,87.93,0.0
102.0,3185.0,1.0,1.0,0.0,16.0,0.0,16.0,672.29,1.0
147.0,3185.0,1.0,1.0,0.0,6.0,0.0,6.0,130.81,0.0
144.0,3185.0,1.0,1.0,0.0,22.0,0.0,12.0,368.27,1.0
155.0,3185.0,1.0,1.0,0.0,26.0,0.0,12.0,171.01,1.0
172.0,3185.0,1.0,1.0,0.0,25.0,0.0,15.0,54.14,0.0
175.0,3185.0,1.0,1.0,0.0,6.0,0.0,6.0,187.95,1.0
163.0,3189.0,2.0,0.0,0.0,1.0,0.0,5.0,49.34,0.0
164.0,3189.0,2.0,0.0,0.0,1.0,0.0,5.0,46.48,0.0
167.0,3189.0,2.0,0.0,0.0,20.0,0.0,13.0,67.35,1.0
167.0,3189.0,2.0,0.0,0.0,1.0,0.0,5.0,27.17,0.0
168.0,3189.0,2.0,0.0,0.0,1.0,0.0,5.0,28.13,0.0
131.0,3191.0,1.0,0.0,0.0,0.0,0.0,5.0,15.09,0.0
132.0,3191.0,1.0,0.0,0.0,0.0,0.0,5.0,9.14,0.0
132.0,3191.0,1.0,0.0,0.0,35.0,0.0,18.0,4711.7,1.0
133.0,3191.0,1.0,0.0,0.0,0.0,0.0,5.0,18.64,0.0
134.0,3191.0,1.0,0.0,0.0,0.0,0.0,5.0,9.43,0.0
125.0,3192.0,5.0,1.0,0.0,5.0,0.0,8.0,22.55,0.0
126.0,3192.0,5.0,1.0,0.0,13.0,0.0,14.0,3.16,0.0
127.0,3192.0,5.0,1.0,0.0,6.0,0.0,6.0,218.41,1.0
127.0,3192.0,5.0,1.0,0.0,0.0,0.0,5.0,29.94,0.0
128.0,3192.0,5.0,1.0,0.0,0.0,0.0,5.0,6.03,0.0
145.0,3192.0,5.0,1.0,0.0,0.0,0.0,5.0,7.01,0.0
146.0,3192.0,5.0,1.0,0.0,0.0,0.0,5.0,35.05,0.0
147.0,3192.0,5.0,1.0,0.0,6.0,0.0,6.0,157.24,1.0
147.0,3192.0,5.0,1.0,0.0,0.0,0.0,5.0,42.43,0.0
148.0,3192.0,5.0,1.0,0.0,0.0,0.0,5.0,51.0,0.0
154.0,3192.0,5.0,1.0,0.0,0.0,0.0,5.0,42.61,0.0
155.0,3192.0,5.0,1.0,0.0,0.0,0.0,5.0,3.89,0.0
156.0,3192.0,5.0,1.0,0.0,20.0,0.0,13.0,97.15,1.0
156.0,3192.0,5.0,1.0,0.0,0.0,0.0,5.0,2.86,0.0
157.0,3192.0,5.0,1.0,0.0,0.0,0.0,5.0,1.79,0.0
176.0,3192.0,5.0,1.0,0.0,0.0,0.0,5.0,18.63,0.0
177.0,3192.0,5.0,1.0,0.0,0.0,0.0,5.0,5.58,0.0
177.0,3192.0,5.0,1.0,0.0,26.0,0.0,12.0,601.55,1.0
178.0,3192.0,5.0,1.0,0.0,0.0,0.0,5.0,10.26,0.0
151.0,3195.0,2.0,0.0,0.0,1.0,0.0,5.0,26.85,0.0
152.0,3195.0,2.0,0.0,0.0,1.0,0.0,5.0,20.85,0.0
153.0,3195.0,2.0,0.0,0.0,20.0,0.0,13.0,335.07,1.0
153.0,3195.0,2.0,0.0,0.0,1.0,0.0,5.0,56.6,0.0
154.0,3195.0,2.0,0.0,0.0,28.0,0.0,13.0,26.52,0.0
68.0,3199.0,2.0,1.0,0.0,25.0,0.0,15.0,114.86,0.0
92.0,3199.0,2.0,1.0,0.0,11.0,0.0,12.0,106.96,0.0
103.0,3199.0,2.0,1.0,0.0,13.0,0.0,14.0,201.26,1.0
106.0,3199.0,2.0,1.0,0.0,6.0,0.0,6.0,181.8,0.0
106.0,3199.0,2.0,1.0,0.0,2.0,0.0,6.0,39.58,0.0
119.0,3199.0,2.0,1.0,0.0,25.0,0.0,15.0,84.03,0.0
125.0,3199.0,2.0,1.0,0.0,15.0,0.0,13.0,118.07,1.0
158.0,3199.0,2.0,1.0,0.0,6.0,0.0,6.0,69.35,0.0
158.0,3199.0,2.0,1.0,0.0,2.0,0.0,6.0,30.25,0.0
6.0,3202.0,1.0,1.0,0.0,13.0,0.0,14.0,42.08,1.0
7.0,3202.0,1.0,1.0,0.0,22.0,0.0,12.0,78.07,1.0
8.0,3202.0,1.0,1.0,0.0,6.0,0.0,6.0,533.84,1.0
27.0,3202.0,1.0,1.0,0.0,25.0,0.0,15.0,97.69,0.0
8.0,3202.0,1.0,1.0,0.0,6.0,0.0,6.0,118.84,1.0
55.0,3202.0,1.0,1.0,0.0,22.0,0.0,12.0,432.62,1.0
87.0,3202.0,1.0,1.0,0.0,6.0,0.0,6.0,101.16,0.0
61.0,3202.0,1.0,1.0,0.0,6.0,0.0,6.0,160.8,1.0
90.0,3202.0,1.0,1.0,0.0,12.0,0.0,13.0,56.29,0.0
94.0,3202.0,1.0,1.0,0.0,35.0,0.0,18.0,245.32,1.0
100.0,3202.0,1.0,1.0,0.0,3.0,0.0,7.0,79.64,0.0
100.0,3202.0,1.0,1.0,0.0,27.0,0.0,12.0,543.26,1.0
101.0,3202.0,1.0,1.0,0.0,3.0,0.0,7.0,94.57,0.0
102.0,3202.0,1.0,1.0,0.0,22.0,0.0,12.0,1.03,1.0
120.0,3202.0,1.0,1.0,0.0,3.0,0.0,7.0,28.51,0.0
110.0,3202.0,1.0,1.0,0.0,13.0,0.0,14.0,205.23,1.0
123.0,3202.0,1.0,1.0,0.0,12.0,0.0,13.0,29.4,0.0
6.0,3204.0,4.0,1.0,0.0,10.0,0.0,11.0,64.27,1.0
12.0,3204.0,4.0,1.0,0.0,22.0,0.0,12.0,120.64,0.0
18.0,3204.0,4.0,1.0,0.0,7.0,0.0,6.0,112.67,0.0
92.0,3204.0,4.0,1.0,0.0,1.0,0.0,5.0,24.48,0.0
93.0,3204.0,4.0,1.0,0.0,1.0,0.0,5.0,40.78,0.0
93.0,3204.0,4.0,1.0,0.0,17.0,0.0,9.0,47.89,1.0
94.0,3204.0,4.0,1.0,0.0,1.0,0.0,5.0,15.07,0.0
95.0,3204.0,4.0,1.0,0.0,1.0,0.0,5.0,18.33,0.0
6.0,3205.0,1.0,0.0,0.0,15.0,0.0,13.0,61.61,1.0
16.0,3205.0,1.0,0.0,0.0,6.0,0.0,6.0,125.01,0.0
9.0,3205.0,1.0,0.0,0.0,3.0,0.0,7.0,270.6,1.0
17.0,3205.0,1.0,0.0,0.0,35.0,0.0,18.0,4729.74,1.0
17.0,3205.0,1.0,0.0,0.0,11.0,0.0,12.0,44.46,0.0
25.0,3205.0,1.0,0.0,0.0,12.0,0.0,13.0,30.54,0.0
97.0,3205.0,1.0,0.0,0.0,1.0,0.0,5.0,22.9,0.0
98.0,3205.0,1.0,0.0,0.0,1.0,0.0,5.0,51.24,0.0
98.0,3205.0,1.0,0.0,0.0,6.0,0.0,6.0,275.7,1.0
99.0,3205.0,1.0,0.0,0.0,1.0,0.0,5.0,17.33,0.0
100.0,3205.0,1.0,0.0,0.0,1.0,0.0,5.0,22.76,0.0
111.0,3205.0,1.0,0.0,0.0,1.0,0.0,5.0,27.78,0.0
112.0,3205.0,1.0,0.0,0.0,1.0,0.0,5.0,16.76,0.0
113.0,3205.0,1.0,0.0,0.0,10.0,0.0,11.0,538.5,1.0
114.0,3205.0,1.0,0.0,0.0,5.0,0.0,8.0,50.15,0.0
115.0,3205.0,1.0,0.0,0.0,1.0,0.0,5.0,13.22,0.0
49.0,3209.0,3.0,1.0,0.0,25.0,0.0,15.0,35.62,0.0
54.0,3209.0,3.0,1.0,0.0,6.0,0.0,6.0,41.45,0.0
72.0,3209.0,3.0,1.0,0.0,6.0,0.0,6.0,491.41,1.0
79.0,3209.0,3.0,1.0,0.0,16.0,0.0,16.0,210.67,0.0
82.0,3209.0,3.0,1.0,0.0,0.0,0.0,5.0,14.06,0.0
92.0,3209.0,3.0,1.0,0.0,0.0,0.0,5.0,20.0,0.0
93.0,3209.0,3.0,1.0,0.0,0.0,0.0,5.0,18.29,0.0
95.0,3209.0,3.0,1.0,0.0,6.0,0.0,6.0,362.98,1.0
95.0,3209.0,3.0,1.0,0.0,0.0,0.0,5.0,39.1,0.0
96.0,3209.0,3.0,1.0,0.0,0.0,0.0,5.0,39.2,0.0
129.0,3209.0,3.0,1.0,0.0,1.0,0.0,5.0,24.79,0.0
130.0,3209.0,3.0,1.0,0.0,1.0,0.0,5.0,33.24,0.0
131.0,3209.0,3.0,1.0,0.0,22.0,0.0,12.0,4.78,1.0
131.0,3209.0,3.0,1.0,0.0,1.0,0.0,5.0,69.16,0.0
132.0,3209.0,3.0,1.0,0.0,1.0,0.0,5.0,28.49,0.0
137.0,3209.0,3.0,1.0,0.0,1.0,0.0,5.0,23.94,0.0
138.0,3209.0,3.0,1.0,0.0,1.0,0.0,5.0,72.54,0.0
138.0,3209.0,3.0,1.0,0.0,18.0,0.0,9.0,760.26,1.0
139.0,3209.0,3.0,1.0,0.0,5.0,0.0,8.0,86.92,0.0
141.0,3209.0,3.0,1.0,0.0,1.0,0.0,5.0,14.76,0.0
6.0,3210.0,3.0,1.0,0.0,45.0,0.0,18.0,5070.57,1.0
12.0,3210.0,3.0,1.0,0.0,20.0,0.0,13.0,41.34,0.0
13.0,3210.0,3.0,1.0,0.0,6.0,0.0,6.0,134.43,0.0
50.0,3210.0,3.0,1.0,0.0,1.0,0.0,5.0,28.02,0.0
51.0,3210.0,3.0,1.0,0.0,5.0,0.0,8.0,20.23,0.0
51.0,3210.0,3.0,1.0,0.0,38.0,0.0,19.0,274.26,1.0
53.0,3210.0,3.0,1.0,0.0,1.0,0.0,5.0,1.57,0.0
53.0,3210.0,3.0,1.0,0.0,35.0,0.0,18.0,735.39,1.0
54.0,3210.0,3.0,1.0,0.0,1.0,0.0,5.0,16.37,0.0
54.0,3210.0,3.0,1.0,0.0,6.0,0.0,6.0,397.02,1.0
55.0,3210.0,3.0,1.0,0.0,1.0,0.0,5.0,38.16,0.0
133.0,3210.0,3.0,1.0,0.0,1.0,0.0,5.0,61.33,0.0
134.0,3210.0,3.0,1.0,0.0,1.0,0.0,5.0,6.27,0.0
134.0,3210.0,3.0,1.0,0.0,20.0,0.0,13.0,246.81,1.0
135.0,3210.0,3.0,1.0,0.0,5.0,0.0,8.0,10.5,0.0
136.0,3210.0,3.0,1.0,0.0,1.0,0.0,5.0,9.28,0.0
85.0,3211.0,1.0,0.0,0.0,0.0,0.0,5.0,36.3,0.0
86.0,3211.0,1.0,0.0,0.0,0.0,0.0,5.0,10.14,0.0
87.0,3211.0,1.0,0.0,0.0,22.0,0.0,12.0,287.98,1.0
87.0,3211.0,1.0,0.0,0.0,0.0,0.0,5.0,10.7,0.0
88.0,3211.0,1.0,0.0,0.0,13.0,0.0,14.0,75.18,0.0
6.0,3212.0,3.0,0.0,0.0,39.0,0.0,18.0,6142.59,1.0
38.0,3212.0,3.0,0.0,0.0,16.0,0.0,16.0,228.62,0.0
34.0,3212.0,3.0,0.0,0.0,22.0,0.0,12.0,587.38,1.0
40.0,3212.0,3.0,0.0,0.0,0.0,0.0,5.0,47.34,0.0
130.0,3214.0,4.0,0.0,0.0,35.0,0.0,18.0,1559.55,0.0
131.0,3214.0,4.0,0.0,0.0,25.0,0.0,15.0,168.34,0.0
147.0,3214.0,4.0,0.0,0.0,6.0,0.0,6.0,329.41,1.0
161.0,3214.0,4.0,0.0,0.0,25.0,0.0,15.0,40.88,0.0
166.0,3214.0,4.0,0.0,0.0,6.0,0.0,6.0,469.25,1.0
166.0,3214.0,4.0,0.0,0.0,6.0,0.0,6.0,228.98,0.0
175.0,3214.0,4.0,0.0,0.0,16.0,0.0,16.0,125.56,0.0
69.0,3218.0,1.0,1.0,0.0,0.0,0.0,5.0,29.34,0.0
70.0,3218.0,1.0,1.0,0.0,0.0,0.0,5.0,54.89,0.0
70.0,3218.0,1.0,1.0,0.0,6.0,0.0,6.0,752.4,1.0
71.0,3218.0,1.0,1.0,0.0,0.0,0.0,5.0,7.74,0.0
72.0,3218.0,1.0,1.0,0.0,0.0,0.0,5.0,1.34,0.0
47.0,3221.0,2.0,0.0,0.0,6.0,0.0,6.0,98.27,0.0
47.0,3221.0,2.0,0.0,0.0,2.0,0.0,6.0,385.66,0.0
48.0,3221.0,2.0,0.0,0.0,27.0,0.0,12.0,151.53,1.0
49.0,3221.0,2.0,0.0,0.0,18.0,0.0,9.0,162.41,1.0
49.0,3221.0,2.0,0.0,0.0,19.0,0.0,9.0,48.42,1.0
53.0,3221.0,2.0,0.0,0.0,6.0,0.0,6.0,307.24,1.0
58.0,3221.0,2.0,0.0,0.0,18.0,0.0,9.0,209.9,1.0
63.0,3221.0,2.0,0.0,0.0,22.0,0.0,12.0,52.62,0.0
60.0,3221.0,2.0,0.0,0.0,9.0,0.0,10.0,197.14,1.0
65.0,3221.0,2.0,0.0,0.0,22.0,0.0,12.0,122.44,1.0
67.0,3221.0,2.0,0.0,0.0,7.0,0.0,6.0,10.23,0.0
69.0,3221.0,2.0,0.0,0.0,38.0,0.0,19.0,325.21,1.0
72.0,3221.0,2.0,0.0,0.0,6.0,0.0,6.0,218.23,1.0
74.0,3221.0,2.0,0.0,0.0,38.0,0.0,19.0,313.07,1.0
86.0,3221.0,2.0,0.0,0.0,22.0,0.0,12.0,379.06,1.0
93.0,3221.0,2.0,0.0,0.0,6.0,0.0,6.0,543.95,1.0
97.0,3221.0,2.0,0.0,0.0,44.0,0.0,13.0,186.1,1.0
102.0,3221.0,2.0,0.0,0.0,7.0,0.0,6.0,98.23,0.0
100.0,3221.0,2.0,0.0,0.0,20.0,0.0,13.0,204.74,1.0
102.0,3221.0,2.0,0.0,0.0,2.0,0.0,6.0,113.46,0.0
105.0,3221.0,2.0,0.0,0.0,22.0,0.0,12.0,258.76,1.0
118.0,3221.0,2.0,0.0,0.0,6.0,0.0,6.0,168.51,0.0
118.0,3221.0,2.0,0.0,0.0,2.0,0.0,6.0,55.16,0.0
121.0,3221.0,2.0,0.0,0.0,25.0,0.0,15.0,5.39,0.0
121.0,3221.0,2.0,0.0,0.0,35.0,0.0,18.0,2433.43,1.0
129.0,3221.0,2.0,0.0,0.0,13.0,0.0,14.0,217.67,1.0
136.0,3221.0,2.0,0.0,0.0,6.0,0.0,6.0,791.26,1.0
140.0,3221.0,2.0,0.0,0.0,20.0,0.0,13.0,87.65,1.0
154.0,3221.0,2.0,0.0,0.0,25.0,0.0,15.0,51.92,0.0
148.0,3221.0,2.0,0.0,0.0,6.0,0.0,6.0,172.75,1.0
156.0,3221.0,2.0,0.0,0.0,25.0,0.0,15.0,132.28,0.0
173.0,3221.0,2.0,0.0,0.0,13.0,0.0,14.0,9.23,0.0
174.0,3221.0,2.0,0.0,0.0,0.0,0.0,5.0,47.5,0.0
174.0,3221.0,2.0,0.0,0.0,13.0,0.0,14.0,57.39,1.0
176.0,3221.0,2.0,0.0,0.0,0.0,0.0,5.0,18.53,0.0
177.0,3221.0,2.0,0.0,0.0,0.0,0.0,5.0,47.7,0.0
39.0,3223.0,0.0,1.0,0.0,12.0,0.0,13.0,79.52,0.0
39.0,3223.0,0.0,1.0,0.0,20.0,0.0,13.0,67.38,0.0
43.0,3223.0,0.0,1.0,0.0,38.0,0.0,19.0,351.29,1.0
61.0,3223.0,0.0,1.0,0.0,18.0,0.0,9.0,766.36,1.0
72.0,3223.0,0.0,1.0,0.0,12.0,0.0,13.0,41.85,0.0
67.0,3223.0,0.0,1.0,0.0,11.0,0.0,12.0,141.74,1.0
72.0,3223.0,0.0,1.0,0.0,20.0,0.0,13.0,62.41,0.0
86.0,3223.0,0.0,1.0,0.0,0.0,0.0,5.0,13.34,0.0
88.0,3223.0,0.0,1.0,0.0,0.0,0.0,5.0,32.67,0.0
89.0,3223.0,0.0,1.0,0.0,30.0,0.0,16.0,441.56,1.0
89.0,3223.0,0.0,1.0,0.0,0.0,0.0,5.0,39.04,0.0
90.0,3223.0,0.0,1.0,0.0,0.0,0.0,5.0,21.65,0.0
132.0,3223.0,0.0,1.0,0.0,0.0,0.0,5.0,17.19,0.0
133.0,3223.0,0.0,1.0,0.0,0.0,0.0,5.0,41.7,0.0
134.0,3223.0,0.0,1.0,0.0,35.0,0.0,18.0,2967.02,1.0
135.0,3223.0,0.0,1.0,0.0,0.0,0.0,5.0,26.11,0.0
136.0,3223.0,0.0,1.0,0.0,0.0,0.0,5.0,35.82,0.0
26.0,3226.0,0.0,0.0,0.0,0.0,0.0,5.0,27.37,0.0
27.0,3226.0,0.0,0.0,0.0,0.0,0.0,5.0,32.05,0.0
27.0,3226.0,0.0,0.0,0.0,6.0,0.0,6.0,478.96,1.0
28.0,3226.0,0.0,0.0,0.0,0.0,0.0,5.0,32.09,0.0
29.0,3226.0,0.0,0.0,0.0,0.0,0.0,5.0,33.04,0.0
23.0,3228.0,1.0,0.0,0.0,20.0,0.0,13.0,28.2,0.0
39.0,3228.0,1.0,0.0,0.0,22.0,0.0,12.0,86.13,0.0
55.0,3228.0,1.0,0.0,0.0,22.0,0.0,12.0,699.09,1.0
56.0,3228.0,1.0,0.0,0.0,7.0,0.0,6.0,4.86,0.0
62.0,3228.0,1.0,0.0,0.0,9.0,0.0,10.0,71.95,0.0
74.0,3228.0,1.0,0.0,0.0,0.0,0.0,5.0,31.54,0.0
75.0,3228.0,1.0,0.0,0.0,0.0,0.0,5.0,18.75,0.0
76.0,3228.0,1.0,0.0,0.0,17.0,0.0,9.0,214.49,1.0
77.0,3228.0,1.0,0.0,0.0,0.0,0.0,5.0,4.34,0.0
78.0,3228.0,1.0,0.0,0.0,0.0,0.0,5.0,38.62,0.0
84.0,3228.0,1.0,0.0,0.0,0.0,0.0,5.0,24.66,0.0
85.0,3228.0,1.0,0.0,0.0,0.0,0.0,5.0,43.18,0.0
86.0,3228.0,1.0,0.0,0.0,22.0,0.0,12.0,410.79,1.0
86.0,3228.0,1.0,0.0,0.0,0.0,0.0,5.0,3.54,0.0
88.0,3228.0,1.0,0.0,0.0,0.0,0.0,5.0,64.67,0.0
123.0,3228.0,1.0,0.0,0.0,0.0,0.0,5.0,58.91,0.0
124.0,3228.0,1.0,0.0,0.0,0.0,0.0,5.0,32.56,0.0
125.0,3228.0,1.0,0.0,0.0,20.0,0.0,13.0,596.56,1.0
125.0,3228.0,1.0,0.0,0.0,0.0,0.0,5.0,2.83,0.0
126.0,3228.0,1.0,0.0,0.0,0.0,0.0,5.0,43.79,0.0
170.0,3228.0,1.0,0.0,0.0,1.0,0.0,5.0,22.11,0.0
171.0,3228.0,1.0,0.0,0.0,1.0,0.0,5.0,12.94,0.0
171.0,3228.0,1.0,0.0,0.0,22.0,0.0,12.0,442.63,1.0
172.0,3228.0,1.0,0.0,0.0,1.0,0.0,5.0,8.59,0.0
173.0,3228.0,1.0,0.0,0.0,1.0,0.0,5.0,12.95,0.0
112.0,3229.0,2.0,1.0,0.0,0.0,0.0,5.0,29.27,0.0
115.0,3229.0,2.0,1.0,0.0,0.0,0.0,5.0,27.8,0.0
115.0,3229.0,2.0,1.0,0.0,22.0,0.0,12.0,372.23,1.0
116.0,3229.0,2.0,1.0,0.0,0.0,0.0,5.0,16.97,0.0
117.0,3229.0,2.0,1.0,0.0,15.0,0.0,13.0,82.24,0.0
86.0,3231.0,4.0,1.0,0.0,2.0,0.0,6.0,105.31,0.0
115.0,3231.0,4.0,1.0,0.0,19.0,0.0,9.0,86.94,0.0
127.0,3231.0,4.0,1.0,0.0,2.0,0.0,6.0,164.38,1.0
140.0,3231.0,4.0,1.0,0.0,20.0,0.0,13.0,65.26,0.0
143.0,3231.0,4.0,1.0,0.0,12.0,0.0,13.0,105.31,0.0
6.0,3232.0,1.0,1.0,0.0,10.0,0.0,11.0,8.92,0.0
7.0,3232.0,1.0,1.0,0.0,21.0,0.0,13.0,95.03,1.0
7.0,3232.0,1.0,1.0,0.0,13.0,0.0,14.0,8.35,0.0
8.0,3232.0,1.0,1.0,0.0,0.0,0.0,5.0,36.57,0.0
6.0,3233.0,1.0,0.0,0.0,6.0,0.0,6.0,262.03,0.0
20.0,3233.0,1.0,0.0,0.0,3.0,0.0,7.0,190.5,0.0
31.0,3233.0,1.0,0.0,0.0,26.0,0.0,12.0,339.53,1.0
36.0,3233.0,1.0,0.0,0.0,11.0,0.0,12.0,30.83,0.0
54.0,3233.0,1.0,0.0,0.0,22.0,0.0,12.0,360.47,1.0
72.0,3233.0,1.0,0.0,0.0,6.0,0.0,6.0,169.48,0.0
57.0,3233.0,1.0,0.0,0.0,6.0,0.0,6.0,372.44,1.0
72.0,3233.0,1.0,0.0,0.0,2.0,0.0,6.0,54.03,0.0
74.0,3233.0,1.0,0.0,0.0,17.0,0.0,9.0,896.55,1.0
76.0,3233.0,1.0,0.0,0.0,6.0,0.0,6.0,307.27,0.0
76.0,3233.0,1.0,0.0,0.0,7.0,0.0,6.0,45.07,0.0
67.0,3234.0,2.0,1.0,0.0,7.0,0.0,6.0,124.39,0.0
75.0,3234.0,2.0,1.0,0.0,25.0,0.0,15.0,153.82,0.0
95.0,3234.0,2.0,1.0,0.0,22.0,0.0,12.0,544.6,1.0
101.0,3234.0,2.0,1.0,0.0,12.0,0.0,13.0,125.2,0.0
96.0,3234.0,2.0,1.0,0.0,26.0,0.0,12.0,478.95,1.0
101.0,3234.0,2.0,1.0,0.0,20.0,0.0,13.0,21.54,0.0
102.0,3234.0,2.0,1.0,0.0,38.0,0.0,19.0,364.01,1.0
116.0,3234.0,2.0,1.0,0.0,25.0,0.0,15.0,54.2,0.0
145.0,3234.0,2.0,1.0,0.0,25.0,0.0,15.0,82.03,0.0
19.0,3236.0,5.0,0.0,0.0,0.0,0.0,5.0,24.89,0.0
20.0,3236.0,5.0,0.0,0.0,0.0,0.0,5.0,0.09,0.0
21.0,3236.0,5.0,0.0,0.0,6.0,0.0,6.0,715.99,1.0
21.0,3236.0,5.0,0.0,0.0,0.0,0.0,5.0,38.2,0.0
23.0,3236.0,5.0,0.0,0.0,0.0,0.0,5.0,3.77,0.0
31.0,3236.0,5.0,0.0,0.0,0.0,0.0,5.0,35.63,0.0
32.0,3236.0,5.0,0.0,0.0,0.0,0.0,5.0,30.78,0.0
32.0,3236.0,5.0,0.0,0.0,22.0,0.0,12.0,294.68,1.0
33.0,3236.0,5.0,0.0,0.0,0.0,0.0,5.0,31.48,0.0
34.0,3236.0,5.0,0.0,0.0,0.0,0.0,5.0,38.96,0.0
49.0,3236.0,5.0,0.0,0.0,0.0,0.0,5.0,1.75,0.0
50.0,3236.0,5.0,0.0,0.0,0.0,0.0,5.0,32.72,0.0
50.0,3236.0,5.0,0.0,0.0,16.0,0.0,16.0,201.02,1.0
51.0,3236.0,5.0,0.0,0.0,0.0,0.0,5.0,30.01,0.0
52.0,3236.0,5.0,0.0,0.0,0.0,0.0,5.0,7.84,0.0
46.0,3237.0,5.0,1.0,0.0,0.0,0.0,5.0,26.27,0.0
48.0,3237.0,5.0,1.0,0.0,0.0,0.0,5.0,7.37,0.0
49.0,3237.0,5.0,1.0,0.0,41.0,0.0,19.0,351.65,1.0
49.0,3237.0,5.0,1.0,0.0,9.0,0.0,10.0,58.07,0.0
51.0,3237.0,5.0,1.0,0.0,0.0,0.0,5.0,19.4,0.0
137.0,3237.0,5.0,1.0,0.0,0.0,0.0,5.0,36.78,0.0
138.0,3237.0,5.0,1.0,0.0,0.0,0.0,5.0,49.59,0.0
139.0,3237.0,5.0,1.0,0.0,13.0,0.0,14.0,335.06,1.0
139.0,3237.0,5.0,1.0,0.0,0.0,0.0,5.0,11.53,0.0
140.0,3237.0,5.0,1.0,0.0,17.0,0.0,9.0,772.01,1.0
141.0,3237.0,5.0,1.0,0.0,0.0,0.0,5.0,32.99,0.0
142.0,3237.0,5.0,1.0,0.0,0.0,0.0,5.0,44.84,0.0
21.0,3238.0,0.0,1.0,0.0,12.0,0.0,13.0,79.66,0.0
21.0,3238.0,0.0,1.0,0.0,20.0,0.0,13.0,28.67,0.0
28.0,3238.0,0.0,1.0,0.0,6.0,0.0,6.0,100.85,1.0
28.0,3238.0,0.0,1.0,0.0,12.0,0.0,13.0,80.78,0.0
28.0,3238.0,0.0,1.0,0.0,20.0,0.0,13.0,126.17,0.0
134.0,3238.0,0.0,1.0,0.0,1.0,0.0,5.0,9.82,0.0
135.0,3238.0,0.0,1.0,0.0,1.0,0.0,5.0,41.26,0.0
136.0,3238.0,0.0,1.0,0.0,17.0,0.0,9.0,66.76,1.0
136.0,3238.0,0.0,1.0,0.0,1.0,0.0,5.0,36.18,0.0
137.0,3238.0,0.0,1.0,0.0,1.0,0.0,5.0,30.28,0.0
33.0,3239.0,1.0,1.0,0.0,0.0,0.0,5.0,59.06,0.0
34.0,3239.0,1.0,1.0,0.0,0.0,0.0,5.0,27.64,0.0
35.0,3239.0,1.0,1.0,0.0,6.0,0.0,6.0,719.74,1.0
35.0,3239.0,1.0,1.0,0.0,9.0,0.0,10.0,32.92,0.0
36.0,3239.0,1.0,1.0,0.0,0.0,0.0,5.0,47.35,0.0
42.0,3239.0,1.0,1.0,0.0,0.0,0.0,5.0,26.17,0.0
44.0,3239.0,1.0,1.0,0.0,0.0,0.0,5.0,53.29,0.0
44.0,3239.0,1.0,1.0,0.0,22.0,0.0,12.0,696.33,1.0
45.0,3239.0,1.0,1.0,0.0,0.0,0.0,5.0,29.31,0.0
46.0,3239.0,1.0,1.0,0.0,15.0,0.0,13.0,34.48,0.0
99.0,3239.0,1.0,1.0,0.0,0.0,0.0,5.0,47.76,0.0
100.0,3239.0,1.0,1.0,0.0,0.0,0.0,5.0,18.49,0.0
100.0,3239.0,1.0,1.0,0.0,10.0,0.0,11.0,92.57,1.0
101.0,3239.0,1.0,1.0,0.0,0.0,0.0,5.0,27.82,0.0
102.0,3239.0,1.0,1.0,0.0,0.0,0.0,5.0,29.1,0.0
140.0,3239.0,1.0,1.0,0.0,0.0,0.0,5.0,0.74,0.0
141.0,3239.0,1.0,1.0,0.0,0.0,0.0,5.0,15.62,0.0
142.0,3239.0,1.0,1.0,0.0,38.0,0.0,19.0,320.21,1.0
142.0,3239.0,1.0,1.0,0.0,0.0,0.0,5.0,7.27,0.0
143.0,3239.0,1.0,1.0,0.0,0.0,0.0,5.0,39.62,0.0
6.0,3240.0,1.0,0.0,0.0,3.0,0.0,7.0,160.01,0.0
31.0,3240.0,1.0,0.0,0.0,6.0,0.0,6.0,236.2,0.0
46.0,3240.0,1.0,0.0,0.0,26.0,0.0,12.0,289.84,1.0
119.0,3240.0,1.0,0.0,0.0,12.0,0.0,13.0,55.67,0.0
110.0,3240.0,1.0,0.0,0.0,11.0,0.0,12.0,28.63,1.0
125.0,3240.0,1.0,0.0,0.0,12.0,0.0,13.0,39.06,0.0
7.0,3241.0,0.0,1.0,0.0,6.0,0.0,6.0,242.75,1.0
18.0,3241.0,0.0,1.0,0.0,0.0,0.0,5.0,8.47,0.0
13.0,3241.0,0.0,1.0,0.0,6.0,0.0,6.0,178.75,1.0
19.0,3241.0,0.0,1.0,0.0,0.0,0.0,5.0,18.01,0.0
29.0,3241.0,0.0,1.0,0.0,15.0,0.0,13.0,3.97,0.0
30.0,3241.0,0.0,1.0,0.0,0.0,0.0,5.0,7.07,0.0
30.0,3241.0,0.0,1.0,0.0,44.0,0.0,13.0,315.48,1.0
31.0,3241.0,0.0,1.0,0.0,0.0,0.0,5.0,11.25,0.0
32.0,3241.0,0.0,1.0,0.0,0.0,0.0,5.0,27.2,0.0
38.0,3241.0,0.0,1.0,0.0,0.0,0.0,5.0,32.07,0.0
39.0,3241.0,0.0,1.0,0.0,0.0,0.0,5.0,34.2,0.0
40.0,3241.0,0.0,1.0,0.0,6.0,0.0,6.0,1179.38,1.0
40.0,3241.0,0.0,1.0,0.0,0.0,0.0,5.0,25.93,0.0
41.0,3241.0,0.0,1.0,0.0,0.0,0.0,5.0,15.14,0.0
65.0,3241.0,0.0,1.0,0.0,0.0,0.0,5.0,66.02,0.0
66.0,3241.0,0.0,1.0,0.0,36.0,0.0,15.0,79.7,0.0
67.0,3241.0,0.0,1.0,0.0,11.0,0.0,12.0,412.22,1.0
67.0,3241.0,0.0,1.0,0.0,0.0,0.0,5.0,52.74,0.0
67.0,3241.0,0.0,1.0,0.0,1.0,0.0,5.0,5.5,0.0
121.0,3241.0,0.0,1.0,0.0,20.0,0.0,13.0,98.82,0.0
124.0,3241.0,0.0,1.0,0.0,39.0,0.0,18.0,23.23,0.0
135.0,3241.0,0.0,1.0,0.0,44.0,0.0,13.0,183.31,1.0
140.0,3241.0,0.0,1.0,0.0,13.0,0.0,14.0,33.38,0.0
141.0,3241.0,0.0,1.0,0.0,4.0,0.0,6.0,92.5,0.0
7.0,3242.0,1.0,0.0,0.0,7.0,0.0,6.0,98.44,0.0
16.0,3242.0,1.0,0.0,0.0,6.0,0.0,6.0,7.87,1.0
58.0,3242.0,1.0,0.0,0.0,9.0,0.0,10.0,38.11,0.0
27.0,3242.0,1.0,0.0,0.0,15.0,0.0,13.0,336.27,1.0
59.0,3242.0,1.0,0.0,0.0,0.0,0.0,5.0,21.31,0.0
60.0,3242.0,1.0,0.0,0.0,0.0,0.0,5.0,49.19,0.0
61.0,3242.0,1.0,0.0,0.0,0.0,0.0,5.0,33.28,0.0
61.0,3242.0,1.0,0.0,0.0,27.0,0.0,12.0,39.31,1.0
62.0,3242.0,1.0,0.0,0.0,0.0,0.0,5.0,49.97,0.0
63.0,3242.0,1.0,0.0,0.0,0.0,0.0,5.0,5.73,0.0
100.0,3242.0,1.0,0.0,0.0,1.0,0.0,5.0,4.3,0.0
101.0,3242.0,1.0,0.0,0.0,1.0,0.0,5.0,33.59,0.0
102.0,3242.0,1.0,0.0,0.0,15.0,0.0,13.0,247.53,1.0
102.0,3242.0,1.0,0.0,0.0,1.0,0.0,5.0,26.4,0.0
103.0,3242.0,1.0,0.0,0.0,21.0,0.0,13.0,375.3,1.0
103.0,3242.0,1.0,0.0,0.0,1.0,0.0,5.0,72.46,0.0
104.0,3242.0,1.0,0.0,0.0,5.0,0.0,8.0,43.75,0.0
131.0,3242.0,1.0,0.0,0.0,1.0,0.0,5.0,46.71,0.0
132.0,3242.0,1.0,0.0,0.0,1.0,0.0,5.0,18.97,0.0
132.0,3242.0,1.0,0.0,0.0,6.0,0.0,6.0,863.03,1.0
133.0,3242.0,1.0,0.0,0.0,1.0,0.0,5.0,18.71,0.0
136.0,3242.0,1.0,0.0,0.0,1.0,0.0,5.0,39.29,0.0
137.0,3242.0,1.0,0.0,0.0,1.0,0.0,5.0,36.31,0.0
138.0,3242.0,1.0,0.0,0.0,1.0,0.0,5.0,22.47,0.0
138.0,3242.0,1.0,0.0,0.0,22.0,0.0,12.0,249.05,1.0
139.0,3242.0,1.0,0.0,0.0,1.0,0.0,5.0,30.46,0.0
140.0,3242.0,1.0,0.0,0.0,1.0,0.0,5.0,13.25,0.0
161.0,3242.0,1.0,0.0,0.0,5.0,0.0,8.0,60.88,0.0
162.0,3242.0,1.0,0.0,0.0,1.0,0.0,5.0,25.03,0.0
163.0,3242.0,1.0,0.0,0.0,13.0,0.0,14.0,175.51,1.0
163.0,3242.0,1.0,0.0,0.0,1.0,0.0,5.0,1.31,0.0
164.0,3242.0,1.0,0.0,0.0,1.0,0.0,5.0,16.74,0.0
20.0,3243.0,1.0,1.0,0.0,6.0,0.0,6.0,180.75,0.0
20.0,3243.0,1.0,1.0,0.0,2.0,0.0,6.0,225.01,0.0
27.0,3243.0,1.0,1.0,0.0,20.0,0.0,13.0,404.74,1.0
41.0,3243.0,1.0,1.0,0.0,12.0,0.0,13.0,79.55,0.0
38.0,3243.0,1.0,1.0,0.0,22.0,0.0,12.0,85.96,1.0
47.0,3243.0,1.0,1.0,0.0,6.0,0.0,6.0,1129.53,1.0
50.0,3243.0,1.0,1.0,0.0,6.0,0.0,6.0,112.0,0.0
50.0,3243.0,1.0,1.0,0.0,2.0,0.0,6.0,23.35,0.0
136.0,3243.0,1.0,1.0,0.0,33.0,0.0,17.0,61.78,0.0
137.0,3243.0,1.0,1.0,0.0,28.0,0.0,13.0,68.32,0.0
137.0,3243.0,1.0,1.0,0.0,22.0,0.0,12.0,325.68,1.0
138.0,3243.0,1.0,1.0,0.0,0.0,0.0,5.0,11.88,0.0
138.0,3243.0,1.0,1.0,0.0,1.0,0.0,5.0,22.24,0.0
122.0,3245.0,3.0,0.0,0.0,0.0,0.0,5.0,1.01,0.0
123.0,3245.0,3.0,0.0,0.0,0.0,0.0,5.0,40.41,0.0
123.0,3245.0,3.0,0.0,0.0,9.0,0.0,10.0,6.63,1.0
124.0,3245.0,3.0,0.0,0.0,0.0,0.0,5.0,19.62,0.0
125.0,3245.0,3.0,0.0,0.0,0.0,0.0,5.0,41.91,0.0
153.0,3245.0,3.0,0.0,0.0,27.0,0.0,12.0,192.16,0.0
153.0,3245.0,3.0,0.0,0.0,46.0,0.0,12.0,103.78,0.0
154.0,3245.0,3.0,0.0,0.0,22.0,0.0,12.0,220.32,1.0
154.0,3245.0,3.0,0.0,0.0,13.0,0.0,14.0,9.83,0.0
155.0,3245.0,3.0,0.0,0.0,0.0,0.0,5.0,7.38,0.0
159.0,3245.0,3.0,0.0,0.0,0.0,0.0,5.0,35.95,0.0
160.0,3245.0,3.0,0.0,0.0,0.0,0.0,5.0,15.17,0.0
161.0,3245.0,3.0,0.0,0.0,22.0,0.0,12.0,365.3,1.0
161.0,3245.0,3.0,0.0,0.0,0.0,0.0,5.0,11.25,0.0
162.0,3245.0,3.0,0.0,0.0,0.0,0.0,5.0,63.08,0.0
108.0,3248.0,1.0,1.0,0.0,0.0,0.0,5.0,20.24,0.0
109.0,3248.0,1.0,1.0,0.0,0.0,0.0,5.0,6.3,0.0
110.0,3248.0,1.0,1.0,0.0,6.0,0.0,6.0,114.09,1.0
110.0,3248.0,1.0,1.0,0.0,0.0,0.0,5.0,29.48,0.0
112.0,3248.0,1.0,1.0,0.0,0.0,0.0,5.0,55.62,0.0
159.0,3248.0,1.0,1.0,0.0,1.0,0.0,5.0,4.09,0.0
160.0,3248.0,1.0,1.0,0.0,1.0,0.0,5.0,7.66,0.0
161.0,3248.0,1.0,1.0,0.0,6.0,0.0,6.0,179.29,1.0
162.0,3248.0,1.0,1.0,0.0,1.0,0.0,5.0,33.01,0.0
163.0,3248.0,1.0,1.0,0.0,1.0,0.0,5.0,1.68,0.0
82.0,3249.0,1.0,1.0,0.0,21.0,0.0,13.0,60.5,0.0
86.0,3249.0,1.0,1.0,0.0,6.0,0.0,6.0,20.14,0.0
99.0,3249.0,1.0,1.0,0.0,20.0,0.0,13.0,659.1,1.0
99.0,3249.0,1.0,1.0,0.0,6.0,0.0,6.0,45.19,0.0
99.0,3249.0,1.0,1.0,0.0,2.0,0.0,6.0,149.0,0.0
109.0,3249.0,1.0,1.0,0.0,2.0,0.0,6.0,61.4,0.0
136.0,3249.0,1.0,1.0,0.0,25.0,0.0,15.0,101.9,0.0
138.0,3249.0,1.0,1.0,0.0,17.0,0.0,9.0,79.44,1.0
144.0,3249.0,1.0,1.0,0.0,25.0,0.0,15.0,52.84,0.0
141.0,3249.0,1.0,1.0,0.0,16.0,0.0,16.0,773.49,1.0
154.0,3249.0,1.0,1.0,0.0,25.0,0.0,15.0,20.64,0.0
7.0,3250.0,4.0,0.0,0.0,8.0,0.0,9.0,167.39,0.0
30.0,3250.0,4.0,0.0,0.0,41.0,0.0,19.0,279.78,1.0
52.0,3250.0,4.0,0.0,0.0,7.0,0.0,6.0,179.15,0.0
60.0,3250.0,4.0,0.0,0.0,6.0,0.0,6.0,599.45,1.0
79.0,3250.0,4.0,0.0,0.0,7.0,0.0,6.0,96.35,0.0
79.0,3250.0,4.0,0.0,0.0,2.0,0.0,6.0,251.49,0.0
122.0,3250.0,4.0,0.0,0.0,1.0,0.0,5.0,43.78,0.0
123.0,3250.0,4.0,0.0,0.0,1.0,0.0,5.0,14.07,0.0
124.0,3250.0,4.0,0.0,0.0,6.0,0.0,6.0,78.55,1.0
124.0,3250.0,4.0,0.0,0.0,1.0,0.0,5.0,42.19,0.0
125.0,3250.0,4.0,0.0,0.0,1.0,0.0,5.0,30.24,0.0
125.0,3250.0,4.0,0.0,0.0,18.0,0.0,9.0,250.99,1.0
126.0,3250.0,4.0,0.0,0.0,1.0,0.0,5.0,49.42,0.0
127.0,3250.0,4.0,0.0,0.0,1.0,0.0,5.0,56.4,0.0
138.0,3250.0,4.0,0.0,0.0,1.0,0.0,5.0,34.49,0.0
139.0,3250.0,4.0,0.0,0.0,1.0,0.0,5.0,5.68,0.0
139.0,3250.0,4.0,0.0,0.0,38.0,0.0,19.0,303.65,1.0
140.0,3250.0,4.0,0.0,0.0,1.0,0.0,5.0,22.24,0.0
141.0,3250.0,4.0,0.0,0.0,1.0,0.0,5.0,59.35,0.0
44.0,3251.0,1.0,0.0,0.0,0.0,0.0,5.0,23.3,0.0
45.0,3251.0,1.0,0.0,0.0,0.0,0.0,5.0,4.95,0.0
46.0,3251.0,1.0,0.0,0.0,10.0,0.0,11.0,16.96,1.0
46.0,3251.0,1.0,0.0,0.0,0.0,0.0,5.0,45.95,0.0
47.0,3251.0,1.0,0.0,0.0,0.0,0.0,5.0,16.6,0.0
169.0,3251.0,1.0,0.0,0.0,0.0,0.0,5.0,24.23,0.0
170.0,3251.0,1.0,0.0,0.0,0.0,0.0,5.0,25.11,0.0
170.0,3251.0,1.0,0.0,0.0,6.0,0.0,6.0,164.06,1.0
171.0,3251.0,1.0,0.0,0.0,0.0,0.0,5.0,3.83,0.0
172.0,3251.0,1.0,0.0,0.0,0.0,0.0,5.0,42.65,0.0
7.0,3252.0,1.0,1.0,0.0,15.0,0.0,13.0,172.21,1.0
24.0,3252.0,1.0,1.0,0.0,30.0,0.0,16.0,96.59,0.0
13.0,3252.0,1.0,1.0,0.0,16.0,0.0,16.0,494.42,1.0
26.0,3252.0,1.0,1.0,0.0,9.0,0.0,10.0,3.27,0.0
100.0,3252.0,1.0,1.0,0.0,0.0,0.0,5.0,5.39,0.0
101.0,3252.0,1.0,1.0,0.0,0.0,0.0,5.0,41.74,0.0
101.0,3252.0,1.0,1.0,0.0,22.0,0.0,12.0,387.42,1.0
102.0,3252.0,1.0,1.0,0.0,15.0,0.0,13.0,211.43,0.0
102.0,3252.0,1.0,1.0,0.0,44.0,0.0,13.0,21.79,0.0
115.0,3252.0,1.0,1.0,0.0,1.0,0.0,5.0,22.53,0.0
116.0,3252.0,1.0,1.0,0.0,1.0,0.0,5.0,0.19,0.0
117.0,3252.0,1.0,1.0,0.0,22.0,0.0,12.0,74.48,1.0
117.0,3252.0,1.0,1.0,0.0,1.0,0.0,5.0,33.66,0.0
118.0,3252.0,1.0,1.0,0.0,1.0,0.0,5.0,59.76,0.0
38.0,3253.0,1.0,1.0,0.0,4.0,0.0,6.0,17.43,0.0
39.0,3253.0,1.0,1.0,0.0,1.0,0.0,5.0,29.67,0.0
39.0,3253.0,1.0,1.0,0.0,18.0,0.0,9.0,526.32,1.0
40.0,3253.0,1.0,1.0,0.0,5.0,0.0,8.0,21.84,0.0
41.0,3253.0,1.0,1.0,0.0,1.0,0.0,5.0,5.71,0.0
108.0,3253.0,1.0,1.0,0.0,15.0,0.0,13.0,86.29,0.0
109.0,3253.0,1.0,1.0,0.0,0.0,0.0,5.0,18.88,0.0
109.0,3253.0,1.0,1.0,0.0,22.0,0.0,12.0,307.55,1.0
111.0,3253.0,1.0,1.0,0.0,0.0,0.0,5.0,17.76,0.0
112.0,3253.0,1.0,1.0,0.0,9.0,0.0,10.0,47.63,0.0
173.0,3253.0,1.0,1.0,0.0,1.0,0.0,5.0,40.91,0.0
174.0,3253.0,1.0,1.0,0.0,28.0,0.0,13.0,22.58,0.0
174.0,3253.0,1.0,1.0,0.0,6.0,0.0,6.0,249.09,1.0
175.0,3253.0,1.0,1.0,0.0,4.0,0.0,6.0,102.69,0.0
175.0,3253.0,1.0,1.0,0.0,42.0,0.0,6.0,64.69,0.0
8.0,3254.0,1.0,1.0,0.0,20.0,0.0,13.0,22.38,0.0
22.0,3254.0,1.0,1.0,0.0,25.0,0.0,15.0,16.17,0.0
39.0,3254.0,1.0,1.0,0.0,3.0,0.0,7.0,97.83,1.0
49.0,3254.0,1.0,1.0,0.0,6.0,0.0,6.0,223.48,0.0
50.0,3254.0,1.0,1.0,0.0,6.0,0.0,6.0,145.88,0.0
93.0,3254.0,1.0,1.0,0.0,6.0,0.0,6.0,204.57,0.0
93.0,3254.0,1.0,1.0,0.0,7.0,0.0,6.0,90.66,0.0
111.0,3254.0,1.0,1.0,0.0,20.0,0.0,13.0,487.67,1.0
116.0,3254.0,1.0,1.0,0.0,9.0,0.0,10.0,10.29,0.0
117.0,3254.0,1.0,1.0,0.0,0.0,0.0,5.0,39.4,0.0
157.0,3254.0,1.0,1.0,0.0,1.0,0.0,5.0,53.09,0.0
158.0,3254.0,1.0,1.0,0.0,1.0,0.0,5.0,22.37,0.0
161.0,3254.0,1.0,1.0,0.0,22.0,0.0,12.0,367.7,1.0
162.0,3254.0,1.0,1.0,0.0,1.0,0.0,5.0,25.71,0.0
163.0,3254.0,1.0,1.0,0.0,1.0,0.0,5.0,33.98,0.0
7.0,3255.0,1.0,1.0,0.0,22.0,0.0,12.0,16.21,1.0
29.0,3255.0,1.0,1.0,0.0,12.0,0.0,13.0,70.52,0.0
38.0,3255.0,1.0,1.0,0.0,35.0,0.0,18.0,1566.97,1.0
49.0,3255.0,1.0,1.0,0.0,11.0,0.0,12.0,170.83,0.0
50.0,3255.0,1.0,1.0,0.0,12.0,0.0,13.0,133.12,0.0
7.0,3256.0,1.0,1.0,0.0,20.0,0.0,13.0,437.38,1.0
22.0,3256.0,1.0,1.0,0.0,2.0,0.0,6.0,37.4,0.0
19.0,3256.0,1.0,1.0,0.0,13.0,0.0,14.0,331.2,1.0
30.0,3256.0,1.0,1.0,0.0,3.0,0.0,7.0,17.61,1.0
33.0,3256.0,1.0,1.0,0.0,6.0,0.0,6.0,255.0,1.0
36.0,3256.0,1.0,1.0,0.0,9.0,0.0,10.0,6.24,0.0
36.0,3256.0,1.0,1.0,0.0,6.0,0.0,6.0,129.84,1.0
37.0,3256.0,1.0,1.0,0.0,0.0,0.0,5.0,17.71,0.0
38.0,3256.0,1.0,1.0,0.0,0.0,0.0,5.0,25.95,0.0
38.0,3256.0,1.0,1.0,0.0,22.0,0.0,12.0,907.94,1.0
39.0,3256.0,1.0,1.0,0.0,9.0,0.0,10.0,64.21,0.0
40.0,3256.0,1.0,1.0,0.0,0.0,0.0,5.0,8.22,0.0
54.0,3256.0,1.0,1.0,0.0,0.0,0.0,5.0,33.19,0.0
55.0,3256.0,1.0,1.0,0.0,0.0,0.0,5.0,34.13,0.0
55.0,3256.0,1.0,1.0,0.0,9.0,0.0,10.0,390.35,1.0
56.0,3256.0,1.0,1.0,0.0,0.0,0.0,5.0,21.99,0.0
57.0,3256.0,1.0,1.0,0.0,22.0,0.0,12.0,198.97,1.0
58.0,3256.0,1.0,1.0,0.0,0.0,0.0,5.0,17.03,0.0
59.0,3256.0,1.0,1.0,0.0,0.0,0.0,5.0,25.26,0.0
64.0,3256.0,1.0,1.0,0.0,0.0,0.0,5.0,62.05,0.0
65.0,3256.0,1.0,1.0,0.0,0.0,0.0,5.0,4.53,0.0
66.0,3256.0,1.0,1.0,0.0,6.0,0.0,6.0,377.93,1.0
66.0,3256.0,1.0,1.0,0.0,0.0,0.0,5.0,38.48,0.0
67.0,3256.0,1.0,1.0,0.0,0.0,0.0,5.0,4.92,0.0
128.0,3256.0,1.0,1.0,0.0,0.0,0.0,5.0,16.74,0.0
129.0,3256.0,1.0,1.0,0.0,0.0,0.0,5.0,58.59,0.0
129.0,3256.0,1.0,1.0,0.0,22.0,0.0,12.0,592.79,1.0
130.0,3256.0,1.0,1.0,0.0,0.0,0.0,5.0,10.47,0.0
131.0,3256.0,1.0,1.0,0.0,0.0,0.0,5.0,35.94,0.0
134.0,3256.0,1.0,1.0,0.0,0.0,0.0,5.0,14.76,0.0
135.0,3256.0,1.0,1.0,0.0,0.0,0.0,5.0,13.12,0.0
136.0,3256.0,1.0,1.0,0.0,17.0,0.0,9.0,178.31,1.0
136.0,3256.0,1.0,1.0,0.0,0.0,0.0,5.0,13.78,0.0
137.0,3256.0,1.0,1.0,0.0,0.0,0.0,5.0,2.3,0.0
170.0,3256.0,1.0,1.0,0.0,0.0,0.0,5.0,33.18,0.0
171.0,3256.0,1.0,1.0,0.0,0.0,0.0,5.0,11.65,0.0
171.0,3256.0,1.0,1.0,0.0,22.0,0.0,12.0,849.9,1.0
172.0,3256.0,1.0,1.0,0.0,0.0,0.0,5.0,0.88,0.0
173.0,3256.0,1.0,1.0,0.0,0.0,0.0,5.0,27.86,0.0
155.0,3258.0,4.0,0.0,0.0,0.0,0.0,5.0,8.28,0.0
156.0,3258.0,4.0,0.0,0.0,9.0,0.0,10.0,104.02,0.0
157.0,3258.0,4.0,0.0,0.0,15.0,0.0,13.0,418.52,1.0
157.0,3258.0,4.0,0.0,0.0,0.0,0.0,5.0,40.34,0.0
158.0,3258.0,4.0,0.0,0.0,0.0,0.0,5.0,34.04,0.0
82.0,3259.0,2.0,1.0,0.0,0.0,0.0,5.0,9.77,0.0
83.0,3259.0,2.0,1.0,0.0,9.0,0.0,10.0,27.1,0.0
84.0,3259.0,2.0,1.0,0.0,20.0,0.0,13.0,0.1,1.0
84.0,3259.0,2.0,1.0,0.0,0.0,0.0,5.0,41.33,0.0
85.0,3259.0,2.0,1.0,0.0,0.0,0.0,5.0,30.9,0.0
140.0,3259.0,2.0,1.0,0.0,1.0,0.0,5.0,45.02,0.0
141.0,3259.0,2.0,1.0,0.0,1.0,0.0,5.0,42.42,0.0
142.0,3259.0,2.0,1.0,0.0,18.0,0.0,9.0,314.32,1.0
142.0,3259.0,2.0,1.0,0.0,1.0,0.0,5.0,16.06,0.0
143.0,3259.0,2.0,1.0,0.0,5.0,0.0,8.0,5.31,0.0
130.0,3264.0,1.0,0.0,0.0,1.0,0.0,5.0,40.4,0.0
131.0,3264.0,1.0,0.0,0.0,5.0,0.0,8.0,23.77,0.0
131.0,3264.0,1.0,0.0,0.0,27.0,0.0,12.0,160.16,1.0
132.0,3264.0,1.0,0.0,0.0,1.0,0.0,5.0,8.94,0.0
133.0,3264.0,1.0,0.0,0.0,28.0,0.0,13.0,23.65,0.0
53.0,3266.0,2.0,1.0,0.0,7.0,0.0,6.0,167.65,0.0
66.0,3266.0,2.0,1.0,0.0,25.0,0.0,15.0,86.55,0.0
86.0,3266.0,2.0,1.0,0.0,6.0,0.0,6.0,619.32,1.0
86.0,3266.0,2.0,1.0,0.0,6.0,0.0,6.0,69.13,0.0
86.0,3266.0,2.0,1.0,0.0,2.0,0.0,6.0,319.18,0.0
100.0,3266.0,2.0,1.0,0.0,41.0,0.0,19.0,258.9,1.0
104.0,3266.0,2.0,1.0,0.0,13.0,0.0,14.0,14.55,0.0
105.0,3266.0,2.0,1.0,0.0,0.0,0.0,5.0,3.45,0.0
127.0,3266.0,2.0,1.0,0.0,0.0,0.0,5.0,11.17,0.0
128.0,3266.0,2.0,1.0,0.0,0.0,0.0,5.0,33.61,0.0
128.0,3266.0,2.0,1.0,0.0,41.0,0.0,19.0,381.83,1.0
129.0,3266.0,2.0,1.0,0.0,0.0,0.0,5.0,27.89,0.0
130.0,3266.0,2.0,1.0,0.0,0.0,0.0,5.0,36.91,0.0
156.0,3266.0,2.0,1.0,0.0,0.0,0.0,5.0,17.14,0.0
157.0,3266.0,2.0,1.0,0.0,0.0,0.0,5.0,1.42,0.0
158.0,3266.0,2.0,1.0,0.0,35.0,0.0,18.0,134.35,1.0
158.0,3266.0,2.0,1.0,0.0,0.0,0.0,5.0,44.87,0.0
159.0,3266.0,2.0,1.0,0.0,0.0,0.0,5.0,57.82,0.0
104.0,3267.0,0.0,1.0,0.0,0.0,0.0,5.0,38.04,0.0
105.0,3267.0,0.0,1.0,0.0,0.0,0.0,5.0,23.53,0.0
105.0,3267.0,0.0,1.0,0.0,10.0,0.0,11.0,809.55,1.0
106.0,3267.0,0.0,1.0,0.0,0.0,0.0,5.0,49.7,0.0
107.0,3267.0,0.0,1.0,0.0,0.0,0.0,5.0,2.18,0.0
165.0,3267.0,0.0,1.0,0.0,1.0,0.0,5.0,8.84,0.0
166.0,3267.0,0.0,1.0,0.0,1.0,0.0,5.0,44.82,0.0
166.0,3267.0,0.0,1.0,0.0,11.0,0.0,12.0,595.42,1.0
168.0,3267.0,0.0,1.0,0.0,1.0,0.0,5.0,8.48,0.0
169.0,3267.0,0.0,1.0,0.0,1.0,0.0,5.0,23.68,0.0
31.0,3268.0,4.0,1.0,0.0,3.0,0.0,7.0,101.12,0.0
41.0,3268.0,4.0,1.0,0.0,18.0,0.0,9.0,74.6,0.0
44.0,3268.0,4.0,1.0,0.0,20.0,0.0,13.0,304.56,1.0
137.0,3268.0,4.0,1.0,0.0,13.0,0.0,14.0,64.78,0.0
138.0,3268.0,4.0,1.0,0.0,0.0,0.0,5.0,0.23,0.0
176.0,3268.0,4.0,1.0,0.0,1.0,0.0,5.0,9.16,0.0
177.0,3268.0,4.0,1.0,0.0,1.0,0.0,5.0,51.9,0.0
177.0,3268.0,4.0,1.0,0.0,22.0,0.0,12.0,439.99,1.0
178.0,3268.0,4.0,1.0,0.0,1.0,0.0,5.0,4.47,0.0
178.0,3268.0,4.0,1.0,0.0,3.0,0.0,7.0,189.99,1.0
179.0,3268.0,4.0,1.0,0.0,1.0,0.0,5.0,13.63,0.0
120.0,3269.0,1.0,0.0,0.0,0.0,0.0,5.0,1.64,0.0
121.0,3269.0,1.0,0.0,0.0,0.0,0.0,5.0,41.39,0.0
121.0,3269.0,1.0,0.0,0.0,6.0,0.0,6.0,12.21,1.0
123.0,3269.0,1.0,0.0,0.0,0.0,0.0,5.0,7.49,0.0
124.0,3269.0,1.0,0.0,0.0,0.0,0.0,5.0,35.06,0.0
142.0,3269.0,1.0,0.0,0.0,0.0,0.0,5.0,1.89,0.0
144.0,3269.0,1.0,0.0,0.0,13.0,0.0,14.0,64.57,0.0
144.0,3269.0,1.0,0.0,0.0,13.0,0.0,14.0,53.31,1.0
145.0,3269.0,1.0,0.0,0.0,0.0,0.0,5.0,28.22,0.0
146.0,3269.0,1.0,0.0,0.0,0.0,0.0,5.0,48.56,0.0
148.0,3269.0,1.0,0.0,0.0,0.0,0.0,5.0,16.36,0.0
149.0,3269.0,1.0,0.0,0.0,0.0,0.0,5.0,15.93,0.0
150.0,3269.0,1.0,0.0,0.0,6.0,0.0,6.0,954.07,1.0
150.0,3269.0,1.0,0.0,0.0,13.0,0.0,14.0,5.6,0.0
151.0,3269.0,1.0,0.0,0.0,0.0,0.0,5.0,7.57,0.0
157.0,3269.0,1.0,0.0,0.0,0.0,0.0,5.0,5.15,0.0
158.0,3269.0,1.0,0.0,0.0,0.0,0.0,5.0,33.28,0.0
158.0,3269.0,1.0,0.0,0.0,6.0,0.0,6.0,546.12,1.0
160.0,3269.0,1.0,0.0,0.0,0.0,0.0,5.0,42.11,0.0
161.0,3269.0,1.0,0.0,0.0,0.0,0.0,5.0,4.02,0.0
175.0,3269.0,1.0,0.0,0.0,0.0,0.0,5.0,33.14,0.0
176.0,3269.0,1.0,0.0,0.0,0.0,0.0,5.0,51.05,0.0
178.0,3269.0,1.0,0.0,0.0,17.0,0.0,9.0,247.45,1.0
178.0,3269.0,1.0,0.0,0.0,0.0,0.0,5.0,20.82,0.0
179.0,3269.0,1.0,0.0,0.0,0.0,0.0,5.0,12.68,0.0
7.0,3270.0,1.0,0.0,0.0,12.0,0.0,13.0,57.86,1.0
7.0,3270.0,1.0,0.0,0.0,12.0,0.0,13.0,580.48,1.0
14.0,3270.0,1.0,0.0,0.0,6.0,0.0,6.0,57.67,1.0
19.0,3270.0,1.0,0.0,0.0,22.0,0.0,12.0,120.55,1.0
33.0,3270.0,1.0,0.0,0.0,9.0,0.0,10.0,12.5,0.0
33.0,3270.0,1.0,0.0,0.0,35.0,0.0,18.0,5337.77,1.0
34.0,3270.0,1.0,0.0,0.0,0.0,0.0,5.0,9.2,0.0
40.0,3270.0,1.0,0.0,0.0,0.0,0.0,5.0,15.52,0.0
41.0,3270.0,1.0,0.0,0.0,0.0,0.0,5.0,46.24,0.0
41.0,3270.0,1.0,0.0,0.0,22.0,0.0,12.0,300.79,1.0
42.0,3270.0,1.0,0.0,0.0,9.0,0.0,10.0,166.81,0.0
43.0,3270.0,1.0,0.0,0.0,0.0,0.0,5.0,25.94,0.0
44.0,3270.0,1.0,0.0,0.0,0.0,0.0,5.0,40.0,0.0
45.0,3270.0,1.0,0.0,0.0,6.0,0.0,6.0,427.7,1.0
45.0,3270.0,1.0,0.0,0.0,0.0,0.0,5.0,28.04,0.0
46.0,3270.0,1.0,0.0,0.0,0.0,0.0,5.0,31.76,0.0
92.0,3270.0,1.0,0.0,0.0,1.0,0.0,5.0,61.72,0.0
93.0,3270.0,1.0,0.0,0.0,1.0,0.0,5.0,42.06,0.0
93.0,3270.0,1.0,0.0,0.0,13.0,0.0,14.0,66.62,1.0
94.0,3270.0,1.0,0.0,0.0,5.0,0.0,8.0,29.0,0.0
95.0,3270.0,1.0,0.0,0.0,1.0,0.0,5.0,40.82,0.0
96.0,3270.0,1.0,0.0,0.0,1.0,0.0,5.0,9.64,0.0
97.0,3270.0,1.0,0.0,0.0,1.0,0.0,5.0,4.24,0.0
98.0,3270.0,1.0,0.0,0.0,6.0,0.0,6.0,62.11,1.0
98.0,3270.0,1.0,0.0,0.0,14.0,0.0,15.0,54.61,0.0
99.0,3270.0,1.0,0.0,0.0,1.0,0.0,5.0,23.98,0.0
100.0,3270.0,1.0,0.0,0.0,1.0,0.0,5.0,69.36,0.0
101.0,3270.0,1.0,0.0,0.0,30.0,0.0,16.0,210.86,1.0
101.0,3270.0,1.0,0.0,0.0,1.0,0.0,5.0,35.59,0.0
102.0,3270.0,1.0,0.0,0.0,1.0,0.0,5.0,7.41,0.0
105.0,3270.0,1.0,0.0,0.0,1.0,0.0,5.0,8.37,0.0
106.0,3270.0,1.0,0.0,0.0,1.0,0.0,5.0,19.14,0.0
107.0,3270.0,1.0,0.0,0.0,13.0,0.0,14.0,177.6,1.0
107.0,3270.0,1.0,0.0,0.0,1.0,0.0,5.0,20.69,0.0
108.0,3270.0,1.0,0.0,0.0,1.0,0.0,5.0,20.9,0.0
111.0,3270.0,1.0,0.0,0.0,1.0,0.0,5.0,50.92,0.0
112.0,3270.0,1.0,0.0,0.0,1.0,0.0,5.0,36.61,0.0
113.0,3270.0,1.0,0.0,0.0,22.0,0.0,12.0,96.04,1.0
113.0,3270.0,1.0,0.0,0.0,1.0,0.0,5.0,44.33,0.0
114.0,3270.0,1.0,0.0,0.0,1.0,0.0,5.0,21.23,0.0
121.0,3270.0,1.0,0.0,0.0,1.0,0.0,5.0,17.62,0.0
122.0,3270.0,1.0,0.0,0.0,1.0,0.0,5.0,38.42,0.0
123.0,3270.0,1.0,0.0,0.0,15.0,0.0,13.0,329.05,1.0
123.0,3270.0,1.0,0.0,0.0,10.0,0.0,11.0,197.69,0.0
124.0,3270.0,1.0,0.0,0.0,1.0,0.0,5.0,46.34,0.0
11.0,3271.0,5.0,0.0,0.0,7.0,0.0,6.0,53.22,0.0
11.0,3271.0,5.0,0.0,0.0,2.0,0.0,6.0,13.04,0.0
29.0,3271.0,5.0,0.0,0.0,13.0,0.0,14.0,323.23,1.0
38.0,3271.0,5.0,0.0,0.0,12.0,0.0,13.0,75.09,0.0
34.0,3271.0,5.0,0.0,0.0,27.0,0.0,12.0,120.85,1.0
46.0,3271.0,5.0,0.0,0.0,3.0,0.0,7.0,69.43,0.0
152.0,3271.0,5.0,0.0,0.0,15.0,0.0,13.0,2.39,0.0
153.0,3271.0,5.0,0.0,0.0,2.0,0.0,6.0,15.38,0.0
163.0,3271.0,5.0,0.0,0.0,21.0,0.0,13.0,336.38,1.0
172.0,3271.0,5.0,0.0,0.0,6.0,0.0,6.0,243.3,0.0
7.0,3272.0,2.0,1.0,0.0,7.0,0.0,6.0,48.22,0.0
37.0,3272.0,2.0,1.0,0.0,13.0,0.0,14.0,215.21,1.0
47.0,3272.0,2.0,1.0,0.0,9.0,0.0,10.0,53.16,0.0
37.0,3272.0,2.0,1.0,0.0,13.0,0.0,14.0,12.09,1.0
49.0,3272.0,2.0,1.0,0.0,0.0,0.0,5.0,46.85,0.0
96.0,3272.0,2.0,1.0,0.0,0.0,0.0,5.0,36.32,0.0
97.0,3272.0,2.0,1.0,0.0,0.0,0.0,5.0,19.27,0.0
97.0,3272.0,2.0,1.0,0.0,12.0,0.0,13.0,252.51,1.0
98.0,3272.0,2.0,1.0,0.0,36.0,0.0,15.0,19.62,0.0
99.0,3272.0,2.0,1.0,0.0,0.0,0.0,5.0,52.14,0.0
112.0,3272.0,2.0,1.0,0.0,1.0,0.0,5.0,32.5,0.0
113.0,3272.0,2.0,1.0,0.0,1.0,0.0,5.0,29.12,0.0
114.0,3272.0,2.0,1.0,0.0,15.0,0.0,13.0,324.55,1.0
114.0,3272.0,2.0,1.0,0.0,1.0,0.0,5.0,19.34,0.0
115.0,3272.0,2.0,1.0,0.0,1.0,0.0,5.0,49.57,0.0
7.0,3273.0,1.0,1.0,0.0,21.0,0.0,13.0,249.05,1.0
25.0,3273.0,1.0,1.0,0.0,6.0,0.0,6.0,260.36,0.0
15.0,3273.0,1.0,1.0,0.0,35.0,0.0,18.0,5736.56,1.0
28.0,3273.0,1.0,1.0,0.0,6.0,0.0,6.0,25.36,0.0
29.0,3273.0,1.0,1.0,0.0,25.0,0.0,15.0,38.32,0.0
67.0,3273.0,1.0,1.0,0.0,12.0,0.0,13.0,12.05,0.0
73.0,3273.0,1.0,1.0,0.0,35.0,0.0,18.0,1122.24,1.0
78.0,3273.0,1.0,1.0,0.0,3.0,0.0,7.0,154.32,0.0
91.0,3273.0,1.0,1.0,0.0,6.0,0.0,6.0,150.57,1.0
92.0,3273.0,1.0,1.0,0.0,14.0,0.0,15.0,20.47,0.0
93.0,3273.0,1.0,1.0,0.0,1.0,0.0,5.0,4.71,0.0
103.0,3273.0,1.0,1.0,0.0,0.0,0.0,5.0,57.33,0.0
104.0,3273.0,1.0,1.0,0.0,0.0,0.0,5.0,41.39,0.0
105.0,3273.0,1.0,1.0,0.0,22.0,0.0,12.0,43.04,1.0
106.0,3273.0,1.0,1.0,0.0,0.0,0.0,5.0,16.01,0.0
106.0,3273.0,1.0,1.0,0.0,17.0,0.0,9.0,668.85,1.0
108.0,3273.0,1.0,1.0,0.0,0.0,0.0,5.0,13.51,0.0
125.0,3273.0,1.0,1.0,0.0,0.0,0.0,5.0,39.2,0.0
126.0,3273.0,1.0,1.0,0.0,0.0,0.0,5.0,0.18,0.0
126.0,3273.0,1.0,1.0,0.0,13.0,0.0,14.0,420.06,1.0
127.0,3273.0,1.0,1.0,0.0,0.0,0.0,5.0,13.26,0.0
128.0,3273.0,1.0,1.0,0.0,0.0,0.0,5.0,22.8,0.0
133.0,3273.0,1.0,1.0,0.0,0.0,0.0,5.0,6.58,0.0
134.0,3273.0,1.0,1.0,0.0,0.0,0.0,5.0,4.21,0.0
134.0,3273.0,1.0,1.0,0.0,41.0,0.0,19.0,340.37,1.0
135.0,3273.0,1.0,1.0,0.0,0.0,0.0,5.0,39.16,0.0
136.0,3273.0,1.0,1.0,0.0,0.0,0.0,5.0,26.6,0.0
151.0,3273.0,1.0,1.0,0.0,1.0,0.0,5.0,26.03,0.0
152.0,3273.0,1.0,1.0,0.0,1.0,0.0,5.0,9.03,0.0
153.0,3273.0,1.0,1.0,0.0,26.0,0.0,12.0,153.24,1.0
153.0,3273.0,1.0,1.0,0.0,1.0,0.0,5.0,10.41,0.0
154.0,3273.0,1.0,1.0,0.0,1.0,0.0,5.0,21.02,0.0
172.0,3273.0,1.0,1.0,0.0,1.0,0.0,5.0,31.3,0.0
173.0,3273.0,1.0,1.0,0.0,1.0,0.0,5.0,40.11,0.0
174.0,3273.0,1.0,1.0,0.0,6.0,0.0,6.0,483.6,1.0
174.0,3273.0,1.0,1.0,0.0,1.0,0.0,5.0,52.04,0.0
175.0,3273.0,1.0,1.0,0.0,1.0,0.0,5.0,5.66,0.0
7.0,3274.0,4.0,0.0,0.0,3.0,0.0,7.0,105.74,0.0
22.0,3274.0,4.0,0.0,0.0,11.0,0.0,12.0,490.43,1.0
45.0,3274.0,4.0,0.0,0.0,3.0,0.0,7.0,44.55,0.0
33.0,3274.0,4.0,0.0,0.0,20.0,0.0,13.0,532.02,1.0
46.0,3274.0,4.0,0.0,0.0,11.0,0.0,12.0,113.73,0.0
47.0,3274.0,4.0,0.0,0.0,6.0,0.0,6.0,29.36,0.0
66.0,3274.0,4.0,0.0,0.0,6.0,0.0,6.0,266.72,1.0
72.0,3274.0,4.0,0.0,0.0,11.0,0.0,12.0,112.83,0.0
81.0,3274.0,4.0,0.0,0.0,22.0,0.0,12.0,265.01,1.0
111.0,3274.0,4.0,0.0,0.0,6.0,0.0,6.0,199.77,0.0
95.0,3274.0,4.0,0.0,0.0,20.0,0.0,13.0,230.5,1.0
111.0,3274.0,4.0,0.0,0.0,2.0,0.0,6.0,73.38,0.0
126.0,3274.0,4.0,0.0,0.0,6.0,0.0,6.0,137.43,0.0
126.0,3274.0,4.0,0.0,0.0,2.0,0.0,6.0,46.19,0.0
146.0,3274.0,4.0,0.0,0.0,22.0,0.0,12.0,421.64,1.0
155.0,3274.0,4.0,0.0,0.0,12.0,0.0,13.0,7.26,0.0
155.0,3274.0,4.0,0.0,0.0,20.0,0.0,13.0,131.27,0.0
7.0,3275.0,0.0,1.0,0.0,6.0,0.0,6.0,36.47,1.0
9.0,3275.0,0.0,1.0,0.0,12.0,0.0,13.0,118.55,0.0
13.0,3275.0,0.0,1.0,0.0,12.0,0.0,13.0,507.18,1.0
14.0,3275.0,0.0,1.0,0.0,12.0,0.0,13.0,33.67,0.0
14.0,3275.0,0.0,1.0,0.0,20.0,0.0,13.0,79.39,0.0
7.0,3276.0,5.0,1.0,0.0,6.0,0.0,6.0,223.8,1.0
7.0,3276.0,5.0,1.0,0.0,13.0,0.0,14.0,5.87,0.0
9.0,3276.0,5.0,1.0,0.0,0.0,0.0,5.0,22.71,0.0
126.0,3278.0,0.0,1.0,0.0,1.0,0.0,5.0,26.24,0.0
127.0,3278.0,0.0,1.0,0.0,1.0,0.0,5.0,21.74,0.0
127.0,3278.0,0.0,1.0,0.0,9.0,0.0,10.0,655.59,1.0
128.0,3278.0,0.0,1.0,0.0,1.0,0.0,5.0,49.97,0.0
129.0,3278.0,0.0,1.0,0.0,1.0,0.0,5.0,32.85,0.0
53.0,3280.0,0.0,1.0,0.0,0.0,0.0,5.0,5.12,0.0
54.0,3280.0,0.0,1.0,0.0,0.0,0.0,5.0,24.72,0.0
54.0,3280.0,0.0,1.0,0.0,35.0,0.0,18.0,1965.81,1.0
56.0,3280.0,0.0,1.0,0.0,13.0,0.0,14.0,23.59,0.0
57.0,3280.0,0.0,1.0,0.0,0.0,0.0,5.0,40.11,0.0
59.0,3280.0,0.0,1.0,0.0,0.0,0.0,5.0,36.83,0.0
60.0,3280.0,0.0,1.0,0.0,0.0,0.0,5.0,10.19,0.0
61.0,3280.0,0.0,1.0,0.0,6.0,0.0,6.0,514.37,1.0
62.0,3280.0,0.0,1.0,0.0,0.0,0.0,5.0,17.89,0.0
63.0,3280.0,0.0,1.0,0.0,0.0,0.0,5.0,25.85,0.0
7.0,3282.0,3.0,0.0,0.0,25.0,0.0,15.0,104.71,0.0
16.0,3282.0,3.0,0.0,0.0,22.0,0.0,12.0,4.87,0.0
18.0,3282.0,3.0,0.0,0.0,6.0,0.0,6.0,120.18,1.0
19.0,3282.0,3.0,0.0,0.0,7.0,0.0,6.0,12.56,0.0
24.0,3282.0,3.0,0.0,0.0,20.0,0.0,13.0,39.8,0.0
45.0,3282.0,3.0,0.0,0.0,6.0,0.0,6.0,231.88,0.0
45.0,3282.0,3.0,0.0,0.0,2.0,0.0,6.0,215.39,0.0
47.0,3282.0,3.0,0.0,0.0,6.0,0.0,6.0,197.01,1.0
68.0,3282.0,3.0,0.0,0.0,13.0,0.0,14.0,0.58,0.0
69.0,3282.0,3.0,0.0,0.0,0.0,0.0,5.0,8.6,0.0
71.0,3282.0,3.0,0.0,0.0,0.0,0.0,5.0,79.83,0.0
72.0,3282.0,3.0,0.0,0.0,0.0,0.0,5.0,20.5,0.0
73.0,3282.0,3.0,0.0,0.0,20.0,0.0,13.0,318.29,1.0
74.0,3282.0,3.0,0.0,0.0,0.0,0.0,5.0,23.25,0.0
75.0,3282.0,3.0,0.0,0.0,0.0,0.0,5.0,22.85,0.0
95.0,3282.0,3.0,0.0,0.0,0.0,0.0,5.0,14.46,0.0
96.0,3282.0,3.0,0.0,0.0,0.0,0.0,5.0,12.17,0.0
97.0,3282.0,3.0,0.0,0.0,22.0,0.0,12.0,329.12,1.0
97.0,3282.0,3.0,0.0,0.0,0.0,0.0,5.0,66.57,0.0
97.0,3282.0,3.0,0.0,0.0,22.0,0.0,12.0,662.87,1.0
97.0,3282.0,3.0,0.0,0.0,6.0,0.0,6.0,149.35,1.0
98.0,3282.0,3.0,0.0,0.0,0.0,0.0,5.0,31.58,0.0
99.0,3282.0,3.0,0.0,0.0,0.0,0.0,5.0,20.08,0.0
107.0,3282.0,3.0,0.0,0.0,0.0,0.0,5.0,35.14,0.0
108.0,3282.0,3.0,0.0,0.0,0.0,0.0,5.0,12.89,0.0
109.0,3282.0,3.0,0.0,0.0,22.0,0.0,12.0,9.26,1.0
109.0,3282.0,3.0,0.0,0.0,0.0,0.0,5.0,34.21,0.0
110.0,3282.0,3.0,0.0,0.0,0.0,0.0,5.0,13.63,0.0
95.0,3283.0,1.0,0.0,0.0,0.0,0.0,5.0,42.38,0.0
96.0,3283.0,1.0,0.0,0.0,0.0,0.0,5.0,54.25,0.0
96.0,3283.0,1.0,0.0,0.0,6.0,0.0,6.0,95.9,1.0
97.0,3283.0,1.0,0.0,0.0,0.0,0.0,5.0,32.66,0.0
98.0,3283.0,1.0,0.0,0.0,0.0,0.0,5.0,31.6,0.0
8.0,3284.0,2.0,1.0,0.0,20.0,0.0,13.0,103.52,0.0
40.0,3284.0,2.0,1.0,0.0,12.0,0.0,13.0,33.16,0.0
41.0,3284.0,2.0,1.0,0.0,12.0,0.0,13.0,20.33,1.0
56.0,3284.0,2.0,1.0,0.0,12.0,0.0,13.0,1.83,0.0
56.0,3284.0,2.0,1.0,0.0,20.0,0.0,13.0,56.5,0.0
84.0,3284.0,2.0,1.0,0.0,13.0,0.0,14.0,62.06,0.0
85.0,3284.0,2.0,1.0,0.0,0.0,0.0,5.0,54.67,0.0
85.0,3284.0,2.0,1.0,0.0,26.0,0.0,12.0,383.64,1.0
86.0,3284.0,2.0,1.0,0.0,0.0,0.0,5.0,2.77,0.0
87.0,3284.0,2.0,1.0,0.0,13.0,0.0,14.0,17.46,0.0
122.0,3284.0,2.0,1.0,0.0,0.0,0.0,5.0,32.48,0.0
123.0,3284.0,2.0,1.0,0.0,0.0,0.0,5.0,0.59,0.0
124.0,3284.0,2.0,1.0,0.0,13.0,0.0,14.0,9.96,1.0
124.0,3284.0,2.0,1.0,0.0,0.0,0.0,5.0,63.27,0.0
125.0,3284.0,2.0,1.0,0.0,0.0,0.0,5.0,27.68,0.0
125.0,3284.0,2.0,1.0,0.0,20.0,0.0,13.0,428.55,1.0
127.0,3284.0,2.0,1.0,0.0,0.0,0.0,5.0,12.67,0.0
128.0,3284.0,2.0,1.0,0.0,0.0,0.0,5.0,26.63,0.0
80.0,3287.0,1.0,1.0,0.0,7.0,0.0,6.0,72.43,0.0
100.0,3287.0,1.0,1.0,0.0,9.0,0.0,10.0,12.96,0.0
101.0,3287.0,1.0,1.0,0.0,11.0,0.0,12.0,356.75,1.0
101.0,3287.0,1.0,1.0,0.0,0.0,0.0,5.0,34.64,0.0
102.0,3287.0,1.0,1.0,0.0,0.0,0.0,5.0,59.34,0.0
7.0,3289.0,4.0,1.0,0.0,26.0,0.0,12.0,353.57,1.0
16.0,3289.0,4.0,1.0,0.0,13.0,0.0,14.0,39.94,0.0
16.0,3289.0,4.0,1.0,0.0,20.0,0.0,13.0,125.09,1.0
17.0,3289.0,4.0,1.0,0.0,0.0,0.0,5.0,5.78,0.0
18.0,3289.0,4.0,1.0,0.0,0.0,0.0,5.0,51.56,0.0
23.0,3289.0,4.0,1.0,0.0,0.0,0.0,5.0,11.4,0.0
24.0,3289.0,4.0,1.0,0.0,0.0,0.0,5.0,41.52,0.0
24.0,3289.0,4.0,1.0,0.0,12.0,0.0,13.0,21.83,1.0
26.0,3289.0,4.0,1.0,0.0,0.0,0.0,5.0,48.64,0.0
27.0,3289.0,4.0,1.0,0.0,0.0,0.0,5.0,6.88,0.0
61.0,3289.0,4.0,1.0,0.0,0.0,0.0,5.0,20.03,0.0
62.0,3289.0,4.0,1.0,0.0,0.0,0.0,5.0,24.51,0.0
62.0,3289.0,4.0,1.0,0.0,6.0,0.0,6.0,30.4,1.0
63.0,3289.0,4.0,1.0,0.0,0.0,0.0,5.0,10.1,0.0
64.0,3289.0,4.0,1.0,0.0,0.0,0.0,5.0,31.59,0.0
79.0,3289.0,4.0,1.0,0.0,0.0,0.0,5.0,73.53,0.0
80.0,3289.0,4.0,1.0,0.0,0.0,0.0,5.0,5.49,0.0
81.0,3289.0,4.0,1.0,0.0,3.0,0.0,7.0,440.35,1.0
81.0,3289.0,4.0,1.0,0.0,0.0,0.0,5.0,52.48,0.0
82.0,3289.0,4.0,1.0,0.0,0.0,0.0,5.0,15.47,0.0
101.0,3289.0,4.0,1.0,0.0,0.0,0.0,5.0,49.74,0.0
102.0,3289.0,4.0,1.0,0.0,0.0,0.0,5.0,14.7,0.0
103.0,3289.0,4.0,1.0,0.0,11.0,0.0,12.0,247.72,1.0
103.0,3289.0,4.0,1.0,0.0,0.0,0.0,5.0,8.12,0.0
104.0,3289.0,4.0,1.0,0.0,9.0,0.0,10.0,12.94,0.0
7.0,3290.0,4.0,0.0,0.0,22.0,0.0,12.0,154.79,1.0
34.0,3290.0,4.0,0.0,0.0,6.0,0.0,6.0,8.72,0.0
48.0,3290.0,4.0,0.0,0.0,12.0,0.0,13.0,52.34,0.0
52.0,3290.0,4.0,0.0,0.0,22.0,0.0,12.0,485.28,1.0
63.0,3290.0,4.0,0.0,0.0,6.0,0.0,6.0,48.85,0.0
63.0,3290.0,4.0,0.0,0.0,2.0,0.0,6.0,65.72,0.0
70.0,3290.0,4.0,0.0,0.0,12.0,0.0,13.0,1.23,0.0
70.0,3290.0,4.0,0.0,0.0,20.0,0.0,13.0,27.52,0.0
82.0,3290.0,4.0,0.0,0.0,22.0,0.0,12.0,71.66,1.0
90.0,3290.0,4.0,0.0,0.0,9.0,0.0,10.0,52.07,0.0
91.0,3290.0,4.0,0.0,0.0,0.0,0.0,5.0,5.69,0.0
108.0,3290.0,4.0,0.0,0.0,0.0,0.0,5.0,26.03,0.0
109.0,3290.0,4.0,0.0,0.0,0.0,0.0,5.0,35.75,0.0
109.0,3290.0,4.0,0.0,0.0,22.0,0.0,12.0,333.36,1.0
110.0,3290.0,4.0,0.0,0.0,0.0,0.0,5.0,9.42,0.0
111.0,3290.0,4.0,0.0,0.0,0.0,0.0,5.0,34.56,0.0
111.0,3294.0,3.0,1.0,0.0,1.0,0.0,5.0,12.57,0.0
112.0,3294.0,3.0,1.0,0.0,1.0,0.0,5.0,8.93,0.0
113.0,3294.0,3.0,1.0,0.0,11.0,0.0,12.0,82.07,1.0
114.0,3294.0,3.0,1.0,0.0,1.0,0.0,5.0,34.64,0.0
115.0,3294.0,3.0,1.0,0.0,1.0,0.0,5.0,44.39,0.0
128.0,3294.0,3.0,1.0,0.0,1.0,0.0,5.0,0.58,0.0
129.0,3294.0,3.0,1.0,0.0,1.0,0.0,5.0,1.38,0.0
129.0,3294.0,3.0,1.0,0.0,22.0,0.0,12.0,23.24,1.0
130.0,3294.0,3.0,1.0,0.0,1.0,0.0,5.0,16.51,0.0
132.0,3294.0,3.0,1.0,0.0,1.0,0.0,5.0,22.61,0.0
146.0,3294.0,3.0,1.0,0.0,1.0,0.0,5.0,6.36,0.0
147.0,3294.0,3.0,1.0,0.0,1.0,0.0,5.0,16.56,0.0
148.0,3294.0,3.0,1.0,0.0,26.0,0.0,12.0,437.75,1.0
148.0,3294.0,3.0,1.0,0.0,1.0,0.0,5.0,4.48,0.0
149.0,3294.0,3.0,1.0,0.0,1.0,0.0,5.0,33.62,0.0
159.0,3294.0,3.0,1.0,0.0,4.0,0.0,6.0,175.49,0.0
160.0,3294.0,3.0,1.0,0.0,1.0,0.0,5.0,34.74,0.0
160.0,3294.0,3.0,1.0,0.0,6.0,0.0,6.0,187.91,1.0
161.0,3294.0,3.0,1.0,0.0,1.0,0.0,5.0,27.28,0.0
162.0,3294.0,3.0,1.0,0.0,1.0,0.0,5.0,26.36,0.0
111.0,3295.0,1.0,1.0,0.0,12.0,0.0,13.0,14.79,0.0
111.0,3295.0,1.0,1.0,0.0,20.0,0.0,13.0,92.73,0.0
111.0,3295.0,1.0,1.0,0.0,22.0,0.0,12.0,326.69,1.0
143.0,3295.0,1.0,1.0,0.0,25.0,0.0,15.0,55.45,0.0
137.0,3295.0,1.0,1.0,0.0,9.0,0.0,10.0,87.45,1.0
156.0,3295.0,1.0,1.0,0.0,22.0,0.0,12.0,89.66,0.0
7.0,3298.0,0.0,1.0,0.0,6.0,0.0,6.0,362.46,0.0
10.0,3298.0,0.0,1.0,0.0,25.0,0.0,15.0,43.56,0.0
17.0,3298.0,0.0,1.0,0.0,22.0,0.0,12.0,698.77,1.0
91.0,3298.0,0.0,1.0,0.0,6.0,0.0,6.0,109.88,0.0
83.0,3298.0,0.0,1.0,0.0,22.0,0.0,12.0,195.88,1.0
91.0,3298.0,0.0,1.0,0.0,7.0,0.0,6.0,2.4,0.0
160.0,3298.0,0.0,1.0,0.0,6.0,0.0,6.0,531.32,1.0
173.0,3298.0,0.0,1.0,0.0,25.0,0.0,15.0,79.43,0.0
29.0,3299.0,3.0,0.0,0.0,1.0,0.0,5.0,3.03,0.0
30.0,3299.0,3.0,0.0,0.0,1.0,0.0,5.0,34.85,0.0
30.0,3299.0,3.0,0.0,0.0,41.0,0.0,19.0,420.68,1.0
32.0,3299.0,3.0,0.0,0.0,1.0,0.0,5.0,1.06,0.0
33.0,3299.0,3.0,0.0,0.0,1.0,0.0,5.0,38.43,0.0
121.0,3299.0,3.0,0.0,0.0,0.0,0.0,5.0,38.19,0.0
122.0,3299.0,3.0,0.0,0.0,0.0,0.0,5.0,15.16,0.0
124.0,3299.0,3.0,0.0,0.0,11.0,0.0,12.0,400.78,1.0
124.0,3299.0,3.0,0.0,0.0,0.0,0.0,5.0,20.01,0.0
125.0,3299.0,3.0,0.0,0.0,32.0,0.0,11.0,54.55,0.0
97.0,3300.0,2.0,1.0,0.0,1.0,0.0,5.0,34.62,0.0
98.0,3300.0,2.0,1.0,0.0,1.0,0.0,5.0,10.91,0.0
99.0,3300.0,2.0,1.0,0.0,22.0,0.0,12.0,574.86,1.0
99.0,3300.0,2.0,1.0,0.0,5.0,0.0,8.0,5.81,0.0
100.0,3300.0,2.0,1.0,0.0,1.0,0.0,5.0,8.31,0.0
61.0,3301.0,0.0,0.0,0.0,1.0,0.0,5.0,50.66,0.0
62.0,3301.0,0.0,0.0,0.0,1.0,0.0,5.0,40.82,0.0
63.0,3301.0,0.0,0.0,0.0,6.0,0.0,6.0,91.07,1.0
63.0,3301.0,0.0,0.0,0.0,1.0,0.0,5.0,37.78,0.0
64.0,3301.0,0.0,0.0,0.0,1.0,0.0,5.0,40.03,0.0
136.0,3301.0,0.0,0.0,0.0,1.0,0.0,5.0,6.15,0.0
137.0,3301.0,0.0,0.0,0.0,1.0,0.0,5.0,31.83,0.0
137.0,3301.0,0.0,0.0,0.0,3.0,0.0,7.0,224.5,1.0
138.0,3301.0,0.0,0.0,0.0,43.0,0.0,9.0,191.45,0.0
139.0,3301.0,0.0,0.0,0.0,4.0,0.0,6.0,55.92,0.0
169.0,3302.0,1.0,0.0,0.0,0.0,0.0,5.0,9.35,0.0
170.0,3302.0,1.0,0.0,0.0,0.0,0.0,5.0,2.31,0.0
170.0,3302.0,1.0,0.0,0.0,6.0,0.0,6.0,696.1,1.0
172.0,3302.0,1.0,0.0,0.0,0.0,0.0,5.0,19.99,0.0
173.0,3302.0,1.0,0.0,0.0,0.0,0.0,5.0,15.45,0.0
64.0,3303.0,0.0,1.0,0.0,18.0,0.0,9.0,279.52,0.0
64.0,3303.0,0.0,1.0,0.0,31.0,0.0,9.0,18.11,0.0
74.0,3303.0,0.0,1.0,0.0,38.0,0.0,19.0,261.38,1.0
76.0,3303.0,0.0,1.0,0.0,12.0,0.0,13.0,53.1,0.0
76.0,3303.0,0.0,1.0,0.0,21.0,0.0,13.0,15.48,0.0
100.0,3303.0,0.0,1.0,0.0,1.0,0.0,5.0,36.22,0.0
101.0,3303.0,0.0,1.0,0.0,1.0,0.0,5.0,3.62,0.0
101.0,3303.0,0.0,1.0,0.0,30.0,0.0,16.0,521.63,1.0
102.0,3303.0,0.0,1.0,0.0,1.0,0.0,5.0,2.42,0.0
103.0,3303.0,0.0,1.0,0.0,1.0,0.0,5.0,8.93,0.0
145.0,3303.0,0.0,1.0,0.0,1.0,0.0,5.0,7.79,0.0
146.0,3303.0,0.0,1.0,0.0,1.0,0.0,5.0,2.47,0.0
147.0,3303.0,0.0,1.0,0.0,12.0,0.0,13.0,641.51,1.0
147.0,3303.0,0.0,1.0,0.0,1.0,0.0,5.0,10.41,0.0
148.0,3303.0,0.0,1.0,0.0,1.0,0.0,5.0,32.4,0.0
152.0,3303.0,0.0,1.0,0.0,14.0,0.0,15.0,100.36,0.0
153.0,3303.0,0.0,1.0,0.0,1.0,0.0,5.0,27.96,0.0
153.0,3303.0,0.0,1.0,0.0,6.0,0.0,6.0,488.19,1.0
154.0,3303.0,0.0,1.0,0.0,1.0,0.0,5.0,52.82,0.0
155.0,3303.0,0.0,1.0,0.0,1.0,0.0,5.0,32.36,0.0
168.0,3303.0,0.0,1.0,0.0,1.0,0.0,5.0,50.38,0.0
169.0,3303.0,0.0,1.0,0.0,1.0,0.0,5.0,15.69,0.0
169.0,3303.0,0.0,1.0,0.0,22.0,0.0,12.0,247.57,1.0
170.0,3303.0,0.0,1.0,0.0,1.0,0.0,5.0,9.12,0.0
171.0,3303.0,0.0,1.0,0.0,5.0,0.0,8.0,17.36,0.0
7.0,3304.0,2.0,0.0,0.0,25.0,0.0,15.0,135.04,0.0
9.0,3304.0,2.0,0.0,0.0,20.0,0.0,13.0,159.43,1.0
13.0,3304.0,2.0,0.0,0.0,12.0,0.0,13.0,66.79,0.0
11.0,3304.0,2.0,0.0,0.0,6.0,0.0,6.0,871.01,1.0
16.0,3304.0,2.0,0.0,0.0,11.0,0.0,12.0,305.75,1.0
17.0,3304.0,2.0,0.0,0.0,3.0,0.0,7.0,55.4,0.0
23.0,3304.0,2.0,0.0,0.0,22.0,0.0,12.0,441.58,1.0
48.0,3304.0,2.0,0.0,0.0,13.0,0.0,14.0,42.01,0.0
35.0,3304.0,2.0,0.0,0.0,38.0,0.0,19.0,232.24,1.0
49.0,3304.0,2.0,0.0,0.0,0.0,0.0,5.0,22.78,0.0
62.0,3304.0,2.0,0.0,0.0,0.0,0.0,5.0,8.86,0.0
63.0,3304.0,2.0,0.0,0.0,0.0,0.0,5.0,4.5,0.0
64.0,3304.0,2.0,0.0,0.0,22.0,0.0,12.0,313.38,1.0
64.0,3304.0,2.0,0.0,0.0,0.0,0.0,5.0,20.89,0.0
65.0,3304.0,2.0,0.0,0.0,23.0,0.0,9.0,240.89,0.0
8.0,3306.0,3.0,1.0,0.0,22.0,0.0,12.0,423.05,1.0
10.0,3306.0,3.0,1.0,0.0,22.0,0.0,12.0,34.56,0.0
15.0,3306.0,3.0,1.0,0.0,20.0,0.0,13.0,7.37,0.0
154.0,3307.0,1.0,0.0,0.0,0.0,0.0,5.0,26.6,0.0
155.0,3307.0,1.0,0.0,0.0,0.0,0.0,5.0,24.94,0.0
156.0,3307.0,1.0,0.0,0.0,22.0,0.0,12.0,356.95,1.0
156.0,3307.0,1.0,0.0,0.0,9.0,0.0,10.0,71.54,0.0
157.0,3307.0,1.0,0.0,0.0,0.0,0.0,5.0,23.6,0.0
8.0,3308.0,1.0,0.0,0.0,20.0,0.0,13.0,134.6,0.0
16.0,3308.0,1.0,0.0,0.0,26.0,0.0,12.0,116.03,1.0
37.0,3308.0,1.0,0.0,0.0,25.0,0.0,15.0,4.09,0.0
42.0,3308.0,1.0,0.0,0.0,20.0,0.0,13.0,312.39,1.0
51.0,3308.0,1.0,0.0,0.0,12.0,0.0,13.0,1.31,0.0
71.0,3308.0,1.0,0.0,0.0,6.0,0.0,6.0,41.46,0.0
107.0,3308.0,1.0,0.0,0.0,35.0,0.0,18.0,1932.47,1.0
119.0,3308.0,1.0,0.0,0.0,12.0,0.0,13.0,130.62,0.0
119.0,3308.0,1.0,0.0,0.0,21.0,0.0,13.0,10.03,0.0
123.0,3308.0,1.0,0.0,0.0,3.0,0.0,7.0,21.28,0.0
133.0,3308.0,1.0,0.0,0.0,26.0,0.0,12.0,461.55,1.0
140.0,3308.0,1.0,0.0,0.0,6.0,0.0,6.0,62.86,0.0
140.0,3308.0,1.0,0.0,0.0,4.0,0.0,6.0,44.51,0.0
163.0,3308.0,1.0,0.0,0.0,0.0,0.0,5.0,56.66,0.0
164.0,3308.0,1.0,0.0,0.0,0.0,0.0,5.0,9.62,0.0
164.0,3308.0,1.0,0.0,0.0,13.0,0.0,14.0,36.92,1.0
165.0,3308.0,1.0,0.0,0.0,0.0,0.0,5.0,9.43,0.0
166.0,3308.0,1.0,0.0,0.0,0.0,0.0,5.0,10.01,0.0
168.0,3308.0,1.0,0.0,0.0,0.0,0.0,5.0,10.0,0.0
169.0,3308.0,1.0,0.0,0.0,0.0,0.0,5.0,31.89,0.0
169.0,3308.0,1.0,0.0,0.0,22.0,0.0,12.0,276.77,1.0
170.0,3308.0,1.0,0.0,0.0,0.0,0.0,5.0,3.98,0.0
172.0,3308.0,1.0,0.0,0.0,0.0,0.0,5.0,29.43,0.0
97.0,3309.0,2.0,0.0,0.0,22.0,0.0,12.0,9.0,0.0
99.0,3309.0,2.0,0.0,0.0,7.0,0.0,6.0,42.97,0.0
114.0,3309.0,2.0,0.0,0.0,22.0,0.0,12.0,213.33,1.0
118.0,3309.0,2.0,0.0,0.0,25.0,0.0,15.0,11.8,0.0
125.0,3309.0,2.0,0.0,0.0,22.0,0.0,12.0,45.04,0.0
134.0,3309.0,2.0,0.0,0.0,48.0,0.0,12.0,115.13,0.0
139.0,3309.0,2.0,0.0,0.0,20.0,0.0,13.0,39.96,0.0
140.0,3309.0,2.0,0.0,0.0,6.0,0.0,6.0,219.96,1.0
142.0,3309.0,2.0,0.0,0.0,22.0,0.0,12.0,7.32,0.0
142.0,3309.0,2.0,0.0,0.0,48.0,0.0,12.0,41.4,0.0
142.0,3309.0,2.0,0.0,0.0,11.0,0.0,12.0,36.53,0.0
146.0,3309.0,2.0,0.0,0.0,6.0,0.0,6.0,109.86,0.0
152.0,3309.0,2.0,0.0,0.0,35.0,0.0,18.0,2143.37,1.0
154.0,3309.0,2.0,0.0,0.0,12.0,0.0,13.0,167.63,0.0
165.0,3309.0,2.0,0.0,0.0,11.0,0.0,12.0,137.74,1.0
166.0,3309.0,2.0,0.0,0.0,25.0,0.0,15.0,2.97,0.0
99.0,3311.0,2.0,1.0,0.0,0.0,0.0,5.0,45.44,0.0
100.0,3311.0,2.0,1.0,0.0,0.0,0.0,5.0,75.06,0.0
100.0,3311.0,2.0,1.0,0.0,6.0,0.0,6.0,865.61,1.0
101.0,3311.0,2.0,1.0,0.0,0.0,0.0,5.0,64.72,0.0
102.0,3311.0,2.0,1.0,0.0,0.0,0.0,5.0,22.59,0.0
103.0,3311.0,2.0,1.0,0.0,0.0,0.0,5.0,14.95,0.0
103.0,3311.0,2.0,1.0,0.0,18.0,0.0,9.0,511.59,1.0
104.0,3311.0,2.0,1.0,0.0,0.0,0.0,5.0,45.32,0.0
105.0,3311.0,2.0,1.0,0.0,13.0,0.0,14.0,50.33,0.0
167.0,3311.0,2.0,1.0,0.0,0.0,0.0,5.0,79.28,0.0
168.0,3311.0,2.0,1.0,0.0,0.0,0.0,5.0,16.55,0.0
168.0,3311.0,2.0,1.0,0.0,6.0,0.0,6.0,105.3,1.0
169.0,3311.0,2.0,1.0,0.0,36.0,0.0,15.0,52.58,0.0
171.0,3311.0,2.0,1.0,0.0,0.0,0.0,5.0,13.95,0.0
24.0,3313.0,4.0,1.0,0.0,1.0,0.0,5.0,23.66,0.0
25.0,3313.0,4.0,1.0,0.0,5.0,0.0,8.0,5.33,0.0
26.0,3313.0,4.0,1.0,0.0,6.0,0.0,6.0,295.18,1.0
26.0,3313.0,4.0,1.0,0.0,1.0,0.0,5.0,8.63,0.0
27.0,3313.0,4.0,1.0,0.0,1.0,0.0,5.0,25.68,0.0
34.0,3313.0,4.0,1.0,0.0,1.0,0.0,5.0,10.74,0.0
35.0,3313.0,4.0,1.0,0.0,1.0,0.0,5.0,25.75,0.0
36.0,3313.0,4.0,1.0,0.0,6.0,0.0,6.0,757.12,1.0
37.0,3313.0,4.0,1.0,0.0,1.0,0.0,5.0,41.86,0.0
38.0,3313.0,4.0,1.0,0.0,1.0,0.0,5.0,5.12,0.0
170.0,3313.0,4.0,1.0,0.0,1.0,0.0,5.0,59.6,0.0
171.0,3313.0,4.0,1.0,0.0,1.0,0.0,5.0,26.91,0.0
171.0,3313.0,4.0,1.0,0.0,6.0,0.0,6.0,493.64,1.0
172.0,3313.0,4.0,1.0,0.0,1.0,0.0,5.0,47.43,0.0
173.0,3313.0,4.0,1.0,0.0,1.0,0.0,5.0,21.69,0.0
8.0,3316.0,0.0,1.0,0.0,20.0,0.0,13.0,111.82,0.0
15.0,3316.0,0.0,1.0,0.0,12.0,0.0,13.0,97.11,0.0
17.0,3316.0,0.0,1.0,0.0,26.0,0.0,12.0,18.17,1.0
21.0,3316.0,0.0,1.0,0.0,13.0,0.0,14.0,64.12,0.0
22.0,3316.0,0.0,1.0,0.0,0.0,0.0,5.0,52.88,0.0
30.0,3316.0,0.0,1.0,0.0,0.0,0.0,5.0,18.55,0.0
31.0,3316.0,0.0,1.0,0.0,0.0,0.0,5.0,46.49,0.0
31.0,3316.0,0.0,1.0,0.0,35.0,0.0,18.0,1087.14,1.0
32.0,3316.0,0.0,1.0,0.0,0.0,0.0,5.0,46.08,0.0
33.0,3316.0,0.0,1.0,0.0,0.0,0.0,5.0,39.25,0.0
78.0,3316.0,0.0,1.0,0.0,1.0,0.0,5.0,66.31,0.0
79.0,3316.0,0.0,1.0,0.0,1.0,0.0,5.0,0.58,0.0
80.0,3316.0,0.0,1.0,0.0,12.0,0.0,13.0,238.3,1.0
80.0,3316.0,0.0,1.0,0.0,1.0,0.0,5.0,29.3,0.0
81.0,3316.0,0.0,1.0,0.0,1.0,0.0,5.0,20.86,0.0
128.0,3316.0,0.0,1.0,0.0,1.0,0.0,5.0,6.34,0.0
129.0,3316.0,0.0,1.0,0.0,5.0,0.0,8.0,26.07,0.0
130.0,3316.0,0.0,1.0,0.0,6.0,0.0,6.0,21.84,1.0
130.0,3316.0,0.0,1.0,0.0,1.0,0.0,5.0,25.31,0.0
131.0,3316.0,0.0,1.0,0.0,1.0,0.0,5.0,43.31,0.0
8.0,3318.0,2.0,1.0,0.0,22.0,0.0,12.0,278.2,1.0
14.0,3318.0,2.0,1.0,0.0,13.0,0.0,14.0,14.5,0.0
12.0,3318.0,2.0,1.0,0.0,27.0,0.0,12.0,552.07,1.0
15.0,3318.0,2.0,1.0,0.0,20.0,0.0,13.0,254.31,1.0
15.0,3318.0,2.0,1.0,0.0,0.0,0.0,5.0,8.68,0.0
16.0,3318.0,2.0,1.0,0.0,0.0,0.0,5.0,13.16,0.0
17.0,3318.0,2.0,1.0,0.0,0.0,0.0,5.0,53.2,0.0
18.0,3318.0,2.0,1.0,0.0,0.0,0.0,5.0,33.15,0.0
18.0,3318.0,2.0,1.0,0.0,35.0,0.0,18.0,2221.54,1.0
18.0,3318.0,2.0,1.0,0.0,6.0,0.0,6.0,238.94,1.0
19.0,3318.0,2.0,1.0,0.0,0.0,0.0,5.0,24.99,0.0
19.0,3318.0,2.0,1.0,0.0,3.0,0.0,7.0,98.9,1.0
21.0,3318.0,2.0,1.0,0.0,0.0,0.0,5.0,39.08,0.0
26.0,3318.0,2.0,1.0,0.0,0.0,0.0,5.0,4.32,0.0
27.0,3318.0,2.0,1.0,0.0,0.0,0.0,5.0,27.48,0.0
27.0,3318.0,2.0,1.0,0.0,20.0,0.0,13.0,142.79,1.0
28.0,3318.0,2.0,1.0,0.0,0.0,0.0,5.0,39.57,0.0
29.0,3318.0,2.0,1.0,0.0,0.0,0.0,5.0,8.38,0.0
30.0,3318.0,2.0,1.0,0.0,0.0,0.0,5.0,60.95,0.0
32.0,3318.0,2.0,1.0,0.0,22.0,0.0,12.0,172.56,1.0
34.0,3318.0,2.0,1.0,0.0,0.0,0.0,5.0,32.17,0.0
35.0,3318.0,2.0,1.0,0.0,32.0,0.0,11.0,210.06,0.0
93.0,3318.0,2.0,1.0,0.0,1.0,0.0,5.0,28.34,0.0
94.0,3318.0,2.0,1.0,0.0,1.0,0.0,5.0,24.48,0.0
94.0,3318.0,2.0,1.0,0.0,22.0,0.0,12.0,321.59,1.0
96.0,3318.0,2.0,1.0,0.0,1.0,0.0,5.0,8.52,0.0
97.0,3318.0,2.0,1.0,0.0,1.0,0.0,5.0,21.69,0.0
129.0,3318.0,2.0,1.0,0.0,1.0,0.0,5.0,14.04,0.0
130.0,3318.0,2.0,1.0,0.0,1.0,0.0,5.0,38.85,0.0
131.0,3318.0,2.0,1.0,0.0,44.0,0.0,13.0,325.58,1.0
131.0,3318.0,2.0,1.0,0.0,1.0,0.0,5.0,22.65,0.0
132.0,3318.0,2.0,1.0,0.0,1.0,0.0,5.0,32.33,0.0
149.0,3318.0,2.0,1.0,0.0,1.0,0.0,5.0,1.69,0.0
150.0,3318.0,2.0,1.0,0.0,1.0,0.0,5.0,34.9,0.0
151.0,3318.0,2.0,1.0,0.0,6.0,0.0,6.0,359.06,1.0
151.0,3318.0,2.0,1.0,0.0,1.0,0.0,5.0,8.26,0.0
152.0,3318.0,2.0,1.0,0.0,1.0,0.0,5.0,25.93,0.0
17.0,3319.0,0.0,1.0,0.0,0.0,0.0,5.0,35.01,0.0
18.0,3319.0,0.0,1.0,0.0,0.0,0.0,5.0,32.01,0.0
19.0,3319.0,0.0,1.0,0.0,30.0,0.0,16.0,86.24,1.0
20.0,3319.0,0.0,1.0,0.0,0.0,0.0,5.0,49.68,0.0
22.0,3319.0,0.0,1.0,0.0,0.0,0.0,5.0,20.34,0.0
32.0,3319.0,0.0,1.0,0.0,15.0,0.0,13.0,65.1,0.0
33.0,3319.0,0.0,1.0,0.0,20.0,0.0,13.0,10.93,0.0
33.0,3319.0,0.0,1.0,0.0,22.0,0.0,12.0,454.59,1.0
57.0,3319.0,0.0,1.0,0.0,22.0,0.0,12.0,141.93,0.0
35.0,3319.0,0.0,1.0,0.0,6.0,0.0,6.0,729.12,1.0
61.0,3319.0,0.0,1.0,0.0,25.0,0.0,15.0,124.57,0.0
98.0,3319.0,0.0,1.0,0.0,2.0,0.0,6.0,61.63,0.0
104.0,3319.0,0.0,1.0,0.0,25.0,0.0,15.0,87.3,0.0
129.0,3319.0,0.0,1.0,0.0,20.0,0.0,13.0,72.49,1.0
171.0,3319.0,0.0,1.0,0.0,22.0,0.0,12.0,1001.56,1.0
8.0,3320.0,1.0,0.0,0.0,9.0,0.0,10.0,125.15,1.0
10.0,3320.0,1.0,0.0,0.0,38.0,0.0,19.0,267.55,1.0
28.0,3320.0,1.0,0.0,0.0,20.0,0.0,13.0,19.43,0.0
15.0,3320.0,1.0,0.0,0.0,16.0,0.0,16.0,135.72,1.0
29.0,3320.0,1.0,0.0,0.0,6.0,0.0,6.0,60.7,0.0
36.0,3320.0,1.0,0.0,0.0,3.0,0.0,7.0,62.18,0.0
42.0,3320.0,1.0,0.0,0.0,16.0,0.0,16.0,134.11,0.0
43.0,3320.0,1.0,0.0,0.0,22.0,0.0,12.0,190.59,1.0
44.0,3320.0,1.0,0.0,0.0,12.0,0.0,13.0,18.63,0.0
66.0,3320.0,1.0,0.0,0.0,11.0,0.0,12.0,18.53,0.0
102.0,3320.0,1.0,0.0,0.0,6.0,0.0,6.0,81.63,0.0
102.0,3320.0,1.0,0.0,0.0,2.0,0.0,6.0,73.61,0.0
114.0,3320.0,1.0,0.0,0.0,6.0,0.0,6.0,40.41,1.0
126.0,3320.0,1.0,0.0,0.0,13.0,0.0,14.0,0.79,0.0
127.0,3320.0,1.0,0.0,0.0,0.0,0.0,5.0,6.99,0.0
112.0,3323.0,1.0,0.0,0.0,9.0,0.0,10.0,69.15,0.0
113.0,3323.0,1.0,0.0,0.0,7.0,0.0,6.0,294.73,0.0
143.0,3323.0,1.0,0.0,0.0,22.0,0.0,12.0,854.28,1.0
151.0,3323.0,1.0,0.0,0.0,20.0,0.0,13.0,41.65,0.0
156.0,3323.0,1.0,0.0,0.0,9.0,0.0,10.0,4.19,0.0
8.0,3324.0,2.0,1.0,0.0,22.0,0.0,12.0,689.86,1.0
10.0,3324.0,2.0,1.0,0.0,13.0,0.0,14.0,22.58,1.0
16.0,3324.0,2.0,1.0,0.0,22.0,0.0,12.0,752.35,1.0
32.0,3324.0,2.0,1.0,0.0,38.0,0.0,19.0,321.47,1.0
41.0,3324.0,2.0,1.0,0.0,30.0,0.0,16.0,180.06,0.0
32.0,3324.0,2.0,1.0,0.0,18.0,0.0,9.0,659.63,1.0
48.0,3324.0,2.0,1.0,0.0,0.0,0.0,5.0,32.75,0.0
149.0,3324.0,2.0,1.0,0.0,1.0,0.0,5.0,37.26,0.0
150.0,3324.0,2.0,1.0,0.0,28.0,0.0,13.0,51.83,0.0
151.0,3324.0,2.0,1.0,0.0,19.0,0.0,9.0,405.49,1.0
151.0,3324.0,2.0,1.0,0.0,0.0,0.0,5.0,50.17,0.0
151.0,3324.0,2.0,1.0,0.0,1.0,0.0,5.0,24.43,0.0
156.0,3324.0,2.0,1.0,0.0,1.0,0.0,5.0,47.74,0.0
157.0,3324.0,2.0,1.0,0.0,1.0,0.0,5.0,7.23,0.0
158.0,3324.0,2.0,1.0,0.0,13.0,0.0,14.0,85.11,1.0
158.0,3324.0,2.0,1.0,0.0,5.0,0.0,8.0,36.58,0.0
159.0,3324.0,2.0,1.0,0.0,1.0,0.0,5.0,5.65,0.0
145.0,3328.0,3.0,1.0,0.0,1.0,0.0,5.0,17.08,0.0
146.0,3328.0,3.0,1.0,0.0,1.0,0.0,5.0,13.87,0.0
147.0,3328.0,3.0,1.0,0.0,12.0,0.0,13.0,119.37,1.0
147.0,3328.0,3.0,1.0,0.0,1.0,0.0,5.0,58.5,0.0
148.0,3328.0,3.0,1.0,0.0,1.0,0.0,5.0,23.99,0.0
29.0,3329.0,1.0,1.0,0.0,47.0,0.0,11.0,110.44,0.0
30.0,3329.0,1.0,1.0,0.0,26.0,0.0,12.0,108.67,0.0
40.0,3329.0,1.0,1.0,0.0,44.0,0.0,13.0,490.99,1.0
66.0,3329.0,1.0,1.0,0.0,3.0,0.0,7.0,1.61,0.0
52.0,3329.0,1.0,1.0,0.0,22.0,0.0,12.0,354.14,1.0
69.0,3329.0,1.0,1.0,0.0,12.0,0.0,13.0,205.33,0.0
83.0,3329.0,1.0,1.0,0.0,22.0,0.0,12.0,782.4,1.0
83.0,3329.0,1.0,1.0,0.0,13.0,0.0,14.0,28.56,0.0
84.0,3329.0,1.0,1.0,0.0,0.0,0.0,5.0,3.53,0.0
88.0,3329.0,1.0,1.0,0.0,0.0,0.0,5.0,43.99,0.0
89.0,3329.0,1.0,1.0,0.0,0.0,0.0,5.0,28.65,0.0
90.0,3329.0,1.0,1.0,0.0,25.0,0.0,15.0,237.19,1.0
90.0,3329.0,1.0,1.0,0.0,0.0,0.0,5.0,42.78,0.0
91.0,3329.0,1.0,1.0,0.0,0.0,0.0,5.0,22.75,0.0
94.0,3329.0,1.0,1.0,0.0,0.0,0.0,5.0,18.37,0.0
95.0,3329.0,1.0,1.0,0.0,0.0,0.0,5.0,6.9,0.0
95.0,3329.0,1.0,1.0,0.0,6.0,0.0,6.0,850.9,1.0
96.0,3329.0,1.0,1.0,0.0,0.0,0.0,5.0,30.13,0.0
96.0,3329.0,1.0,1.0,0.0,20.0,0.0,13.0,111.21,1.0
97.0,3329.0,1.0,1.0,0.0,0.0,0.0,5.0,27.8,0.0
98.0,3329.0,1.0,1.0,0.0,0.0,0.0,5.0,11.73,0.0
115.0,3329.0,1.0,1.0,0.0,1.0,0.0,5.0,36.43,0.0
116.0,3329.0,1.0,1.0,0.0,1.0,0.0,5.0,6.32,0.0
116.0,3329.0,1.0,1.0,0.0,20.0,0.0,13.0,338.99,1.0
117.0,3329.0,1.0,1.0,0.0,1.0,0.0,5.0,10.61,0.0
118.0,3329.0,1.0,1.0,0.0,1.0,0.0,5.0,36.49,0.0
127.0,3329.0,1.0,1.0,0.0,1.0,0.0,5.0,0.72,0.0
128.0,3329.0,1.0,1.0,0.0,28.0,0.0,13.0,74.68,0.0
129.0,3329.0,1.0,1.0,0.0,6.0,0.0,6.0,232.53,1.0
129.0,3329.0,1.0,1.0,0.0,13.0,0.0,14.0,1.27,0.0
130.0,3329.0,1.0,1.0,0.0,0.0,0.0,5.0,9.66,0.0
131.0,3329.0,1.0,1.0,0.0,10.0,0.0,11.0,1030.06,1.0
132.0,3329.0,1.0,1.0,0.0,0.0,0.0,5.0,16.57,0.0
133.0,3329.0,1.0,1.0,0.0,0.0,0.0,5.0,37.98,0.0
145.0,3329.0,1.0,1.0,0.0,0.0,0.0,5.0,2.83,0.0
146.0,3329.0,1.0,1.0,0.0,36.0,0.0,15.0,147.54,0.0
147.0,3329.0,1.0,1.0,0.0,16.0,0.0,16.0,16.21,1.0
147.0,3329.0,1.0,1.0,0.0,0.0,0.0,5.0,21.98,0.0
147.0,3329.0,1.0,1.0,0.0,1.0,0.0,5.0,0.63,0.0
165.0,3329.0,1.0,1.0,0.0,1.0,0.0,5.0,14.91,0.0
166.0,3329.0,1.0,1.0,0.0,4.0,0.0,6.0,42.68,0.0
167.0,3329.0,1.0,1.0,0.0,3.0,0.0,7.0,577.32,1.0
167.0,3329.0,1.0,1.0,0.0,1.0,0.0,5.0,32.75,0.0
168.0,3329.0,1.0,1.0,0.0,1.0,0.0,5.0,42.5,0.0
8.0,3331.0,2.0,1.0,0.0,20.0,0.0,13.0,8.55,0.0
12.0,3331.0,2.0,1.0,0.0,9.0,0.0,10.0,7.9,0.0
12.0,3331.0,2.0,1.0,0.0,38.0,0.0,19.0,294.98,1.0
13.0,3331.0,2.0,1.0,0.0,0.0,0.0,5.0,17.98,0.0
14.0,3331.0,2.0,1.0,0.0,0.0,0.0,5.0,19.96,0.0
16.0,3331.0,2.0,1.0,0.0,0.0,0.0,5.0,17.18,0.0
17.0,3331.0,2.0,1.0,0.0,0.0,0.0,5.0,16.17,0.0
18.0,3331.0,2.0,1.0,0.0,13.0,0.0,14.0,334.25,1.0
18.0,3331.0,2.0,1.0,0.0,0.0,0.0,5.0,83.92,0.0
19.0,3331.0,2.0,1.0,0.0,0.0,0.0,5.0,13.6,0.0
25.0,3331.0,2.0,1.0,0.0,0.0,0.0,5.0,47.37,0.0
26.0,3331.0,2.0,1.0,0.0,0.0,0.0,5.0,9.39,0.0
27.0,3331.0,2.0,1.0,0.0,38.0,0.0,19.0,303.55,1.0
27.0,3331.0,2.0,1.0,0.0,0.0,0.0,5.0,54.33,0.0
28.0,3331.0,2.0,1.0,0.0,0.0,0.0,5.0,26.89,0.0
32.0,3331.0,2.0,1.0,0.0,0.0,0.0,5.0,61.21,0.0
33.0,3331.0,2.0,1.0,0.0,0.0,0.0,5.0,18.44,0.0
33.0,3331.0,2.0,1.0,0.0,16.0,0.0,16.0,949.49,1.0
34.0,3331.0,2.0,1.0,0.0,0.0,0.0,5.0,53.48,0.0
35.0,3331.0,2.0,1.0,0.0,0.0,0.0,5.0,65.56,0.0
36.0,3331.0,2.0,1.0,0.0,0.0,0.0,5.0,10.17,0.0
36.0,3331.0,2.0,1.0,0.0,6.0,0.0,6.0,245.34,1.0
38.0,3331.0,2.0,1.0,0.0,0.0,0.0,5.0,43.86,0.0
39.0,3331.0,2.0,1.0,0.0,0.0,0.0,5.0,52.07,0.0
57.0,3331.0,2.0,1.0,0.0,0.0,0.0,5.0,30.82,0.0
58.0,3331.0,2.0,1.0,0.0,0.0,0.0,5.0,3.24,0.0
59.0,3331.0,2.0,1.0,0.0,22.0,0.0,12.0,3.37,1.0
59.0,3331.0,2.0,1.0,0.0,0.0,0.0,5.0,27.66,0.0
60.0,3331.0,2.0,1.0,0.0,0.0,0.0,5.0,29.1,0.0
98.0,3331.0,2.0,1.0,0.0,1.0,0.0,5.0,18.42,0.0
99.0,3331.0,2.0,1.0,0.0,1.0,0.0,5.0,14.12,0.0
100.0,3331.0,2.0,1.0,0.0,11.0,0.0,12.0,555.67,1.0
100.0,3331.0,2.0,1.0,0.0,1.0,0.0,5.0,44.84,0.0
101.0,3331.0,2.0,1.0,0.0,1.0,0.0,5.0,2.63,0.0
102.0,3331.0,2.0,1.0,0.0,1.0,0.0,5.0,35.69,0.0
102.0,3331.0,2.0,1.0,0.0,38.0,0.0,19.0,371.88,1.0
103.0,3331.0,2.0,1.0,0.0,1.0,0.0,5.0,54.46,0.0
103.0,3331.0,2.0,1.0,0.0,6.0,0.0,6.0,168.2,1.0
104.0,3331.0,2.0,1.0,0.0,1.0,0.0,5.0,50.12,0.0
105.0,3331.0,2.0,1.0,0.0,1.0,0.0,5.0,15.97,0.0
84.0,3332.0,1.0,1.0,0.0,2.0,0.0,6.0,31.64,0.0
86.0,3332.0,1.0,1.0,0.0,25.0,0.0,15.0,101.66,0.0
120.0,3332.0,1.0,1.0,0.0,6.0,0.0,6.0,631.65,1.0
145.0,3332.0,1.0,1.0,0.0,11.0,0.0,12.0,52.37,0.0
148.0,3332.0,1.0,1.0,0.0,3.0,0.0,7.0,152.48,0.0
160.0,3332.0,1.0,1.0,0.0,12.0,0.0,13.0,24.57,0.0
160.0,3332.0,1.0,1.0,0.0,21.0,0.0,13.0,72.36,0.0
170.0,3332.0,1.0,1.0,0.0,22.0,0.0,12.0,5.11,1.0
63.0,3333.0,1.0,1.0,0.0,0.0,0.0,5.0,14.03,0.0
64.0,3333.0,1.0,1.0,0.0,0.0,0.0,5.0,41.76,0.0
65.0,3333.0,1.0,1.0,0.0,41.0,0.0,19.0,178.58,1.0
65.0,3333.0,1.0,1.0,0.0,0.0,0.0,5.0,39.17,0.0
66.0,3333.0,1.0,1.0,0.0,0.0,0.0,5.0,21.06,0.0
126.0,3333.0,1.0,1.0,0.0,1.0,0.0,5.0,28.82,0.0
127.0,3333.0,1.0,1.0,0.0,1.0,0.0,5.0,17.35,0.0
128.0,3333.0,1.0,1.0,0.0,38.0,0.0,19.0,180.98,1.0
128.0,3333.0,1.0,1.0,0.0,1.0,0.0,5.0,15.02,0.0
129.0,3333.0,1.0,1.0,0.0,1.0,0.0,5.0,13.58,0.0
44.0,3335.0,2.0,0.0,0.0,0.0,0.0,5.0,21.54,0.0
45.0,3335.0,2.0,0.0,0.0,9.0,0.0,10.0,60.37,0.0
45.0,3335.0,2.0,0.0,0.0,38.0,0.0,19.0,503.72,1.0
46.0,3335.0,2.0,0.0,0.0,0.0,0.0,5.0,32.63,0.0
47.0,3335.0,2.0,0.0,0.0,0.0,0.0,5.0,5.32,0.0
52.0,3335.0,2.0,0.0,0.0,0.0,0.0,5.0,18.98,0.0
52.0,3335.0,2.0,0.0,0.0,1.0,0.0,5.0,24.15,0.0
52.0,3335.0,2.0,0.0,0.0,19.0,0.0,9.0,523.67,1.0
53.0,3335.0,2.0,0.0,0.0,1.0,0.0,5.0,30.53,0.0
54.0,3335.0,2.0,0.0,0.0,1.0,0.0,5.0,27.51,0.0
60.0,3335.0,2.0,0.0,0.0,1.0,0.0,5.0,14.23,0.0
61.0,3335.0,2.0,0.0,0.0,1.0,0.0,5.0,43.11,0.0
62.0,3335.0,2.0,0.0,0.0,6.0,0.0,6.0,730.33,1.0
62.0,3335.0,2.0,0.0,0.0,1.0,0.0,5.0,32.4,0.0
63.0,3335.0,2.0,0.0,0.0,5.0,0.0,8.0,34.93,0.0
82.0,3335.0,2.0,0.0,0.0,27.0,0.0,12.0,50.49,0.0
83.0,3335.0,2.0,0.0,0.0,0.0,0.0,5.0,24.47,0.0
83.0,3335.0,2.0,0.0,0.0,6.0,0.0,6.0,415.92,1.0
84.0,3335.0,2.0,0.0,0.0,0.0,0.0,5.0,13.71,0.0
85.0,3335.0,2.0,0.0,0.0,0.0,0.0,5.0,13.15,0.0
107.0,3335.0,2.0,0.0,0.0,1.0,0.0,5.0,11.89,0.0
108.0,3335.0,2.0,0.0,0.0,1.0,0.0,5.0,30.44,0.0
109.0,3335.0,2.0,0.0,0.0,6.0,0.0,6.0,862.1,1.0
109.0,3335.0,2.0,0.0,0.0,1.0,0.0,5.0,31.59,0.0
110.0,3335.0,2.0,0.0,0.0,1.0,0.0,5.0,19.63,0.0
10.0,3338.0,4.0,1.0,0.0,12.0,0.0,13.0,79.13,0.0
13.0,3338.0,4.0,1.0,0.0,25.0,0.0,15.0,104.21,0.0
89.0,3338.0,4.0,1.0,0.0,18.0,0.0,9.0,149.03,1.0
96.0,3338.0,4.0,1.0,0.0,6.0,0.0,6.0,171.06,0.0
96.0,3338.0,4.0,1.0,0.0,7.0,0.0,6.0,61.75,0.0
138.0,3338.0,4.0,1.0,0.0,7.0,0.0,6.0,39.16,0.0
138.0,3338.0,4.0,1.0,0.0,2.0,0.0,6.0,34.38,0.0
140.0,3338.0,4.0,1.0,0.0,18.0,0.0,9.0,291.4,1.0
140.0,3338.0,4.0,1.0,0.0,25.0,0.0,15.0,7.37,0.0
149.0,3338.0,4.0,1.0,0.0,12.0,0.0,13.0,46.68,0.0
8.0,3340.0,0.0,1.0,0.0,6.0,0.0,6.0,52.05,0.0
14.0,3340.0,0.0,1.0,0.0,11.0,0.0,12.0,56.78,0.0
39.0,3340.0,0.0,1.0,0.0,38.0,0.0,19.0,259.37,1.0
44.0,3340.0,0.0,1.0,0.0,19.0,0.0,9.0,47.09,0.0
52.0,3340.0,0.0,1.0,0.0,20.0,0.0,13.0,102.38,1.0
83.0,3340.0,0.0,1.0,0.0,20.0,0.0,13.0,49.1,0.0
113.0,3340.0,0.0,1.0,0.0,35.0,0.0,18.0,5496.41,1.0
115.0,3340.0,0.0,1.0,0.0,13.0,0.0,14.0,18.79,0.0
115.0,3340.0,0.0,1.0,0.0,6.0,0.0,6.0,254.87,1.0
116.0,3340.0,0.0,1.0,0.0,20.0,0.0,13.0,53.49,0.0
120.0,3340.0,0.0,1.0,0.0,16.0,0.0,16.0,88.22,0.0
122.0,3340.0,0.0,1.0,0.0,12.0,0.0,13.0,43.57,0.0
130.0,3340.0,0.0,1.0,0.0,6.0,0.0,6.0,352.93,1.0
145.0,3340.0,0.0,1.0,0.0,6.0,0.0,6.0,10.81,0.0
145.0,3340.0,0.0,1.0,0.0,2.0,0.0,6.0,3.68,0.0
68.0,3341.0,1.0,1.0,0.0,7.0,0.0,6.0,10.06,0.0
68.0,3341.0,1.0,1.0,0.0,2.0,0.0,6.0,139.63,0.0
88.0,3341.0,1.0,1.0,0.0,20.0,0.0,13.0,338.14,1.0
107.0,3341.0,1.0,1.0,0.0,6.0,0.0,6.0,57.48,0.0
107.0,3341.0,1.0,1.0,0.0,7.0,0.0,6.0,156.2,0.0
123.0,3341.0,1.0,1.0,0.0,2.0,0.0,6.0,69.72,0.0
126.0,3341.0,1.0,1.0,0.0,25.0,0.0,15.0,12.2,0.0
146.0,3341.0,1.0,1.0,0.0,22.0,0.0,12.0,60.6,1.0
156.0,3341.0,1.0,1.0,0.0,25.0,0.0,15.0,43.5,0.0
160.0,3341.0,1.0,1.0,0.0,20.0,0.0,13.0,299.0,1.0
162.0,3341.0,1.0,1.0,0.0,6.0,0.0,6.0,233.12,0.0
162.0,3341.0,1.0,1.0,0.0,7.0,0.0,6.0,13.32,0.0
96.0,3342.0,1.0,1.0,0.0,25.0,0.0,15.0,11.5,0.0
99.0,3342.0,1.0,1.0,0.0,8.0,0.0,9.0,126.48,0.0
107.0,3342.0,1.0,1.0,0.0,6.0,0.0,6.0,135.38,1.0
128.0,3342.0,1.0,1.0,0.0,8.0,0.0,9.0,65.52,0.0
128.0,3342.0,1.0,1.0,0.0,19.0,0.0,9.0,152.38,0.0
44.0,3343.0,0.0,0.0,0.0,12.0,0.0,13.0,9.26,0.0
44.0,3343.0,0.0,0.0,0.0,20.0,0.0,13.0,48.73,0.0
51.0,3343.0,0.0,0.0,0.0,11.0,0.0,12.0,72.52,1.0
51.0,3343.0,0.0,0.0,0.0,6.0,0.0,6.0,180.86,0.0
56.0,3343.0,0.0,0.0,0.0,6.0,0.0,6.0,54.07,0.0
77.0,3343.0,0.0,0.0,0.0,6.0,0.0,6.0,43.26,0.0
77.0,3343.0,0.0,0.0,0.0,7.0,0.0,6.0,273.34,0.0
136.0,3343.0,0.0,0.0,0.0,12.0,0.0,13.0,125.12,1.0
138.0,3343.0,0.0,0.0,0.0,7.0,0.0,6.0,21.18,0.0
145.0,3343.0,0.0,0.0,0.0,22.0,0.0,12.0,604.69,1.0
162.0,3343.0,0.0,0.0,0.0,9.0,0.0,10.0,93.05,0.0
164.0,3343.0,0.0,0.0,0.0,0.0,0.0,5.0,30.8,0.0
8.0,3346.0,1.0,0.0,0.0,22.0,0.0,12.0,138.06,1.0
10.0,3346.0,1.0,0.0,0.0,15.0,0.0,13.0,14.2,1.0
10.0,3346.0,1.0,0.0,0.0,6.0,0.0,6.0,694.15,1.0
11.0,3346.0,1.0,0.0,0.0,13.0,0.0,14.0,354.31,1.0
14.0,3346.0,1.0,0.0,0.0,6.0,0.0,6.0,30.22,0.0
14.0,3346.0,1.0,0.0,0.0,6.0,0.0,6.0,353.11,1.0
15.0,3346.0,1.0,0.0,0.0,20.0,0.0,13.0,136.53,1.0
25.0,3346.0,1.0,0.0,0.0,22.0,0.0,12.0,226.79,1.0
32.0,3346.0,1.0,0.0,0.0,6.0,0.0,6.0,520.09,1.0
36.0,3346.0,1.0,0.0,0.0,2.0,0.0,6.0,590.1,1.0
37.0,3346.0,1.0,0.0,0.0,22.0,0.0,12.0,191.13,1.0
39.0,3346.0,1.0,0.0,0.0,16.0,0.0,16.0,825.64,1.0
55.0,3346.0,1.0,0.0,0.0,41.0,0.0,19.0,380.41,1.0
56.0,3346.0,1.0,0.0,0.0,6.0,0.0,6.0,525.12,1.0
72.0,3346.0,1.0,0.0,0.0,6.0,0.0,6.0,89.04,0.0
68.0,3346.0,1.0,0.0,0.0,10.0,0.0,11.0,34.68,1.0
72.0,3346.0,1.0,0.0,0.0,2.0,0.0,6.0,18.99,0.0
82.0,3346.0,1.0,0.0,0.0,0.0,0.0,5.0,28.0,0.0
83.0,3346.0,1.0,0.0,0.0,0.0,0.0,5.0,52.86,0.0
83.0,3346.0,1.0,0.0,0.0,3.0,0.0,7.0,69.11,1.0
84.0,3346.0,1.0,0.0,0.0,0.0,0.0,5.0,14.17,0.0
85.0,3346.0,1.0,0.0,0.0,0.0,0.0,5.0,46.95,0.0
96.0,3346.0,1.0,0.0,0.0,0.0,0.0,5.0,28.9,0.0
97.0,3346.0,1.0,0.0,0.0,0.0,0.0,5.0,12.66,0.0
97.0,3346.0,1.0,0.0,0.0,22.0,0.0,12.0,712.66,1.0
98.0,3346.0,1.0,0.0,0.0,0.0,0.0,5.0,29.45,0.0
99.0,3346.0,1.0,0.0,0.0,0.0,0.0,5.0,8.1,0.0
100.0,3346.0,1.0,0.0,0.0,0.0,0.0,5.0,36.43,0.0
101.0,3346.0,1.0,0.0,0.0,0.0,0.0,5.0,15.38,0.0
101.0,3346.0,1.0,0.0,0.0,22.0,0.0,12.0,479.75,1.0
102.0,3346.0,1.0,0.0,0.0,0.0,0.0,5.0,12.97,0.0
103.0,3346.0,1.0,0.0,0.0,0.0,0.0,5.0,33.08,0.0
112.0,3346.0,1.0,0.0,0.0,0.0,0.0,5.0,14.47,0.0
113.0,3346.0,1.0,0.0,0.0,0.0,0.0,5.0,25.05,0.0
113.0,3346.0,1.0,0.0,0.0,22.0,0.0,12.0,226.39,1.0
114.0,3346.0,1.0,0.0,0.0,0.0,0.0,5.0,35.53,0.0
115.0,3346.0,1.0,0.0,0.0,0.0,0.0,5.0,63.01,0.0
118.0,3346.0,1.0,0.0,0.0,0.0,0.0,5.0,23.84,0.0
119.0,3346.0,1.0,0.0,0.0,0.0,0.0,5.0,58.69,0.0
120.0,3346.0,1.0,0.0,0.0,2.0,0.0,6.0,24.18,1.0
120.0,3346.0,1.0,0.0,0.0,0.0,0.0,5.0,19.29,0.0
121.0,3346.0,1.0,0.0,0.0,0.0,0.0,5.0,5.83,0.0
135.0,3346.0,1.0,0.0,0.0,0.0,0.0,5.0,6.93,0.0
136.0,3346.0,1.0,0.0,0.0,0.0,0.0,5.0,69.44,0.0
137.0,3346.0,1.0,0.0,0.0,6.0,0.0,6.0,99.53,1.0
137.0,3346.0,1.0,0.0,0.0,13.0,0.0,14.0,74.48,0.0
138.0,3346.0,1.0,0.0,0.0,0.0,0.0,5.0,23.43,0.0
143.0,3346.0,1.0,0.0,0.0,0.0,0.0,5.0,42.73,0.0
144.0,3346.0,1.0,0.0,0.0,16.0,0.0,16.0,273.7,0.0
151.0,3346.0,1.0,0.0,0.0,13.0,0.0,14.0,17.61,1.0
156.0,3346.0,1.0,0.0,0.0,0.0,0.0,5.0,6.45,0.0
155.0,3346.0,1.0,0.0,0.0,26.0,0.0,12.0,227.79,1.0
157.0,3346.0,1.0,0.0,0.0,0.0,0.0,5.0,25.63,0.0
8.0,3347.0,3.0,0.0,0.0,22.0,0.0,12.0,144.83,1.0
20.0,3347.0,3.0,0.0,0.0,31.0,0.0,9.0,328.66,1.0
35.0,3347.0,3.0,0.0,0.0,12.0,0.0,13.0,106.41,0.0
33.0,3347.0,3.0,0.0,0.0,13.0,0.0,14.0,271.02,1.0
36.0,3347.0,3.0,0.0,0.0,38.0,0.0,19.0,392.35,1.0
38.0,3347.0,3.0,0.0,0.0,13.0,0.0,14.0,21.32,0.0
39.0,3347.0,3.0,0.0,0.0,0.0,0.0,5.0,18.91,0.0
39.0,3347.0,3.0,0.0,0.0,18.0,0.0,9.0,530.99,1.0
40.0,3347.0,3.0,0.0,0.0,0.0,0.0,5.0,0.17,0.0
41.0,3347.0,3.0,0.0,0.0,0.0,0.0,5.0,29.25,0.0
111.0,3347.0,3.0,0.0,0.0,0.0,0.0,5.0,35.74,0.0
112.0,3347.0,3.0,0.0,0.0,0.0,0.0,5.0,0.36,0.0
113.0,3347.0,3.0,0.0,0.0,22.0,0.0,12.0,102.35,1.0
113.0,3347.0,3.0,0.0,0.0,0.0,0.0,5.0,1.24,0.0
114.0,3347.0,3.0,0.0,0.0,0.0,0.0,5.0,31.57,0.0
8.0,3349.0,2.0,0.0,0.0,22.0,0.0,12.0,293.53,1.0
19.0,3349.0,2.0,0.0,0.0,12.0,0.0,13.0,71.55,0.0
39.0,3349.0,2.0,0.0,0.0,13.0,0.0,14.0,55.54,0.0
100.0,3349.0,2.0,0.0,0.0,1.0,0.0,5.0,5.48,0.0
101.0,3349.0,2.0,0.0,0.0,1.0,0.0,5.0,15.54,0.0
101.0,3349.0,2.0,0.0,0.0,17.0,0.0,9.0,234.99,1.0
102.0,3349.0,2.0,0.0,0.0,1.0,0.0,5.0,2.72,0.0
103.0,3349.0,2.0,0.0,0.0,1.0,0.0,5.0,62.35,0.0
119.0,3349.0,2.0,0.0,0.0,1.0,0.0,5.0,41.77,0.0
120.0,3349.0,2.0,0.0,0.0,1.0,0.0,5.0,19.77,0.0
121.0,3349.0,2.0,0.0,0.0,22.0,0.0,12.0,6.92,1.0
121.0,3349.0,2.0,0.0,0.0,1.0,0.0,5.0,71.39,0.0
122.0,3349.0,2.0,0.0,0.0,1.0,0.0,5.0,36.32,0.0
8.0,3350.0,3.0,1.0,0.0,38.0,0.0,19.0,374.89,1.0
9.0,3350.0,3.0,1.0,0.0,25.0,0.0,15.0,103.38,0.0
18.0,3350.0,3.0,1.0,0.0,6.0,0.0,6.0,142.85,0.0
8.0,3354.0,1.0,0.0,0.0,22.0,0.0,12.0,535.42,1.0
31.0,3354.0,1.0,0.0,0.0,0.0,0.0,5.0,74.13,0.0
32.0,3354.0,1.0,0.0,0.0,0.0,0.0,5.0,28.5,0.0
52.0,3354.0,1.0,0.0,0.0,0.0,0.0,5.0,5.02,0.0
53.0,3354.0,1.0,0.0,0.0,0.0,0.0,5.0,38.07,0.0
53.0,3354.0,1.0,0.0,0.0,22.0,0.0,12.0,11.55,1.0
54.0,3354.0,1.0,0.0,0.0,0.0,0.0,5.0,55.81,0.0
55.0,3354.0,1.0,0.0,0.0,0.0,0.0,5.0,12.8,0.0
139.0,3354.0,1.0,0.0,0.0,0.0,0.0,5.0,22.88,0.0
140.0,3354.0,1.0,0.0,0.0,0.0,0.0,5.0,11.31,0.0
140.0,3354.0,1.0,0.0,0.0,8.0,0.0,9.0,420.81,1.0
141.0,3354.0,1.0,0.0,0.0,0.0,0.0,5.0,33.24,0.0
142.0,3354.0,1.0,0.0,0.0,0.0,0.0,5.0,24.97,0.0
109.0,3355.0,2.0,1.0,0.0,0.0,0.0,5.0,37.27,0.0
110.0,3355.0,2.0,1.0,0.0,13.0,0.0,14.0,3.0,0.0
110.0,3355.0,2.0,1.0,0.0,38.0,0.0,19.0,171.81,1.0
111.0,3355.0,2.0,1.0,0.0,0.0,0.0,5.0,16.87,0.0
112.0,3355.0,2.0,1.0,0.0,0.0,0.0,5.0,51.83,0.0
171.0,3355.0,2.0,1.0,0.0,1.0,0.0,5.0,55.13,0.0
172.0,3355.0,2.0,1.0,0.0,1.0,0.0,5.0,2.91,0.0
173.0,3355.0,2.0,1.0,0.0,22.0,0.0,12.0,663.56,1.0
173.0,3355.0,2.0,1.0,0.0,1.0,0.0,5.0,54.87,0.0
174.0,3355.0,2.0,1.0,0.0,1.0,0.0,5.0,24.96,0.0
8.0,3356.0,3.0,1.0,0.0,11.0,0.0,12.0,201.93,0.0
9.0,3356.0,3.0,1.0,0.0,41.0,0.0,19.0,400.38,1.0
15.0,3356.0,3.0,1.0,0.0,6.0,0.0,6.0,98.25,0.0
48.0,3356.0,3.0,1.0,0.0,12.0,0.0,13.0,104.31,0.0
114.0,3356.0,3.0,1.0,0.0,0.0,0.0,5.0,10.29,0.0
116.0,3356.0,3.0,1.0,0.0,0.0,0.0,5.0,29.64,0.0
116.0,3356.0,3.0,1.0,0.0,6.0,0.0,6.0,717.2,1.0
117.0,3356.0,3.0,1.0,0.0,0.0,0.0,5.0,20.36,0.0
118.0,3356.0,3.0,1.0,0.0,0.0,0.0,5.0,8.01,0.0
124.0,3356.0,3.0,1.0,0.0,0.0,0.0,5.0,18.55,0.0
125.0,3356.0,3.0,1.0,0.0,0.0,0.0,5.0,28.36,0.0
125.0,3356.0,3.0,1.0,0.0,20.0,0.0,13.0,21.72,1.0
126.0,3356.0,3.0,1.0,0.0,0.0,0.0,5.0,17.08,0.0
127.0,3356.0,3.0,1.0,0.0,0.0,0.0,5.0,16.84,0.0
36.0,3357.0,2.0,1.0,0.0,13.0,0.0,14.0,81.9,0.0
37.0,3357.0,2.0,1.0,0.0,13.0,0.0,14.0,16.22,0.0
37.0,3357.0,2.0,1.0,0.0,35.0,0.0,18.0,4076.42,1.0
38.0,3357.0,2.0,1.0,0.0,0.0,0.0,5.0,10.5,0.0
39.0,3357.0,2.0,1.0,0.0,0.0,0.0,5.0,15.66,0.0
41.0,3357.0,2.0,1.0,0.0,0.0,0.0,5.0,4.46,0.0
42.0,3357.0,2.0,1.0,0.0,0.0,0.0,5.0,33.43,0.0
42.0,3357.0,2.0,1.0,0.0,41.0,0.0,19.0,237.5,1.0
43.0,3357.0,2.0,1.0,0.0,0.0,0.0,5.0,58.42,0.0
43.0,3357.0,2.0,1.0,0.0,20.0,0.0,13.0,123.33,1.0
44.0,3357.0,2.0,1.0,0.0,0.0,0.0,5.0,23.65,0.0
45.0,3357.0,2.0,1.0,0.0,0.0,0.0,5.0,3.41,0.0
65.0,3357.0,2.0,1.0,0.0,0.0,0.0,5.0,90.19,0.0
66.0,3357.0,2.0,1.0,0.0,0.0,0.0,5.0,24.7,0.0
66.0,3357.0,2.0,1.0,0.0,20.0,0.0,13.0,363.14,1.0
67.0,3357.0,2.0,1.0,0.0,0.0,0.0,5.0,16.41,0.0
69.0,3357.0,2.0,1.0,0.0,0.0,0.0,5.0,8.18,0.0
81.0,3357.0,2.0,1.0,0.0,0.0,0.0,5.0,0.1,0.0
82.0,3357.0,2.0,1.0,0.0,0.0,0.0,5.0,24.7,0.0
83.0,3357.0,2.0,1.0,0.0,22.0,0.0,12.0,7.93,1.0
83.0,3357.0,2.0,1.0,0.0,0.0,0.0,5.0,17.74,0.0
84.0,3357.0,2.0,1.0,0.0,0.0,0.0,5.0,2.34,0.0
157.0,3357.0,2.0,1.0,0.0,1.0,0.0,5.0,18.03,0.0
158.0,3357.0,2.0,1.0,0.0,1.0,0.0,5.0,21.35,0.0
158.0,3357.0,2.0,1.0,0.0,6.0,0.0,6.0,421.67,1.0
160.0,3357.0,2.0,1.0,0.0,1.0,0.0,5.0,22.23,0.0
161.0,3357.0,2.0,1.0,0.0,1.0,0.0,5.0,48.85,0.0
126.0,3359.0,2.0,1.0,0.0,0.0,0.0,5.0,60.82,0.0
127.0,3359.0,2.0,1.0,0.0,0.0,0.0,5.0,21.16,0.0
128.0,3359.0,2.0,1.0,0.0,41.0,0.0,19.0,448.83,1.0
128.0,3359.0,2.0,1.0,0.0,0.0,0.0,5.0,9.45,0.0
129.0,3359.0,2.0,1.0,0.0,0.0,0.0,5.0,17.75,0.0
161.0,3359.0,2.0,1.0,0.0,1.0,0.0,5.0,2.96,0.0
163.0,3359.0,2.0,1.0,0.0,1.0,0.0,5.0,36.51,0.0
163.0,3359.0,2.0,1.0,0.0,21.0,0.0,13.0,175.57,1.0
164.0,3359.0,2.0,1.0,0.0,1.0,0.0,5.0,8.56,0.0
165.0,3359.0,2.0,1.0,0.0,1.0,0.0,5.0,29.36,0.0
8.0,3360.0,2.0,0.0,0.0,38.0,0.0,19.0,371.45,1.0
13.0,3360.0,2.0,0.0,0.0,30.0,0.0,16.0,773.59,1.0
29.0,3360.0,2.0,0.0,0.0,6.0,0.0,6.0,198.26,0.0
22.0,3360.0,2.0,0.0,0.0,18.0,0.0,9.0,814.56,1.0
45.0,3360.0,2.0,0.0,0.0,11.0,0.0,12.0,31.44,0.0
71.0,3360.0,2.0,0.0,0.0,0.0,0.0,5.0,44.68,0.0
72.0,3360.0,2.0,0.0,0.0,0.0,0.0,5.0,5.93,0.0
73.0,3360.0,2.0,0.0,0.0,22.0,0.0,12.0,160.42,1.0
74.0,3360.0,2.0,0.0,0.0,0.0,0.0,5.0,41.12,0.0
75.0,3360.0,2.0,0.0,0.0,0.0,0.0,5.0,7.45,0.0
8.0,3361.0,5.0,0.0,0.0,22.0,0.0,12.0,206.79,0.0
71.0,3361.0,5.0,0.0,0.0,22.0,0.0,12.0,48.59,1.0
76.0,3361.0,5.0,0.0,0.0,20.0,0.0,13.0,88.51,0.0
81.0,3361.0,5.0,0.0,0.0,3.0,0.0,7.0,113.16,1.0
83.0,3361.0,5.0,0.0,0.0,6.0,0.0,6.0,25.87,0.0
113.0,3361.0,5.0,0.0,0.0,11.0,0.0,12.0,129.54,0.0
128.0,3361.0,5.0,0.0,0.0,22.0,0.0,12.0,769.76,1.0
135.0,3361.0,5.0,0.0,0.0,13.0,0.0,14.0,36.62,0.0
129.0,3361.0,5.0,0.0,0.0,22.0,0.0,12.0,486.95,1.0
136.0,3361.0,5.0,0.0,0.0,0.0,0.0,5.0,25.05,0.0
145.0,3361.0,5.0,0.0,0.0,0.0,0.0,5.0,46.9,0.0
146.0,3361.0,5.0,0.0,0.0,0.0,0.0,5.0,47.46,0.0
147.0,3361.0,5.0,0.0,0.0,31.0,0.0,9.0,951.26,1.0
147.0,3361.0,5.0,0.0,0.0,0.0,0.0,5.0,18.62,0.0
148.0,3361.0,5.0,0.0,0.0,0.0,0.0,5.0,35.0,0.0
165.0,3361.0,5.0,0.0,0.0,1.0,0.0,5.0,2.49,0.0
166.0,3361.0,5.0,0.0,0.0,1.0,0.0,5.0,36.87,0.0
167.0,3361.0,5.0,0.0,0.0,25.0,0.0,15.0,20.44,1.0
167.0,3361.0,5.0,0.0,0.0,5.0,0.0,8.0,35.32,0.0
168.0,3361.0,5.0,0.0,0.0,1.0,0.0,5.0,31.3,0.0
66.0,3362.0,1.0,0.0,0.0,12.0,0.0,13.0,25.73,0.0
66.0,3362.0,1.0,0.0,0.0,21.0,0.0,13.0,58.36,0.0
75.0,3362.0,1.0,0.0,0.0,16.0,0.0,16.0,235.34,1.0
86.0,3362.0,1.0,0.0,0.0,13.0,0.0,14.0,77.44,0.0
87.0,3362.0,1.0,0.0,0.0,18.0,0.0,9.0,126.91,0.0
8.0,3363.0,2.0,1.0,0.0,45.0,0.0,18.0,3799.04,1.0
11.0,3363.0,2.0,1.0,0.0,41.0,0.0,19.0,251.74,1.0
18.0,3363.0,2.0,1.0,0.0,7.0,0.0,6.0,138.98,0.0
15.0,3363.0,2.0,1.0,0.0,41.0,0.0,19.0,413.44,1.0
22.0,3363.0,2.0,1.0,0.0,12.0,0.0,13.0,63.31,1.0
23.0,3363.0,2.0,1.0,0.0,22.0,0.0,12.0,213.68,1.0
28.0,3363.0,2.0,1.0,0.0,20.0,0.0,13.0,71.28,0.0
24.0,3363.0,2.0,1.0,0.0,38.0,0.0,19.0,363.48,1.0
30.0,3363.0,2.0,1.0,0.0,6.0,0.0,6.0,122.37,0.0
67.0,3363.0,2.0,1.0,0.0,11.0,0.0,12.0,114.21,0.0
68.0,3363.0,2.0,1.0,0.0,25.0,0.0,15.0,22.67,0.0
77.0,3363.0,2.0,1.0,0.0,15.0,0.0,13.0,91.11,1.0
101.0,3363.0,2.0,1.0,0.0,6.0,0.0,6.0,104.87,0.0
97.0,3363.0,2.0,1.0,0.0,22.0,0.0,12.0,230.14,1.0
101.0,3363.0,2.0,1.0,0.0,7.0,0.0,6.0,13.21,0.0
8.0,3364.0,0.0,1.0,0.0,11.0,0.0,12.0,9.74,0.0
20.0,3364.0,0.0,1.0,0.0,3.0,0.0,7.0,98.52,1.0
24.0,3364.0,0.0,1.0,0.0,12.0,0.0,13.0,40.63,0.0
32.0,3364.0,0.0,1.0,0.0,39.0,0.0,18.0,273.56,0.0
33.0,3364.0,0.0,1.0,0.0,13.0,0.0,14.0,4.45,1.0
50.0,3364.0,0.0,1.0,0.0,12.0,0.0,13.0,61.64,0.0
50.0,3364.0,0.0,1.0,0.0,20.0,0.0,13.0,72.54,0.0
68.0,3364.0,0.0,1.0,0.0,20.0,0.0,13.0,359.49,1.0
73.0,3364.0,0.0,1.0,0.0,6.0,0.0,6.0,214.04,0.0
72.0,3364.0,0.0,1.0,0.0,13.0,0.0,14.0,257.12,1.0
79.0,3364.0,0.0,1.0,0.0,6.0,0.0,6.0,515.46,1.0
82.0,3364.0,0.0,1.0,0.0,11.0,0.0,12.0,78.08,0.0
84.0,3364.0,0.0,1.0,0.0,3.0,0.0,7.0,29.19,0.0
91.0,3364.0,0.0,1.0,0.0,41.0,0.0,19.0,294.86,1.0
94.0,3364.0,0.0,1.0,0.0,6.0,0.0,6.0,6.87,0.0
94.0,3364.0,0.0,1.0,0.0,4.0,0.0,6.0,24.4,0.0
140.0,3364.0,0.0,1.0,0.0,1.0,0.0,5.0,9.42,0.0
141.0,3364.0,0.0,1.0,0.0,1.0,0.0,5.0,29.09,0.0
141.0,3364.0,0.0,1.0,0.0,31.0,0.0,9.0,594.24,1.0
142.0,3364.0,0.0,1.0,0.0,1.0,0.0,5.0,20.74,0.0
143.0,3364.0,0.0,1.0,0.0,1.0,0.0,5.0,36.11,0.0
162.0,3364.0,0.0,1.0,0.0,5.0,0.0,8.0,12.94,0.0
163.0,3364.0,0.0,1.0,0.0,1.0,0.0,5.0,27.83,0.0
164.0,3364.0,0.0,1.0,0.0,6.0,0.0,6.0,543.66,1.0
164.0,3364.0,0.0,1.0,0.0,1.0,0.0,5.0,6.53,0.0
165.0,3364.0,0.0,1.0,0.0,1.0,0.0,5.0,27.29,0.0
8.0,3365.0,4.0,1.0,0.0,22.0,0.0,12.0,360.09,1.0
11.0,3365.0,4.0,1.0,0.0,6.0,0.0,6.0,325.14,1.0
13.0,3365.0,4.0,1.0,0.0,13.0,0.0,14.0,45.36,1.0
13.0,3365.0,4.0,1.0,0.0,22.0,0.0,12.0,341.34,1.0
13.0,3365.0,4.0,1.0,0.0,22.0,0.0,12.0,592.15,1.0
15.0,3365.0,4.0,1.0,0.0,3.0,0.0,7.0,381.93,1.0
17.0,3365.0,4.0,1.0,0.0,6.0,0.0,6.0,251.42,1.0
18.0,3365.0,4.0,1.0,0.0,26.0,0.0,12.0,45.29,1.0
19.0,3365.0,4.0,1.0,0.0,12.0,0.0,13.0,33.98,0.0
18.0,3365.0,4.0,1.0,0.0,6.0,0.0,6.0,36.12,1.0
24.0,3365.0,4.0,1.0,0.0,25.0,0.0,15.0,12.88,0.0
27.0,3365.0,4.0,1.0,0.0,25.0,0.0,15.0,45.9,0.0
29.0,3365.0,4.0,1.0,0.0,22.0,0.0,12.0,1140.84,1.0
34.0,3365.0,4.0,1.0,0.0,3.0,0.0,7.0,506.9,1.0
34.0,3365.0,4.0,1.0,0.0,3.0,0.0,7.0,385.29,1.0
40.0,3365.0,4.0,1.0,0.0,6.0,0.0,6.0,106.79,1.0
44.0,3365.0,4.0,1.0,0.0,22.0,0.0,12.0,571.85,1.0
57.0,3365.0,4.0,1.0,0.0,35.0,0.0,18.0,1451.14,1.0
60.0,3365.0,4.0,1.0,0.0,18.0,0.0,9.0,451.01,1.0
77.0,3365.0,4.0,1.0,0.0,18.0,0.0,9.0,287.65,1.0
115.0,3365.0,4.0,1.0,0.0,9.0,0.0,10.0,31.33,0.0
87.0,3365.0,4.0,1.0,0.0,6.0,0.0,6.0,12.63,1.0
116.0,3365.0,4.0,1.0,0.0,0.0,0.0,5.0,26.0,0.0
120.0,3365.0,4.0,1.0,0.0,0.0,0.0,5.0,18.84,0.0
121.0,3365.0,4.0,1.0,0.0,0.0,0.0,5.0,55.38,0.0
121.0,3365.0,4.0,1.0,0.0,27.0,0.0,12.0,807.62,1.0
124.0,3365.0,4.0,1.0,0.0,0.0,0.0,5.0,61.25,0.0
121.0,3365.0,4.0,1.0,0.0,3.0,0.0,7.0,389.22,1.0
125.0,3365.0,4.0,1.0,0.0,0.0,0.0,5.0,34.81,0.0
128.0,3365.0,4.0,1.0,0.0,0.0,0.0,5.0,12.84,0.0
129.0,3365.0,4.0,1.0,0.0,0.0,0.0,5.0,55.7,0.0
130.0,3365.0,4.0,1.0,0.0,6.0,0.0,6.0,404.11,1.0
130.0,3365.0,4.0,1.0,0.0,0.0,0.0,5.0,27.41,0.0
131.0,3365.0,4.0,1.0,0.0,0.0,0.0,5.0,45.25,0.0
153.0,3365.0,4.0,1.0,0.0,9.0,0.0,10.0,24.44,0.0
154.0,3365.0,4.0,1.0,0.0,7.0,0.0,6.0,63.79,0.0
162.0,3365.0,4.0,1.0,0.0,6.0,0.0,6.0,989.2,1.0
168.0,3365.0,4.0,1.0,0.0,10.0,0.0,11.0,333.82,1.0
174.0,3365.0,4.0,1.0,0.0,30.0,0.0,16.0,57.14,0.0
172.0,3365.0,4.0,1.0,0.0,35.0,0.0,18.0,2374.66,1.0
176.0,3365.0,4.0,1.0,0.0,13.0,0.0,14.0,78.87,0.0
28.0,3366.0,1.0,1.0,0.0,9.0,0.0,10.0,67.1,0.0
29.0,3366.0,1.0,1.0,0.0,20.0,0.0,13.0,19.0,0.0
39.0,3366.0,1.0,1.0,0.0,20.0,0.0,13.0,61.01,1.0
58.0,3366.0,1.0,1.0,0.0,9.0,0.0,10.0,18.46,0.0
57.0,3366.0,1.0,1.0,0.0,22.0,0.0,12.0,410.63,1.0
59.0,3366.0,1.0,1.0,0.0,0.0,0.0,5.0,6.09,0.0
74.0,3366.0,1.0,1.0,0.0,1.0,0.0,5.0,14.87,0.0
75.0,3366.0,1.0,1.0,0.0,5.0,0.0,8.0,9.65,0.0
76.0,3366.0,1.0,1.0,0.0,19.0,0.0,9.0,333.93,1.0
76.0,3366.0,1.0,1.0,0.0,1.0,0.0,5.0,37.74,0.0
77.0,3366.0,1.0,1.0,0.0,1.0,0.0,5.0,33.37,0.0
111.0,3366.0,1.0,1.0,0.0,1.0,0.0,5.0,18.8,0.0
112.0,3366.0,1.0,1.0,0.0,1.0,0.0,5.0,7.11,0.0
113.0,3366.0,1.0,1.0,0.0,3.0,0.0,7.0,158.26,1.0
113.0,3366.0,1.0,1.0,0.0,1.0,0.0,5.0,63.65,0.0
114.0,3366.0,1.0,1.0,0.0,4.0,0.0,6.0,229.51,0.0
167.0,3366.0,1.0,1.0,0.0,1.0,0.0,5.0,0.57,0.0
169.0,3366.0,1.0,1.0,0.0,1.0,0.0,5.0,34.14,0.0
169.0,3366.0,1.0,1.0,0.0,22.0,0.0,12.0,408.36,1.0
170.0,3366.0,1.0,1.0,0.0,1.0,0.0,5.0,42.76,0.0
171.0,3366.0,1.0,1.0,0.0,5.0,0.0,8.0,34.93,0.0
110.0,3369.0,2.0,0.0,0.0,0.0,0.0,5.0,20.85,0.0
111.0,3369.0,2.0,0.0,0.0,0.0,0.0,5.0,11.2,0.0
112.0,3369.0,2.0,0.0,0.0,12.0,0.0,13.0,50.64,1.0
112.0,3369.0,2.0,0.0,0.0,15.0,0.0,13.0,46.16,0.0
114.0,3369.0,2.0,0.0,0.0,0.0,0.0,5.0,22.67,0.0
142.0,3369.0,2.0,0.0,0.0,0.0,0.0,5.0,13.6,0.0
143.0,3369.0,2.0,0.0,0.0,0.0,0.0,5.0,2.26,0.0
143.0,3369.0,2.0,0.0,0.0,22.0,0.0,12.0,337.03,1.0
144.0,3369.0,2.0,0.0,0.0,0.0,0.0,5.0,9.95,0.0
145.0,3369.0,2.0,0.0,0.0,0.0,0.0,5.0,7.49,0.0
118.0,3373.0,0.0,1.0,0.0,0.0,0.0,5.0,22.97,0.0
119.0,3373.0,0.0,1.0,0.0,0.0,0.0,5.0,28.24,0.0
119.0,3373.0,0.0,1.0,0.0,26.0,0.0,12.0,218.52,1.0
120.0,3373.0,0.0,1.0,0.0,0.0,0.0,5.0,41.99,0.0
121.0,3373.0,0.0,1.0,0.0,0.0,0.0,5.0,13.22,0.0
128.0,3373.0,0.0,1.0,0.0,0.0,0.0,5.0,16.66,0.0
129.0,3373.0,0.0,1.0,0.0,0.0,0.0,5.0,31.81,0.0
130.0,3373.0,0.0,1.0,0.0,3.0,0.0,7.0,268.74,1.0
131.0,3373.0,0.0,1.0,0.0,0.0,0.0,5.0,42.8,0.0
132.0,3373.0,0.0,1.0,0.0,0.0,0.0,5.0,28.35,0.0
164.0,3373.0,0.0,1.0,0.0,0.0,0.0,5.0,4.39,0.0
165.0,3373.0,0.0,1.0,0.0,0.0,0.0,5.0,20.25,0.0
165.0,3373.0,0.0,1.0,0.0,27.0,0.0,12.0,350.74,1.0
166.0,3373.0,0.0,1.0,0.0,0.0,0.0,5.0,35.89,0.0
168.0,3373.0,0.0,1.0,0.0,0.0,0.0,5.0,29.01,0.0
168.0,3373.0,0.0,1.0,0.0,10.0,0.0,11.0,588.06,1.0
169.0,3373.0,0.0,1.0,0.0,0.0,0.0,5.0,9.53,0.0
170.0,3373.0,0.0,1.0,0.0,0.0,0.0,5.0,18.23,0.0
9.0,3374.0,0.0,1.0,0.0,7.0,0.0,6.0,141.71,0.0
19.0,3374.0,0.0,1.0,0.0,41.0,0.0,19.0,355.56,1.0
25.0,3374.0,0.0,1.0,0.0,25.0,0.0,15.0,18.93,0.0
31.0,3374.0,0.0,1.0,0.0,22.0,0.0,12.0,694.91,1.0
66.0,3374.0,0.0,1.0,0.0,12.0,0.0,13.0,10.83,0.0
67.0,3374.0,0.0,1.0,0.0,13.0,0.0,14.0,100.62,0.0
97.0,3376.0,1.0,0.0,0.0,0.0,0.0,5.0,37.71,0.0
98.0,3376.0,1.0,0.0,0.0,0.0,0.0,5.0,57.66,0.0
99.0,3376.0,1.0,0.0,0.0,12.0,0.0,13.0,100.72,1.0
99.0,3376.0,1.0,0.0,0.0,0.0,0.0,5.0,6.46,0.0
100.0,3376.0,1.0,0.0,0.0,0.0,0.0,5.0,38.1,0.0
134.0,3376.0,1.0,0.0,0.0,1.0,0.0,5.0,21.27,0.0
135.0,3376.0,1.0,0.0,0.0,1.0,0.0,5.0,55.09,0.0
136.0,3376.0,1.0,0.0,0.0,13.0,0.0,14.0,225.07,1.0
136.0,3376.0,1.0,0.0,0.0,1.0,0.0,5.0,9.09,0.0
137.0,3376.0,1.0,0.0,0.0,1.0,0.0,5.0,3.3,0.0
124.0,3377.0,1.0,1.0,0.0,10.0,0.0,11.0,78.32,0.0
125.0,3377.0,1.0,1.0,0.0,1.0,0.0,5.0,30.39,0.0
126.0,3377.0,1.0,1.0,0.0,16.0,0.0,16.0,107.22,1.0
126.0,3377.0,1.0,1.0,0.0,1.0,0.0,5.0,45.18,0.0
127.0,3377.0,1.0,1.0,0.0,1.0,0.0,5.0,26.99,0.0
156.0,3377.0,1.0,1.0,0.0,1.0,0.0,5.0,14.19,0.0
157.0,3377.0,1.0,1.0,0.0,1.0,0.0,5.0,48.17,0.0
157.0,3377.0,1.0,1.0,0.0,6.0,0.0,6.0,29.0,1.0
158.0,3377.0,1.0,1.0,0.0,1.0,0.0,5.0,47.39,0.0
160.0,3377.0,1.0,1.0,0.0,1.0,0.0,5.0,41.49,0.0
9.0,3378.0,1.0,0.0,0.0,9.0,0.0,10.0,72.37,0.0
9.0,3378.0,1.0,0.0,0.0,27.0,0.0,12.0,100.02,1.0
10.0,3378.0,1.0,0.0,0.0,0.0,0.0,5.0,44.21,0.0
12.0,3378.0,1.0,0.0,0.0,0.0,0.0,5.0,16.21,0.0
13.0,3378.0,1.0,0.0,0.0,0.0,0.0,5.0,10.67,0.0
15.0,3378.0,1.0,0.0,0.0,0.0,0.0,5.0,0.96,0.0
15.0,3378.0,1.0,0.0,0.0,3.0,0.0,7.0,13.21,1.0
16.0,3378.0,1.0,0.0,0.0,0.0,0.0,5.0,9.44,0.0
17.0,3378.0,1.0,0.0,0.0,0.0,0.0,5.0,20.7,0.0
160.0,3378.0,1.0,0.0,0.0,0.0,0.0,5.0,13.27,0.0
161.0,3378.0,1.0,0.0,0.0,0.0,0.0,5.0,33.16,0.0
162.0,3378.0,1.0,0.0,0.0,27.0,0.0,12.0,768.77,1.0
162.0,3378.0,1.0,0.0,0.0,0.0,0.0,5.0,52.83,0.0
164.0,3378.0,1.0,0.0,0.0,0.0,0.0,5.0,24.35,0.0
9.0,3380.0,2.0,1.0,0.0,6.0,0.0,6.0,76.47,0.0
12.0,3380.0,2.0,1.0,0.0,12.0,0.0,13.0,46.51,0.0
33.0,3380.0,2.0,1.0,0.0,13.0,0.0,14.0,152.8,1.0
45.0,3380.0,2.0,1.0,0.0,3.0,0.0,7.0,13.5,0.0
54.0,3380.0,2.0,1.0,0.0,3.0,0.0,7.0,5.59,0.0
86.0,3380.0,2.0,1.0,0.0,0.0,0.0,5.0,14.31,0.0
88.0,3380.0,2.0,1.0,0.0,0.0,0.0,5.0,32.9,0.0
90.0,3380.0,2.0,1.0,0.0,6.0,0.0,6.0,669.98,1.0
90.0,3380.0,2.0,1.0,0.0,0.0,0.0,5.0,14.67,0.0
91.0,3380.0,2.0,1.0,0.0,0.0,0.0,5.0,53.47,0.0
136.0,3380.0,2.0,1.0,0.0,0.0,0.0,5.0,23.16,0.0
137.0,3380.0,2.0,1.0,0.0,0.0,0.0,5.0,50.29,0.0
138.0,3380.0,2.0,1.0,0.0,17.0,0.0,9.0,377.44,1.0
138.0,3380.0,2.0,1.0,0.0,0.0,0.0,5.0,38.73,0.0
139.0,3380.0,2.0,1.0,0.0,0.0,0.0,5.0,18.98,0.0
99.0,3381.0,1.0,1.0,0.0,7.0,0.0,6.0,59.68,0.0
109.0,3381.0,1.0,1.0,0.0,20.0,0.0,13.0,12.85,0.0
128.0,3381.0,1.0,1.0,0.0,6.0,0.0,6.0,250.7,1.0
139.0,3381.0,1.0,1.0,0.0,9.0,0.0,10.0,30.86,0.0
141.0,3381.0,1.0,1.0,0.0,0.0,0.0,5.0,57.31,0.0
163.0,3381.0,1.0,1.0,0.0,0.0,0.0,5.0,18.85,0.0
164.0,3381.0,1.0,1.0,0.0,0.0,0.0,5.0,4.29,0.0
164.0,3381.0,1.0,1.0,0.0,22.0,0.0,12.0,252.5,1.0
165.0,3381.0,1.0,1.0,0.0,0.0,0.0,5.0,38.92,0.0
166.0,3381.0,1.0,1.0,0.0,0.0,0.0,5.0,15.98,0.0
58.0,3382.0,1.0,0.0,0.0,0.0,0.0,5.0,3.71,0.0
59.0,3382.0,1.0,0.0,0.0,0.0,0.0,5.0,31.97,0.0
59.0,3382.0,1.0,0.0,0.0,35.0,0.0,18.0,2464.4,1.0
60.0,3382.0,1.0,0.0,0.0,0.0,0.0,5.0,26.2,0.0
61.0,3382.0,1.0,0.0,0.0,0.0,0.0,5.0,18.93,0.0
67.0,3382.0,1.0,0.0,0.0,0.0,0.0,5.0,33.56,0.0
68.0,3382.0,1.0,0.0,0.0,0.0,0.0,5.0,35.93,0.0
69.0,3382.0,1.0,0.0,0.0,22.0,0.0,12.0,404.47,1.0
69.0,3382.0,1.0,0.0,0.0,0.0,0.0,5.0,80.06,0.0
70.0,3382.0,1.0,0.0,0.0,0.0,0.0,5.0,62.0,0.0
81.0,3382.0,1.0,0.0,0.0,0.0,0.0,5.0,14.15,0.0
82.0,3382.0,1.0,0.0,0.0,0.0,0.0,5.0,9.55,0.0
82.0,3382.0,1.0,0.0,0.0,6.0,0.0,6.0,333.22,1.0
83.0,3382.0,1.0,0.0,0.0,0.0,0.0,5.0,40.34,0.0
84.0,3382.0,1.0,0.0,0.0,0.0,0.0,5.0,4.41,0.0
85.0,3382.0,1.0,0.0,0.0,9.0,0.0,10.0,1.8,0.0
86.0,3382.0,1.0,0.0,0.0,16.0,0.0,16.0,814.88,1.0
86.0,3382.0,1.0,0.0,0.0,0.0,0.0,5.0,3.44,0.0
88.0,3382.0,1.0,0.0,0.0,0.0,0.0,5.0,15.46,0.0
92.0,3382.0,1.0,0.0,0.0,0.0,0.0,5.0,1.01,0.0
94.0,3382.0,1.0,0.0,0.0,0.0,0.0,5.0,36.36,0.0
95.0,3382.0,1.0,0.0,0.0,17.0,0.0,9.0,514.91,1.0
95.0,3382.0,1.0,0.0,0.0,9.0,0.0,10.0,53.08,0.0
96.0,3382.0,1.0,0.0,0.0,3.0,0.0,7.0,633.1,1.0
96.0,3382.0,1.0,0.0,0.0,0.0,0.0,5.0,52.32,0.0
97.0,3382.0,1.0,0.0,0.0,0.0,0.0,5.0,40.5,0.0
107.0,3382.0,1.0,0.0,0.0,0.0,0.0,5.0,14.22,0.0
108.0,3382.0,1.0,0.0,0.0,0.0,0.0,5.0,61.93,0.0
108.0,3382.0,1.0,0.0,0.0,6.0,0.0,6.0,288.75,1.0
110.0,3382.0,1.0,0.0,0.0,0.0,0.0,5.0,32.96,0.0
109.0,3382.0,1.0,0.0,0.0,38.0,0.0,19.0,242.77,1.0
112.0,3382.0,1.0,0.0,0.0,0.0,0.0,5.0,2.37,0.0
142.0,3382.0,1.0,0.0,0.0,0.0,0.0,5.0,43.52,0.0
143.0,3382.0,1.0,0.0,0.0,0.0,0.0,5.0,14.15,0.0
144.0,3382.0,1.0,0.0,0.0,6.0,0.0,6.0,225.39,1.0
144.0,3382.0,1.0,0.0,0.0,0.0,0.0,5.0,2.28,0.0
145.0,3382.0,1.0,0.0,0.0,0.0,0.0,5.0,54.58,0.0
86.0,3383.0,1.0,1.0,0.0,1.0,0.0,5.0,33.41,0.0
87.0,3383.0,1.0,1.0,0.0,1.0,0.0,5.0,39.94,0.0
88.0,3383.0,1.0,1.0,0.0,22.0,0.0,12.0,164.91,1.0
88.0,3383.0,1.0,1.0,0.0,1.0,0.0,5.0,14.14,0.0
89.0,3383.0,1.0,1.0,0.0,1.0,0.0,5.0,11.41,0.0
138.0,3383.0,1.0,1.0,0.0,5.0,0.0,8.0,97.87,0.0
139.0,3383.0,1.0,1.0,0.0,1.0,0.0,5.0,47.77,0.0
139.0,3383.0,1.0,1.0,0.0,22.0,0.0,12.0,280.8,1.0
140.0,3383.0,1.0,1.0,0.0,1.0,0.0,5.0,39.21,0.0
141.0,3383.0,1.0,1.0,0.0,1.0,0.0,5.0,13.28,0.0
167.0,3383.0,1.0,1.0,0.0,4.0,0.0,6.0,106.32,0.0
167.0,3383.0,1.0,1.0,0.0,42.0,0.0,6.0,62.31,0.0
168.0,3383.0,1.0,1.0,0.0,3.0,0.0,7.0,743.76,1.0
168.0,3383.0,1.0,1.0,0.0,1.0,0.0,5.0,11.24,0.0
169.0,3383.0,1.0,1.0,0.0,1.0,0.0,5.0,40.65,0.0
9.0,3386.0,1.0,1.0,0.0,12.0,0.0,13.0,52.0,0.0
39.0,3386.0,1.0,1.0,0.0,25.0,0.0,15.0,18.62,0.0
43.0,3386.0,1.0,1.0,0.0,20.0,0.0,13.0,565.94,1.0
53.0,3386.0,1.0,1.0,0.0,12.0,0.0,13.0,54.35,0.0
53.0,3386.0,1.0,1.0,0.0,20.0,0.0,13.0,68.29,0.0
14.0,3387.0,3.0,1.0,0.0,2.0,0.0,6.0,33.21,0.0
23.0,3387.0,3.0,1.0,0.0,12.0,0.0,13.0,108.06,0.0
28.0,3387.0,3.0,1.0,0.0,22.0,0.0,12.0,899.91,1.0
51.0,3387.0,3.0,1.0,0.0,12.0,0.0,13.0,63.7,0.0
51.0,3387.0,3.0,1.0,0.0,20.0,0.0,13.0,40.29,0.0
113.0,3387.0,3.0,1.0,0.0,0.0,0.0,5.0,2.56,0.0
114.0,3387.0,3.0,1.0,0.0,0.0,0.0,5.0,6.61,0.0
114.0,3387.0,3.0,1.0,0.0,13.0,0.0,14.0,139.66,1.0
115.0,3387.0,3.0,1.0,0.0,0.0,0.0,5.0,4.09,0.0
116.0,3387.0,3.0,1.0,0.0,0.0,0.0,5.0,8.26,0.0
9.0,3388.0,2.0,1.0,0.0,22.0,0.0,12.0,274.91,1.0
9.0,3388.0,2.0,1.0,0.0,18.0,0.0,9.0,867.29,1.0
10.0,3388.0,2.0,1.0,0.0,20.0,0.0,13.0,198.42,1.0
10.0,3388.0,2.0,1.0,0.0,22.0,0.0,12.0,52.94,1.0
11.0,3388.0,2.0,1.0,0.0,10.0,0.0,11.0,615.84,1.0
13.0,3388.0,2.0,1.0,0.0,16.0,0.0,16.0,572.36,1.0
14.0,3388.0,2.0,1.0,0.0,22.0,0.0,12.0,252.59,1.0
14.0,3388.0,2.0,1.0,0.0,20.0,0.0,13.0,45.32,1.0
14.0,3388.0,2.0,1.0,0.0,6.0,0.0,6.0,402.29,1.0
14.0,3388.0,2.0,1.0,0.0,6.0,0.0,6.0,124.37,1.0
15.0,3388.0,2.0,1.0,0.0,9.0,0.0,10.0,129.36,1.0
15.0,3388.0,2.0,1.0,0.0,11.0,0.0,12.0,239.47,1.0
15.0,3388.0,2.0,1.0,0.0,30.0,0.0,16.0,377.26,1.0
16.0,3388.0,2.0,1.0,0.0,6.0,0.0,6.0,503.08,1.0
16.0,3388.0,2.0,1.0,0.0,6.0,0.0,6.0,231.33,1.0
16.0,3388.0,2.0,1.0,0.0,6.0,0.0,6.0,368.53,1.0
17.0,3388.0,2.0,1.0,0.0,22.0,0.0,12.0,69.29,1.0
18.0,3388.0,2.0,1.0,0.0,30.0,0.0,16.0,6.31,0.0
18.0,3388.0,2.0,1.0,0.0,22.0,0.0,12.0,165.11,1.0
18.0,3388.0,2.0,1.0,0.0,6.0,0.0,6.0,268.98,1.0
18.0,3388.0,2.0,1.0,0.0,35.0,0.0,18.0,1450.82,1.0
19.0,3388.0,2.0,1.0,0.0,6.0,0.0,6.0,1111.65,1.0
19.0,3388.0,2.0,1.0,0.0,22.0,0.0,12.0,374.27,1.0
19.0,3388.0,2.0,1.0,0.0,22.0,0.0,12.0,738.17,1.0
20.0,3388.0,2.0,1.0,0.0,22.0,0.0,12.0,442.28,1.0
20.0,3388.0,2.0,1.0,0.0,6.0,0.0,6.0,119.15,1.0
21.0,3388.0,2.0,1.0,0.0,35.0,0.0,18.0,375.64,1.0
22.0,3388.0,2.0,1.0,0.0,6.0,0.0,6.0,551.84,1.0
22.0,3388.0,2.0,1.0,0.0,12.0,0.0,13.0,51.19,1.0
22.0,3388.0,2.0,1.0,0.0,15.0,0.0,13.0,68.91,1.0
23.0,3388.0,2.0,1.0,0.0,20.0,0.0,13.0,306.27,1.0
23.0,3388.0,2.0,1.0,0.0,38.0,0.0,19.0,278.84,1.0
23.0,3388.0,2.0,1.0,0.0,22.0,0.0,12.0,307.32,1.0
23.0,3388.0,2.0,1.0,0.0,22.0,0.0,12.0,2.4,1.0
24.0,3388.0,2.0,1.0,0.0,26.0,0.0,12.0,30.32,1.0
25.0,3388.0,2.0,1.0,0.0,44.0,0.0,13.0,24.35,1.0
26.0,3388.0,2.0,1.0,0.0,38.0,0.0,19.0,136.41,1.0
26.0,3388.0,2.0,1.0,0.0,13.0,0.0,14.0,42.76,0.0
26.0,3388.0,2.0,1.0,0.0,26.0,0.0,12.0,745.48,1.0
27.0,3388.0,2.0,1.0,0.0,25.0,0.0,15.0,347.73,1.0
27.0,3388.0,2.0,1.0,0.0,0.0,0.0,5.0,25.61,0.0
28.0,3388.0,2.0,1.0,0.0,6.0,0.0,6.0,68.94,1.0
28.0,3388.0,2.0,1.0,0.0,0.0,0.0,5.0,27.47,0.0
29.0,3388.0,2.0,1.0,0.0,0.0,0.0,5.0,23.2,0.0
29.0,3388.0,2.0,1.0,0.0,44.0,0.0,13.0,321.73,1.0
30.0,3388.0,2.0,1.0,0.0,0.0,0.0,5.0,16.86,0.0
31.0,3388.0,2.0,1.0,0.0,15.0,0.0,13.0,104.26,0.0
32.0,3388.0,2.0,1.0,0.0,0.0,0.0,5.0,12.73,0.0
32.0,3388.0,2.0,1.0,0.0,26.0,0.0,12.0,955.34,1.0
33.0,3388.0,2.0,1.0,0.0,0.0,0.0,5.0,7.98,0.0
32.0,3388.0,2.0,1.0,0.0,20.0,0.0,13.0,59.13,1.0
33.0,3388.0,2.0,1.0,0.0,6.0,0.0,6.0,649.1,1.0
34.0,3388.0,2.0,1.0,0.0,0.0,0.0,5.0,11.93,0.0
34.0,3388.0,2.0,1.0,0.0,38.0,0.0,19.0,317.26,1.0
35.0,3388.0,2.0,1.0,0.0,0.0,0.0,5.0,51.15,0.0
35.0,3388.0,2.0,1.0,0.0,26.0,0.0,12.0,294.23,1.0
36.0,3388.0,2.0,1.0,0.0,0.0,0.0,5.0,62.9,0.0
37.0,3388.0,2.0,1.0,0.0,6.0,0.0,6.0,353.62,1.0
37.0,3388.0,2.0,1.0,0.0,0.0,0.0,5.0,24.04,0.0
37.0,3388.0,2.0,1.0,0.0,35.0,0.0,18.0,2510.55,1.0
38.0,3388.0,2.0,1.0,0.0,0.0,0.0,5.0,35.62,0.0
38.0,3388.0,2.0,1.0,0.0,22.0,0.0,12.0,135.95,1.0
39.0,3388.0,2.0,1.0,0.0,0.0,0.0,5.0,28.76,0.0
39.0,3388.0,2.0,1.0,0.0,27.0,0.0,12.0,167.59,1.0
40.0,3388.0,2.0,1.0,0.0,0.0,0.0,5.0,31.87,0.0
40.0,3388.0,2.0,1.0,0.0,30.0,0.0,16.0,39.82,1.0
41.0,3388.0,2.0,1.0,0.0,0.0,0.0,5.0,44.06,0.0
41.0,3388.0,2.0,1.0,0.0,6.0,0.0,6.0,223.01,1.0
42.0,3388.0,2.0,1.0,0.0,0.0,0.0,5.0,16.33,0.0
43.0,3388.0,2.0,1.0,0.0,10.0,0.0,11.0,470.06,1.0
43.0,3388.0,2.0,1.0,0.0,0.0,0.0,5.0,20.2,0.0
43.0,3388.0,2.0,1.0,0.0,19.0,0.0,9.0,510.73,1.0
44.0,3388.0,2.0,1.0,0.0,0.0,0.0,5.0,52.0,0.0
44.0,3388.0,2.0,1.0,0.0,13.0,0.0,14.0,1.45,1.0
45.0,3388.0,2.0,1.0,0.0,0.0,0.0,5.0,44.69,0.0
44.0,3388.0,2.0,1.0,0.0,20.0,0.0,13.0,178.11,1.0
46.0,3388.0,2.0,1.0,0.0,0.0,0.0,5.0,21.24,0.0
46.0,3388.0,2.0,1.0,0.0,9.0,0.0,10.0,22.58,1.0
47.0,3388.0,2.0,1.0,0.0,0.0,0.0,5.0,1.47,0.0
47.0,3388.0,2.0,1.0,0.0,22.0,0.0,12.0,97.16,1.0
48.0,3388.0,2.0,1.0,0.0,9.0,0.0,10.0,26.63,0.0
48.0,3388.0,2.0,1.0,0.0,22.0,0.0,12.0,354.32,1.0
49.0,3388.0,2.0,1.0,0.0,0.0,0.0,5.0,29.88,0.0
51.0,3388.0,2.0,1.0,0.0,0.0,0.0,5.0,26.23,0.0
52.0,3388.0,2.0,1.0,0.0,0.0,0.0,5.0,26.4,0.0
53.0,3388.0,2.0,1.0,0.0,6.0,0.0,6.0,495.43,1.0
53.0,3388.0,2.0,1.0,0.0,0.0,0.0,5.0,36.53,0.0
53.0,3388.0,2.0,1.0,0.0,22.0,0.0,12.0,110.52,1.0
54.0,3388.0,2.0,1.0,0.0,6.0,0.0,6.0,148.02,1.0
54.0,3388.0,2.0,1.0,0.0,0.0,0.0,5.0,25.14,0.0
55.0,3388.0,2.0,1.0,0.0,0.0,0.0,5.0,20.22,0.0
56.0,3388.0,2.0,1.0,0.0,35.0,0.0,18.0,4774.78,1.0
56.0,3388.0,2.0,1.0,0.0,0.0,0.0,5.0,6.08,0.0
57.0,3388.0,2.0,1.0,0.0,0.0,0.0,5.0,39.47,0.0
58.0,3388.0,2.0,1.0,0.0,0.0,0.0,5.0,53.18,0.0
58.0,3388.0,2.0,1.0,0.0,9.0,0.0,10.0,203.28,1.0
59.0,3388.0,2.0,1.0,0.0,0.0,0.0,5.0,3.26,0.0
60.0,3388.0,2.0,1.0,0.0,0.0,0.0,5.0,0.15,0.0
60.0,3388.0,2.0,1.0,0.0,6.0,0.0,6.0,139.6,1.0
61.0,3388.0,2.0,1.0,0.0,17.0,0.0,9.0,230.87,1.0
61.0,3388.0,2.0,1.0,0.0,0.0,0.0,5.0,46.17,0.0
61.0,3388.0,2.0,1.0,0.0,17.0,0.0,9.0,229.43,1.0
62.0,3388.0,2.0,1.0,0.0,13.0,0.0,14.0,238.33,1.0
63.0,3388.0,2.0,1.0,0.0,0.0,0.0,5.0,27.86,0.0
63.0,3388.0,2.0,1.0,0.0,17.0,0.0,9.0,904.01,1.0
64.0,3388.0,2.0,1.0,0.0,36.0,0.0,15.0,91.05,0.0
64.0,3388.0,2.0,1.0,0.0,7.0,0.0,6.0,691.56,1.0
66.0,3388.0,2.0,1.0,0.0,0.0,0.0,5.0,7.76,0.0
65.0,3388.0,2.0,1.0,0.0,22.0,0.0,12.0,419.87,1.0
66.0,3388.0,2.0,1.0,0.0,1.0,0.0,5.0,32.78,0.0
67.0,3388.0,2.0,1.0,0.0,1.0,0.0,5.0,28.73,0.0
67.0,3388.0,2.0,1.0,0.0,22.0,0.0,12.0,2.7,1.0
68.0,3388.0,2.0,1.0,0.0,1.0,0.0,5.0,25.02,0.0
67.0,3388.0,2.0,1.0,0.0,35.0,0.0,18.0,930.18,1.0
69.0,3388.0,2.0,1.0,0.0,1.0,0.0,5.0,2.03,0.0
71.0,3388.0,2.0,1.0,0.0,1.0,0.0,5.0,27.46,0.0
72.0,3388.0,2.0,1.0,0.0,1.0,0.0,5.0,43.62,0.0
72.0,3388.0,2.0,1.0,0.0,18.0,0.0,9.0,532.93,1.0
73.0,3388.0,2.0,1.0,0.0,5.0,0.0,8.0,10.23,0.0
73.0,3388.0,2.0,1.0,0.0,6.0,0.0,6.0,98.76,1.0
74.0,3388.0,2.0,1.0,0.0,1.0,0.0,5.0,37.38,0.0
74.0,3388.0,2.0,1.0,0.0,6.0,0.0,6.0,465.48,1.0
75.0,3388.0,2.0,1.0,0.0,1.0,0.0,5.0,30.94,0.0
76.0,3388.0,2.0,1.0,0.0,17.0,0.0,9.0,395.26,1.0
76.0,3388.0,2.0,1.0,0.0,1.0,0.0,5.0,51.33,0.0
77.0,3388.0,2.0,1.0,0.0,1.0,0.0,5.0,19.09,0.0
78.0,3388.0,2.0,1.0,0.0,1.0,0.0,5.0,56.77,0.0
79.0,3388.0,2.0,1.0,0.0,22.0,0.0,12.0,328.18,1.0
79.0,3388.0,2.0,1.0,0.0,1.0,0.0,5.0,6.31,0.0
79.0,3388.0,2.0,1.0,0.0,11.0,0.0,12.0,198.66,1.0
80.0,3388.0,2.0,1.0,0.0,1.0,0.0,5.0,45.31,0.0
81.0,3388.0,2.0,1.0,0.0,1.0,0.0,5.0,7.84,0.0
82.0,3388.0,2.0,1.0,0.0,1.0,0.0,5.0,65.6,0.0
83.0,3388.0,2.0,1.0,0.0,38.0,0.0,19.0,270.88,1.0
84.0,3388.0,2.0,1.0,0.0,1.0,0.0,5.0,0.55,0.0
84.0,3388.0,2.0,1.0,0.0,6.0,0.0,6.0,77.61,1.0
85.0,3388.0,2.0,1.0,0.0,1.0,0.0,5.0,86.97,0.0
86.0,3388.0,2.0,1.0,0.0,1.0,0.0,5.0,66.96,0.0
87.0,3388.0,2.0,1.0,0.0,1.0,0.0,5.0,1.84,0.0
88.0,3388.0,2.0,1.0,0.0,1.0,0.0,5.0,46.92,0.0
89.0,3388.0,2.0,1.0,0.0,6.0,0.0,6.0,270.11,1.0
89.0,3388.0,2.0,1.0,0.0,1.0,0.0,5.0,0.03,0.0
90.0,3388.0,2.0,1.0,0.0,1.0,0.0,5.0,22.17,0.0
92.0,3388.0,2.0,1.0,0.0,1.0,0.0,5.0,3.95,0.0
93.0,3388.0,2.0,1.0,0.0,5.0,0.0,8.0,100.37,0.0
93.0,3388.0,2.0,1.0,0.0,22.0,0.0,12.0,203.8,1.0
94.0,3388.0,2.0,1.0,0.0,1.0,0.0,5.0,54.71,0.0
95.0,3388.0,2.0,1.0,0.0,1.0,0.0,5.0,8.02,0.0
96.0,3388.0,2.0,1.0,0.0,1.0,0.0,5.0,44.65,0.0
99.0,3388.0,2.0,1.0,0.0,38.0,0.0,19.0,261.39,1.0
99.0,3388.0,2.0,1.0,0.0,1.0,0.0,5.0,31.13,0.0
100.0,3388.0,2.0,1.0,0.0,35.0,0.0,18.0,5184.55,1.0
100.0,3388.0,2.0,1.0,0.0,5.0,0.0,8.0,33.43,0.0
101.0,3388.0,2.0,1.0,0.0,22.0,0.0,12.0,372.54,1.0
101.0,3388.0,2.0,1.0,0.0,43.0,0.0,9.0,225.93,0.0
101.0,3388.0,2.0,1.0,0.0,10.0,0.0,11.0,275.59,1.0
102.0,3388.0,2.0,1.0,0.0,38.0,0.0,19.0,563.84,1.0
102.0,3388.0,2.0,1.0,0.0,0.0,0.0,5.0,33.34,0.0
102.0,3388.0,2.0,1.0,0.0,1.0,0.0,5.0,9.57,0.0
104.0,3388.0,2.0,1.0,0.0,1.0,0.0,5.0,21.63,0.0
105.0,3388.0,2.0,1.0,0.0,1.0,0.0,5.0,11.73,0.0
106.0,3388.0,2.0,1.0,0.0,13.0,0.0,14.0,293.71,1.0
106.0,3388.0,2.0,1.0,0.0,1.0,0.0,5.0,25.16,0.0
106.0,3388.0,2.0,1.0,0.0,35.0,0.0,18.0,1876.55,1.0
107.0,3388.0,2.0,1.0,0.0,1.0,0.0,5.0,19.97,0.0
108.0,3388.0,2.0,1.0,0.0,5.0,0.0,8.0,33.44,0.0
109.0,3388.0,2.0,1.0,0.0,1.0,0.0,5.0,10.88,0.0
109.0,3388.0,2.0,1.0,0.0,25.0,0.0,15.0,363.02,1.0
110.0,3388.0,2.0,1.0,0.0,1.0,0.0,5.0,7.56,0.0
109.0,3388.0,2.0,1.0,0.0,6.0,0.0,6.0,52.95,1.0
111.0,3388.0,2.0,1.0,0.0,1.0,0.0,5.0,9.48,0.0
113.0,3388.0,2.0,1.0,0.0,1.0,0.0,5.0,25.81,0.0
114.0,3388.0,2.0,1.0,0.0,1.0,0.0,5.0,3.8,0.0
114.0,3388.0,2.0,1.0,0.0,6.0,0.0,6.0,597.59,1.0
115.0,3388.0,2.0,1.0,0.0,1.0,0.0,5.0,8.06,0.0
116.0,3388.0,2.0,1.0,0.0,1.0,0.0,5.0,19.93,0.0
123.0,3388.0,2.0,1.0,0.0,1.0,0.0,5.0,24.62,0.0
124.0,3388.0,2.0,1.0,0.0,28.0,0.0,13.0,28.56,0.0
124.0,3388.0,2.0,1.0,0.0,22.0,0.0,12.0,530.38,1.0
125.0,3388.0,2.0,1.0,0.0,0.0,0.0,5.0,54.22,0.0
125.0,3388.0,2.0,1.0,0.0,1.0,0.0,5.0,18.53,0.0
129.0,3388.0,2.0,1.0,0.0,1.0,0.0,5.0,23.13,0.0
130.0,3388.0,2.0,1.0,0.0,1.0,0.0,5.0,24.76,0.0
131.0,3388.0,2.0,1.0,0.0,6.0,0.0,6.0,296.59,1.0
131.0,3388.0,2.0,1.0,0.0,1.0,0.0,5.0,56.67,0.0
132.0,3388.0,2.0,1.0,0.0,1.0,0.0,5.0,37.75,0.0
133.0,3388.0,2.0,1.0,0.0,1.0,0.0,5.0,6.79,0.0
133.0,3388.0,2.0,1.0,0.0,6.0,0.0,6.0,539.39,1.0
134.0,3388.0,2.0,1.0,0.0,1.0,0.0,5.0,4.24,0.0
133.0,3388.0,2.0,1.0,0.0,21.0,0.0,13.0,251.64,1.0
134.0,3388.0,2.0,1.0,0.0,35.0,0.0,18.0,2112.57,1.0
135.0,3388.0,2.0,1.0,0.0,1.0,0.0,5.0,37.68,0.0
136.0,3388.0,2.0,1.0,0.0,1.0,0.0,5.0,12.37,0.0
137.0,3388.0,2.0,1.0,0.0,11.0,0.0,12.0,488.53,1.0
137.0,3388.0,2.0,1.0,0.0,28.0,0.0,13.0,104.86,0.0
138.0,3388.0,2.0,1.0,0.0,0.0,0.0,5.0,15.66,0.0
138.0,3388.0,2.0,1.0,0.0,1.0,0.0,5.0,6.44,0.0
139.0,3388.0,2.0,1.0,0.0,20.0,0.0,13.0,30.34,1.0
139.0,3388.0,2.0,1.0,0.0,1.0,0.0,5.0,27.83,0.0
140.0,3388.0,2.0,1.0,0.0,1.0,0.0,5.0,60.99,0.0
146.0,3388.0,2.0,1.0,0.0,1.0,0.0,5.0,23.38,0.0
147.0,3388.0,2.0,1.0,0.0,1.0,0.0,5.0,66.17,0.0
147.0,3388.0,2.0,1.0,0.0,25.0,0.0,15.0,35.99,1.0
148.0,3388.0,2.0,1.0,0.0,1.0,0.0,5.0,17.83,0.0
148.0,3388.0,2.0,1.0,0.0,30.0,0.0,16.0,342.89,1.0
150.0,3388.0,2.0,1.0,0.0,1.0,0.0,5.0,28.08,0.0
151.0,3388.0,2.0,1.0,0.0,30.0,0.0,16.0,165.93,1.0
151.0,3388.0,2.0,1.0,0.0,1.0,0.0,5.0,35.79,0.0
152.0,3388.0,2.0,1.0,0.0,1.0,0.0,5.0,8.22,0.0
153.0,3388.0,2.0,1.0,0.0,1.0,0.0,5.0,38.84,0.0
155.0,3388.0,2.0,1.0,0.0,1.0,0.0,5.0,5.63,0.0
156.0,3388.0,2.0,1.0,0.0,20.0,0.0,13.0,161.03,1.0
156.0,3388.0,2.0,1.0,0.0,1.0,0.0,5.0,79.24,0.0
157.0,3388.0,2.0,1.0,0.0,20.0,0.0,13.0,119.74,1.0
157.0,3388.0,2.0,1.0,0.0,1.0,0.0,5.0,36.02,0.0
158.0,3388.0,2.0,1.0,0.0,1.0,0.0,5.0,14.91,0.0
158.0,3388.0,2.0,1.0,0.0,25.0,0.0,15.0,410.75,1.0
159.0,3388.0,2.0,1.0,0.0,1.0,0.0,5.0,39.23,0.0
160.0,3388.0,2.0,1.0,0.0,1.0,0.0,5.0,50.62,0.0
162.0,3388.0,2.0,1.0,0.0,1.0,0.0,5.0,22.12,0.0
163.0,3388.0,2.0,1.0,0.0,1.0,0.0,5.0,12.28,0.0
164.0,3388.0,2.0,1.0,0.0,6.0,0.0,6.0,387.76,1.0
164.0,3388.0,2.0,1.0,0.0,5.0,0.0,8.0,116.86,0.0
165.0,3388.0,2.0,1.0,0.0,1.0,0.0,5.0,21.77,0.0
167.0,3388.0,2.0,1.0,0.0,1.0,0.0,5.0,15.29,0.0
168.0,3388.0,2.0,1.0,0.0,1.0,0.0,5.0,36.24,0.0
169.0,3388.0,2.0,1.0,0.0,6.0,0.0,6.0,701.97,1.0
169.0,3388.0,2.0,1.0,0.0,4.0,0.0,6.0,172.0,0.0
169.0,3388.0,2.0,1.0,0.0,42.0,0.0,6.0,43.39,0.0
171.0,3388.0,2.0,1.0,0.0,1.0,0.0,5.0,40.22,0.0
172.0,3388.0,2.0,1.0,0.0,1.0,0.0,5.0,40.33,0.0
172.0,3388.0,2.0,1.0,0.0,20.0,0.0,13.0,62.46,1.0
173.0,3388.0,2.0,1.0,0.0,1.0,0.0,5.0,21.02,0.0
174.0,3388.0,2.0,1.0,0.0,3.0,0.0,7.0,221.05,1.0
174.0,3388.0,2.0,1.0,0.0,1.0,0.0,5.0,39.12,0.0
175.0,3388.0,2.0,1.0,0.0,1.0,0.0,5.0,9.17,0.0
176.0,3388.0,2.0,1.0,0.0,1.0,0.0,5.0,13.94,0.0
177.0,3388.0,2.0,1.0,0.0,1.0,0.0,5.0,23.92,0.0
178.0,3388.0,2.0,1.0,0.0,17.0,0.0,9.0,482.11,1.0
178.0,3388.0,2.0,1.0,0.0,1.0,0.0,5.0,63.33,0.0
179.0,3388.0,2.0,1.0,0.0,4.0,0.0,6.0,35.55,0.0
18.0,3391.0,2.0,1.0,0.0,25.0,0.0,15.0,32.83,0.0
54.0,3391.0,2.0,1.0,0.0,6.0,0.0,6.0,19.92,0.0
69.0,3391.0,2.0,1.0,0.0,6.0,0.0,6.0,78.96,1.0
104.0,3391.0,2.0,1.0,0.0,6.0,0.0,6.0,11.37,0.0
104.0,3391.0,2.0,1.0,0.0,2.0,0.0,6.0,227.18,0.0
114.0,3391.0,2.0,1.0,0.0,17.0,0.0,9.0,854.3,1.0
127.0,3391.0,2.0,1.0,0.0,11.0,0.0,12.0,129.02,0.0
116.0,3391.0,2.0,1.0,0.0,6.0,0.0,6.0,505.41,1.0
131.0,3391.0,2.0,1.0,0.0,6.0,0.0,6.0,83.11,0.0
20.0,3392.0,2.0,1.0,0.0,0.0,0.0,5.0,24.24,0.0
22.0,3392.0,2.0,1.0,0.0,0.0,0.0,5.0,22.61,0.0
23.0,3392.0,2.0,1.0,0.0,13.0,0.0,14.0,63.64,1.0
24.0,3392.0,2.0,1.0,0.0,0.0,0.0,5.0,7.2,0.0
25.0,3392.0,2.0,1.0,0.0,0.0,0.0,5.0,18.83,0.0
47.0,3392.0,2.0,1.0,0.0,0.0,0.0,5.0,22.43,0.0
48.0,3392.0,2.0,1.0,0.0,0.0,0.0,5.0,26.75,0.0
49.0,3392.0,2.0,1.0,0.0,11.0,0.0,12.0,125.06,1.0
49.0,3392.0,2.0,1.0,0.0,0.0,0.0,5.0,48.17,0.0
50.0,3392.0,2.0,1.0,0.0,0.0,0.0,5.0,41.3,0.0
70.0,3392.0,2.0,1.0,0.0,0.0,0.0,5.0,40.34,0.0
71.0,3392.0,2.0,1.0,0.0,0.0,0.0,5.0,36.03,0.0
72.0,3392.0,2.0,1.0,0.0,31.0,0.0,9.0,122.28,1.0
72.0,3392.0,2.0,1.0,0.0,0.0,0.0,5.0,32.53,0.0
73.0,3392.0,2.0,1.0,0.0,0.0,0.0,5.0,32.14,0.0
94.0,3392.0,2.0,1.0,0.0,0.0,0.0,5.0,50.4,0.0
95.0,3392.0,2.0,1.0,0.0,0.0,0.0,5.0,27.69,0.0
96.0,3392.0,2.0,1.0,0.0,22.0,0.0,12.0,229.63,1.0
96.0,3392.0,2.0,1.0,0.0,36.0,0.0,15.0,71.55,0.0
97.0,3392.0,2.0,1.0,0.0,28.0,0.0,13.0,108.79,0.0
163.0,3392.0,2.0,1.0,0.0,1.0,0.0,5.0,43.4,0.0
164.0,3392.0,2.0,1.0,0.0,1.0,0.0,5.0,40.03,0.0
164.0,3392.0,2.0,1.0,0.0,6.0,0.0,6.0,7.91,1.0
165.0,3392.0,2.0,1.0,0.0,5.0,0.0,8.0,16.94,0.0
166.0,3392.0,2.0,1.0,0.0,1.0,0.0,5.0,13.29,0.0
126.0,3394.0,0.0,0.0,0.0,1.0,0.0,5.0,19.76,0.0
127.0,3394.0,0.0,0.0,0.0,1.0,0.0,5.0,2.17,0.0
127.0,3394.0,0.0,0.0,0.0,22.0,0.0,12.0,706.74,1.0
128.0,3394.0,0.0,0.0,0.0,5.0,0.0,8.0,0.19,0.0
129.0,3394.0,0.0,0.0,0.0,1.0,0.0,5.0,28.88,0.0
9.0,3395.0,2.0,0.0,0.0,13.0,0.0,14.0,60.87,0.0
10.0,3395.0,2.0,0.0,0.0,0.0,0.0,5.0,18.88,0.0
10.0,3395.0,2.0,0.0,0.0,41.0,0.0,19.0,167.48,1.0
11.0,3395.0,2.0,0.0,0.0,0.0,0.0,5.0,43.51,0.0
12.0,3395.0,2.0,0.0,0.0,13.0,0.0,14.0,39.66,0.0
9.0,3396.0,2.0,0.0,0.0,26.0,0.0,12.0,555.92,1.0
16.0,3396.0,2.0,0.0,0.0,13.0,0.0,14.0,11.06,0.0
17.0,3396.0,2.0,0.0,0.0,0.0,0.0,5.0,32.98,0.0
24.0,3396.0,2.0,0.0,0.0,0.0,0.0,5.0,4.63,0.0
25.0,3396.0,2.0,0.0,0.0,0.0,0.0,5.0,9.2,0.0
26.0,3396.0,2.0,0.0,0.0,6.0,0.0,6.0,78.49,1.0
26.0,3396.0,2.0,0.0,0.0,0.0,0.0,5.0,6.32,0.0
27.0,3396.0,2.0,0.0,0.0,0.0,0.0,5.0,3.03,0.0
129.0,3396.0,2.0,0.0,0.0,1.0,0.0,5.0,47.23,0.0
130.0,3396.0,2.0,0.0,0.0,1.0,0.0,5.0,45.18,0.0
130.0,3396.0,2.0,0.0,0.0,3.0,0.0,7.0,375.36,1.0
131.0,3396.0,2.0,0.0,0.0,1.0,0.0,5.0,73.34,0.0
132.0,3396.0,2.0,0.0,0.0,1.0,0.0,5.0,23.58,0.0
108.0,3401.0,1.0,1.0,0.0,0.0,0.0,5.0,43.55,0.0
109.0,3401.0,1.0,1.0,0.0,0.0,0.0,5.0,31.74,0.0
110.0,3401.0,1.0,1.0,0.0,16.0,0.0,16.0,756.58,1.0
110.0,3401.0,1.0,1.0,0.0,0.0,0.0,5.0,47.95,0.0
111.0,3401.0,1.0,1.0,0.0,0.0,0.0,5.0,12.91,0.0
22.0,3402.0,0.0,0.0,0.0,0.0,0.0,5.0,26.84,0.0
23.0,3402.0,0.0,0.0,0.0,0.0,0.0,5.0,7.01,0.0
24.0,3402.0,0.0,0.0,0.0,12.0,0.0,13.0,555.83,1.0
24.0,3402.0,0.0,0.0,0.0,0.0,0.0,5.0,7.78,0.0
25.0,3402.0,0.0,0.0,0.0,0.0,0.0,5.0,16.42,0.0
52.0,3402.0,0.0,0.0,0.0,0.0,0.0,5.0,0.23,0.0
53.0,3402.0,0.0,0.0,0.0,0.0,0.0,5.0,24.53,0.0
54.0,3402.0,0.0,0.0,0.0,6.0,0.0,6.0,1289.13,1.0
56.0,3402.0,0.0,0.0,0.0,0.0,0.0,5.0,38.55,0.0
57.0,3402.0,0.0,0.0,0.0,0.0,0.0,5.0,28.15,0.0
40.0,3403.0,3.0,1.0,0.0,6.0,0.0,6.0,48.74,0.0
46.0,3403.0,3.0,1.0,0.0,3.0,0.0,7.0,0.63,0.0
63.0,3403.0,3.0,1.0,0.0,22.0,0.0,12.0,738.08,1.0
107.0,3403.0,3.0,1.0,0.0,16.0,0.0,16.0,391.75,1.0
123.0,3403.0,3.0,1.0,0.0,4.0,0.0,6.0,165.65,0.0
121.0,3403.0,3.0,1.0,0.0,6.0,0.0,6.0,64.01,1.0
124.0,3403.0,3.0,1.0,0.0,1.0,0.0,5.0,2.03,0.0
141.0,3403.0,3.0,1.0,0.0,1.0,0.0,5.0,17.95,0.0
142.0,3403.0,3.0,1.0,0.0,1.0,0.0,5.0,25.39,0.0
143.0,3403.0,3.0,1.0,0.0,27.0,0.0,12.0,189.89,1.0
143.0,3403.0,3.0,1.0,0.0,1.0,0.0,5.0,11.67,0.0
144.0,3403.0,3.0,1.0,0.0,1.0,0.0,5.0,11.1,0.0
148.0,3403.0,3.0,1.0,0.0,1.0,0.0,5.0,9.2,0.0
149.0,3403.0,3.0,1.0,0.0,1.0,0.0,5.0,39.55,0.0
149.0,3403.0,3.0,1.0,0.0,22.0,0.0,12.0,315.79,1.0
150.0,3403.0,3.0,1.0,0.0,5.0,0.0,8.0,15.13,0.0
151.0,3403.0,3.0,1.0,0.0,5.0,0.0,8.0,28.05,0.0
163.0,3403.0,3.0,1.0,0.0,0.0,0.0,5.0,23.54,0.0
164.0,3403.0,3.0,1.0,0.0,0.0,0.0,5.0,4.17,0.0
164.0,3403.0,3.0,1.0,0.0,6.0,0.0,6.0,366.31,1.0
165.0,3403.0,3.0,1.0,0.0,0.0,0.0,5.0,45.1,0.0
166.0,3403.0,3.0,1.0,0.0,0.0,0.0,5.0,14.54,0.0
167.0,3403.0,3.0,1.0,0.0,0.0,0.0,5.0,35.9,0.0
168.0,3403.0,3.0,1.0,0.0,0.0,0.0,5.0,19.51,0.0
169.0,3403.0,3.0,1.0,0.0,27.0,0.0,12.0,646.83,1.0
169.0,3403.0,3.0,1.0,0.0,0.0,0.0,5.0,39.61,0.0
170.0,3403.0,3.0,1.0,0.0,0.0,0.0,5.0,49.5,0.0
142.0,3404.0,2.0,0.0,0.0,1.0,0.0,5.0,38.63,0.0
143.0,3404.0,2.0,0.0,0.0,1.0,0.0,5.0,8.26,0.0
144.0,3404.0,2.0,0.0,0.0,22.0,0.0,12.0,175.34,1.0
145.0,3404.0,2.0,0.0,0.0,1.0,0.0,5.0,45.35,0.0
146.0,3404.0,2.0,0.0,0.0,1.0,0.0,5.0,16.71,0.0
150.0,3404.0,2.0,0.0,0.0,1.0,0.0,5.0,11.91,0.0
151.0,3404.0,2.0,0.0,0.0,28.0,0.0,13.0,1.83,0.0
152.0,3404.0,2.0,0.0,0.0,35.0,0.0,18.0,2168.62,1.0
152.0,3404.0,2.0,0.0,0.0,0.0,0.0,5.0,13.75,0.0
152.0,3404.0,2.0,0.0,0.0,1.0,0.0,5.0,8.77,0.0
9.0,3405.0,3.0,1.0,0.0,22.0,0.0,12.0,546.86,1.0
11.0,3405.0,3.0,1.0,0.0,25.0,0.0,15.0,26.61,0.0
14.0,3405.0,3.0,1.0,0.0,6.0,0.0,6.0,31.05,1.0
18.0,3405.0,3.0,1.0,0.0,20.0,0.0,13.0,3.77,1.0
21.0,3405.0,3.0,1.0,0.0,35.0,0.0,18.0,4352.29,1.0
35.0,3405.0,3.0,1.0,0.0,12.0,0.0,13.0,8.76,0.0
32.0,3405.0,3.0,1.0,0.0,20.0,0.0,13.0,21.98,1.0
45.0,3405.0,3.0,1.0,0.0,13.0,0.0,14.0,95.13,0.0
72.0,3405.0,3.0,1.0,0.0,0.0,0.0,5.0,28.86,0.0
73.0,3405.0,3.0,1.0,0.0,0.0,0.0,5.0,25.25,0.0
74.0,3405.0,3.0,1.0,0.0,20.0,0.0,13.0,41.56,1.0
74.0,3405.0,3.0,1.0,0.0,0.0,0.0,5.0,63.34,0.0
75.0,3405.0,3.0,1.0,0.0,0.0,0.0,5.0,8.45,0.0
79.0,3405.0,3.0,1.0,0.0,0.0,0.0,5.0,47.59,0.0
81.0,3405.0,3.0,1.0,0.0,0.0,0.0,5.0,47.29,0.0
82.0,3405.0,3.0,1.0,0.0,22.0,0.0,12.0,504.39,1.0
82.0,3405.0,3.0,1.0,0.0,0.0,0.0,5.0,1.09,0.0
83.0,3405.0,3.0,1.0,0.0,0.0,0.0,5.0,28.71,0.0
97.0,3405.0,3.0,1.0,0.0,0.0,0.0,5.0,43.13,0.0
98.0,3405.0,3.0,1.0,0.0,0.0,0.0,5.0,2.93,0.0
98.0,3405.0,3.0,1.0,0.0,48.0,0.0,12.0,29.13,1.0
99.0,3405.0,3.0,1.0,0.0,0.0,0.0,5.0,19.19,0.0
100.0,3405.0,3.0,1.0,0.0,0.0,0.0,5.0,24.49,0.0
109.0,3405.0,3.0,1.0,0.0,0.0,0.0,5.0,5.78,0.0
110.0,3405.0,3.0,1.0,0.0,0.0,0.0,5.0,23.7,0.0
110.0,3405.0,3.0,1.0,0.0,6.0,0.0,6.0,732.15,1.0
111.0,3405.0,3.0,1.0,0.0,0.0,0.0,5.0,60.75,0.0
112.0,3405.0,3.0,1.0,0.0,0.0,0.0,5.0,45.88,0.0
119.0,3405.0,3.0,1.0,0.0,0.0,0.0,5.0,19.65,0.0
120.0,3405.0,3.0,1.0,0.0,0.0,0.0,5.0,1.78,0.0
120.0,3405.0,3.0,1.0,0.0,6.0,0.0,6.0,301.97,1.0
121.0,3405.0,3.0,1.0,0.0,0.0,0.0,5.0,28.49,0.0
122.0,3405.0,3.0,1.0,0.0,0.0,0.0,5.0,8.38,0.0
141.0,3405.0,3.0,1.0,0.0,1.0,0.0,5.0,17.14,0.0
142.0,3405.0,3.0,1.0,0.0,1.0,0.0,5.0,11.92,0.0
142.0,3405.0,3.0,1.0,0.0,38.0,0.0,19.0,221.03,1.0
143.0,3405.0,3.0,1.0,0.0,1.0,0.0,5.0,10.0,0.0
144.0,3405.0,3.0,1.0,0.0,1.0,0.0,5.0,46.97,0.0
80.0,3406.0,0.0,1.0,0.0,6.0,0.0,6.0,24.29,0.0
92.0,3406.0,0.0,1.0,0.0,3.0,0.0,7.0,22.43,0.0
111.0,3406.0,0.0,1.0,0.0,16.0,0.0,16.0,876.14,1.0
132.0,3406.0,0.0,1.0,0.0,12.0,0.0,13.0,164.97,0.0
140.0,3406.0,0.0,1.0,0.0,3.0,0.0,7.0,24.91,0.0
141.0,3406.0,0.0,1.0,0.0,6.0,0.0,6.0,331.39,1.0
146.0,3406.0,0.0,1.0,0.0,6.0,0.0,6.0,13.27,0.0
146.0,3406.0,0.0,1.0,0.0,4.0,0.0,6.0,52.33,0.0
175.0,3406.0,0.0,1.0,0.0,0.0,0.0,5.0,28.03,0.0
176.0,3406.0,0.0,1.0,0.0,0.0,0.0,5.0,20.53,0.0
176.0,3406.0,0.0,1.0,0.0,12.0,0.0,13.0,105.94,1.0
177.0,3406.0,0.0,1.0,0.0,0.0,0.0,5.0,10.45,0.0
178.0,3406.0,0.0,1.0,0.0,0.0,0.0,5.0,57.53,0.0
102.0,3408.0,0.0,1.0,0.0,0.0,0.0,5.0,76.82,0.0
103.0,3408.0,0.0,1.0,0.0,0.0,0.0,5.0,14.93,0.0
103.0,3408.0,0.0,1.0,0.0,17.0,0.0,9.0,1197.2,1.0
104.0,3408.0,0.0,1.0,0.0,0.0,0.0,5.0,42.56,0.0
105.0,3408.0,0.0,1.0,0.0,0.0,0.0,5.0,47.85,0.0
9.0,3410.0,2.0,0.0,0.0,20.0,0.0,13.0,3.25,0.0
10.0,3410.0,2.0,0.0,0.0,6.0,0.0,6.0,1.06,0.0
26.0,3410.0,2.0,0.0,0.0,15.0,0.0,13.0,625.06,1.0
48.0,3410.0,2.0,0.0,0.0,25.0,0.0,15.0,25.36,0.0
65.0,3410.0,2.0,0.0,0.0,30.0,0.0,16.0,23.88,0.0
82.0,3410.0,2.0,0.0,0.0,0.0,0.0,5.0,30.17,0.0
83.0,3410.0,2.0,0.0,0.0,0.0,0.0,5.0,21.88,0.0
84.0,3410.0,2.0,0.0,0.0,6.0,0.0,6.0,245.38,1.0
84.0,3410.0,2.0,0.0,0.0,0.0,0.0,5.0,58.43,0.0
85.0,3410.0,2.0,0.0,0.0,0.0,0.0,5.0,8.19,0.0
86.0,3410.0,2.0,0.0,0.0,0.0,0.0,5.0,6.71,0.0
87.0,3410.0,2.0,0.0,0.0,6.0,0.0,6.0,54.87,1.0
87.0,3410.0,2.0,0.0,0.0,0.0,0.0,5.0,22.91,0.0
88.0,3410.0,2.0,0.0,0.0,0.0,0.0,5.0,12.02,0.0
108.0,3410.0,2.0,0.0,0.0,1.0,0.0,5.0,29.68,0.0
109.0,3410.0,2.0,0.0,0.0,1.0,0.0,5.0,40.16,0.0
109.0,3410.0,2.0,0.0,0.0,22.0,0.0,12.0,82.25,1.0
110.0,3410.0,2.0,0.0,0.0,1.0,0.0,5.0,64.11,0.0
111.0,3410.0,2.0,0.0,0.0,1.0,0.0,5.0,25.29,0.0
114.0,3411.0,4.0,0.0,0.0,6.0,0.0,6.0,81.38,0.0
159.0,3411.0,4.0,0.0,0.0,11.0,0.0,12.0,65.8,0.0
179.0,3411.0,4.0,0.0,0.0,9.0,0.0,10.0,126.64,1.0
179.0,3411.0,4.0,0.0,0.0,3.0,0.0,7.0,69.01,0.0
9.0,3412.0,2.0,1.0,0.0,13.0,0.0,14.0,48.03,0.0
10.0,3412.0,2.0,1.0,0.0,0.0,0.0,5.0,10.59,0.0
11.0,3412.0,2.0,1.0,0.0,38.0,0.0,19.0,275.82,1.0
12.0,3412.0,2.0,1.0,0.0,22.0,0.0,12.0,137.72,1.0
12.0,3412.0,2.0,1.0,0.0,35.0,0.0,18.0,349.63,0.0
12.0,3412.0,2.0,1.0,0.0,22.0,0.0,12.0,133.78,1.0
13.0,3412.0,2.0,1.0,0.0,0.0,0.0,5.0,32.53,0.0
14.0,3412.0,2.0,1.0,0.0,17.0,0.0,9.0,971.32,1.0
14.0,3412.0,2.0,1.0,0.0,0.0,0.0,5.0,1.08,0.0
15.0,3412.0,2.0,1.0,0.0,0.0,0.0,5.0,12.29,0.0
17.0,3412.0,2.0,1.0,0.0,0.0,0.0,5.0,21.9,0.0
18.0,3412.0,2.0,1.0,0.0,0.0,0.0,5.0,17.21,0.0
19.0,3412.0,2.0,1.0,0.0,22.0,0.0,12.0,841.53,1.0
20.0,3412.0,2.0,1.0,0.0,0.0,0.0,5.0,12.61,0.0
21.0,3412.0,2.0,1.0,0.0,0.0,0.0,5.0,32.33,0.0
9.0,3413.0,4.0,1.0,0.0,8.0,0.0,9.0,104.26,0.0
17.0,3413.0,4.0,1.0,0.0,22.0,0.0,12.0,370.14,1.0
24.0,3413.0,4.0,1.0,0.0,25.0,0.0,15.0,444.99,1.0
37.0,3413.0,4.0,1.0,0.0,25.0,0.0,15.0,129.78,0.0
30.0,3413.0,4.0,1.0,0.0,22.0,0.0,12.0,546.83,1.0
69.0,3413.0,4.0,1.0,0.0,6.0,0.0,6.0,128.61,0.0
51.0,3415.0,1.0,1.0,0.0,0.0,0.0,5.0,58.76,0.0
52.0,3415.0,1.0,1.0,0.0,0.0,0.0,5.0,0.7,0.0
53.0,3415.0,1.0,1.0,0.0,6.0,0.0,6.0,341.64,1.0
53.0,3415.0,1.0,1.0,0.0,0.0,0.0,5.0,59.32,0.0
55.0,3415.0,1.0,1.0,0.0,0.0,0.0,5.0,8.69,0.0
104.0,3415.0,1.0,1.0,0.0,0.0,0.0,5.0,39.41,0.0
105.0,3415.0,1.0,1.0,0.0,0.0,0.0,5.0,1.16,0.0
105.0,3415.0,1.0,1.0,0.0,20.0,0.0,13.0,198.22,1.0
106.0,3415.0,1.0,1.0,0.0,0.0,0.0,5.0,36.4,0.0
108.0,3415.0,1.0,1.0,0.0,0.0,0.0,5.0,34.05,0.0
116.0,3415.0,1.0,1.0,0.0,0.0,0.0,5.0,5.79,0.0
119.0,3415.0,1.0,1.0,0.0,0.0,0.0,5.0,16.8,0.0
119.0,3415.0,1.0,1.0,0.0,13.0,0.0,14.0,203.8,1.0
120.0,3415.0,1.0,1.0,0.0,0.0,0.0,5.0,3.21,0.0
122.0,3415.0,1.0,1.0,0.0,0.0,0.0,5.0,10.94,0.0
9.0,3416.0,0.0,0.0,0.0,12.0,0.0,13.0,62.13,0.0
24.0,3416.0,0.0,0.0,0.0,12.0,0.0,13.0,292.5,1.0
25.0,3416.0,0.0,0.0,0.0,13.0,0.0,14.0,159.98,1.0
52.0,3416.0,0.0,0.0,0.0,3.0,0.0,7.0,126.54,1.0
68.0,3416.0,0.0,0.0,0.0,6.0,0.0,6.0,29.94,0.0
53.0,3416.0,0.0,0.0,0.0,6.0,0.0,6.0,556.99,1.0
69.0,3416.0,0.0,0.0,0.0,44.0,0.0,13.0,74.55,1.0
74.0,3416.0,0.0,0.0,0.0,6.0,0.0,6.0,27.03,0.0
74.0,3416.0,0.0,0.0,0.0,2.0,0.0,6.0,40.02,0.0
76.0,3416.0,0.0,0.0,0.0,10.0,0.0,11.0,749.53,1.0
135.0,3416.0,0.0,0.0,0.0,13.0,0.0,14.0,30.59,0.0
99.0,3416.0,0.0,0.0,0.0,18.0,0.0,9.0,192.08,1.0
136.0,3416.0,0.0,0.0,0.0,0.0,0.0,5.0,57.12,0.0
110.0,3417.0,4.0,1.0,0.0,7.0,0.0,6.0,97.45,0.0
110.0,3417.0,4.0,1.0,0.0,2.0,0.0,6.0,33.4,0.0
126.0,3417.0,4.0,1.0,0.0,3.0,0.0,7.0,382.85,1.0
127.0,3417.0,4.0,1.0,0.0,9.0,0.0,10.0,67.88,0.0
128.0,3417.0,4.0,1.0,0.0,0.0,0.0,5.0,34.94,0.0
18.0,3421.0,1.0,0.0,0.0,6.0,0.0,6.0,278.5,0.0
19.0,3421.0,1.0,0.0,0.0,12.0,0.0,13.0,28.14,0.0
59.0,3421.0,1.0,0.0,0.0,35.0,0.0,18.0,1039.79,1.0
60.0,3421.0,1.0,0.0,0.0,13.0,0.0,14.0,48.23,0.0
61.0,3421.0,1.0,0.0,0.0,0.0,0.0,5.0,52.59,0.0
62.0,3421.0,1.0,0.0,0.0,0.0,0.0,5.0,16.25,0.0
62.0,3421.0,1.0,0.0,0.0,35.0,0.0,18.0,4677.34,1.0
63.0,3421.0,1.0,0.0,0.0,0.0,0.0,5.0,30.23,0.0
64.0,3421.0,1.0,0.0,0.0,0.0,0.0,5.0,24.88,0.0
96.0,3423.0,0.0,0.0,0.0,9.0,0.0,10.0,2.2,0.0
97.0,3423.0,0.0,0.0,0.0,0.0,0.0,5.0,47.67,0.0
99.0,3423.0,0.0,0.0,0.0,35.0,0.0,18.0,869.23,1.0
99.0,3423.0,0.0,0.0,0.0,0.0,0.0,5.0,9.43,0.0
101.0,3423.0,0.0,0.0,0.0,0.0,0.0,5.0,32.95,0.0
105.0,3423.0,0.0,0.0,0.0,0.0,0.0,5.0,31.82,0.0
106.0,3423.0,0.0,0.0,0.0,0.0,0.0,5.0,9.97,0.0
107.0,3423.0,0.0,0.0,0.0,6.0,0.0,6.0,33.24,1.0
107.0,3423.0,0.0,0.0,0.0,0.0,0.0,5.0,33.76,0.0
108.0,3423.0,0.0,0.0,0.0,0.0,0.0,5.0,37.19,0.0
131.0,3423.0,0.0,0.0,0.0,0.0,0.0,5.0,35.95,0.0
132.0,3423.0,0.0,0.0,0.0,9.0,0.0,10.0,57.09,0.0
133.0,3423.0,0.0,0.0,0.0,6.0,0.0,6.0,382.9,1.0
134.0,3423.0,0.0,0.0,0.0,0.0,0.0,5.0,20.74,0.0
135.0,3423.0,0.0,0.0,0.0,0.0,0.0,5.0,24.04,0.0
147.0,3423.0,0.0,0.0,0.0,0.0,0.0,5.0,17.7,0.0
148.0,3423.0,0.0,0.0,0.0,0.0,0.0,5.0,15.63,0.0
149.0,3423.0,0.0,0.0,0.0,6.0,0.0,6.0,608.72,1.0
150.0,3423.0,0.0,0.0,0.0,15.0,0.0,13.0,90.21,0.0
150.0,3423.0,0.0,0.0,0.0,44.0,0.0,13.0,103.76,0.0
177.0,3423.0,0.0,0.0,0.0,0.0,0.0,5.0,0.05,0.0
178.0,3423.0,0.0,0.0,0.0,0.0,0.0,5.0,0.67,0.0
178.0,3423.0,0.0,0.0,0.0,12.0,0.0,13.0,31.88,1.0
179.0,3423.0,0.0,0.0,0.0,0.0,0.0,5.0,26.38,0.0
106.0,3425.0,1.0,0.0,0.0,0.0,0.0,5.0,34.98,0.0
107.0,3425.0,1.0,0.0,0.0,0.0,0.0,5.0,17.78,0.0
109.0,3425.0,1.0,0.0,0.0,6.0,0.0,6.0,871.23,1.0
109.0,3425.0,1.0,0.0,0.0,0.0,0.0,5.0,34.55,0.0
110.0,3425.0,1.0,0.0,0.0,0.0,0.0,5.0,23.49,0.0
151.0,3425.0,1.0,0.0,0.0,0.0,0.0,5.0,42.17,0.0
153.0,3425.0,1.0,0.0,0.0,0.0,0.0,5.0,16.35,0.0
154.0,3425.0,1.0,0.0,0.0,22.0,0.0,12.0,298.37,1.0
155.0,3425.0,1.0,0.0,0.0,0.0,0.0,5.0,7.66,0.0
156.0,3425.0,1.0,0.0,0.0,32.0,0.0,11.0,0.91,0.0
29.0,3426.0,0.0,1.0,0.0,3.0,0.0,7.0,20.02,0.0
35.0,3426.0,0.0,1.0,0.0,39.0,0.0,18.0,135.92,0.0
37.0,3426.0,0.0,1.0,0.0,6.0,0.0,6.0,108.57,1.0
57.0,3426.0,0.0,1.0,0.0,6.0,0.0,6.0,181.36,0.0
62.0,3426.0,0.0,1.0,0.0,3.0,0.0,7.0,1.69,0.0
66.0,3426.0,0.0,1.0,0.0,11.0,0.0,12.0,224.31,0.0
76.0,3426.0,0.0,1.0,0.0,25.0,0.0,15.0,104.16,0.0
76.0,3426.0,0.0,1.0,0.0,22.0,0.0,12.0,268.81,1.0
78.0,3426.0,0.0,1.0,0.0,12.0,0.0,13.0,19.59,0.0
79.0,3426.0,0.0,1.0,0.0,25.0,0.0,15.0,57.01,0.0
106.0,3426.0,0.0,1.0,0.0,20.0,0.0,13.0,50.68,1.0
120.0,3426.0,0.0,1.0,0.0,25.0,0.0,15.0,53.61,0.0
121.0,3426.0,0.0,1.0,0.0,22.0,0.0,12.0,518.37,1.0
175.0,3426.0,0.0,1.0,0.0,6.0,0.0,6.0,95.8,0.0
175.0,3426.0,0.0,1.0,0.0,7.0,0.0,6.0,285.31,0.0
26.0,3427.0,2.0,0.0,0.0,12.0,0.0,13.0,16.18,0.0
29.0,3427.0,2.0,0.0,0.0,3.0,0.0,7.0,44.44,0.0
36.0,3427.0,2.0,0.0,0.0,35.0,0.0,18.0,379.28,1.0
38.0,3427.0,2.0,0.0,0.0,6.0,0.0,6.0,201.18,0.0
38.0,3427.0,2.0,0.0,0.0,4.0,0.0,6.0,57.81,0.0
48.0,3427.0,2.0,0.0,0.0,1.0,0.0,5.0,2.36,0.0
49.0,3427.0,2.0,0.0,0.0,5.0,0.0,8.0,26.48,0.0
49.0,3427.0,2.0,0.0,0.0,11.0,0.0,12.0,345.53,1.0
50.0,3427.0,2.0,0.0,0.0,1.0,0.0,5.0,35.54,0.0
51.0,3427.0,2.0,0.0,0.0,1.0,0.0,5.0,12.78,0.0
139.0,3427.0,2.0,0.0,0.0,0.0,0.0,5.0,3.62,0.0
140.0,3427.0,2.0,0.0,0.0,0.0,0.0,5.0,10.85,0.0
142.0,3427.0,2.0,0.0,0.0,22.0,0.0,12.0,576.71,1.0
142.0,3427.0,2.0,0.0,0.0,0.0,0.0,5.0,21.05,0.0
143.0,3427.0,2.0,0.0,0.0,0.0,0.0,5.0,14.5,0.0
22.0,3429.0,3.0,1.0,0.0,12.0,0.0,13.0,100.49,0.0
25.0,3429.0,3.0,1.0,0.0,25.0,0.0,15.0,75.01,0.0
28.0,3429.0,3.0,1.0,0.0,15.0,0.0,13.0,303.43,1.0
29.0,3429.0,3.0,1.0,0.0,6.0,0.0,6.0,744.9,1.0
47.0,3429.0,3.0,1.0,0.0,22.0,0.0,12.0,110.49,0.0
35.0,3429.0,3.0,1.0,0.0,38.0,0.0,19.0,333.36,1.0
76.0,3429.0,3.0,1.0,0.0,20.0,0.0,13.0,69.77,0.0
86.0,3429.0,3.0,1.0,0.0,6.0,0.0,6.0,158.69,1.0
90.0,3429.0,3.0,1.0,0.0,0.0,0.0,5.0,6.59,0.0
91.0,3429.0,3.0,1.0,0.0,0.0,0.0,5.0,20.88,0.0
143.0,3429.0,3.0,1.0,0.0,0.0,0.0,5.0,15.24,0.0
145.0,3429.0,3.0,1.0,0.0,0.0,0.0,5.0,1.38,0.0
146.0,3429.0,3.0,1.0,0.0,38.0,0.0,19.0,238.86,1.0
146.0,3429.0,3.0,1.0,0.0,0.0,0.0,5.0,11.24,0.0
147.0,3429.0,3.0,1.0,0.0,0.0,0.0,5.0,24.34,0.0
118.0,3435.0,0.0,0.0,0.0,7.0,0.0,6.0,83.61,0.0
143.0,3435.0,0.0,0.0,0.0,22.0,0.0,12.0,29.66,0.0
167.0,3435.0,0.0,0.0,0.0,22.0,0.0,12.0,336.29,1.0
119.0,3436.0,1.0,0.0,0.0,0.0,0.0,5.0,53.78,0.0
120.0,3436.0,1.0,0.0,0.0,0.0,0.0,5.0,50.94,0.0
121.0,3436.0,1.0,0.0,0.0,17.0,0.0,9.0,589.1,1.0
121.0,3436.0,1.0,0.0,0.0,0.0,0.0,5.0,2.71,0.0
122.0,3436.0,1.0,0.0,0.0,0.0,0.0,5.0,3.35,0.0
34.0,3440.0,1.0,0.0,0.0,2.0,0.0,6.0,251.23,0.0
61.0,3440.0,1.0,0.0,0.0,10.0,0.0,11.0,10.64,0.0
61.0,3440.0,1.0,0.0,0.0,6.0,0.0,6.0,393.39,1.0
62.0,3440.0,1.0,0.0,0.0,1.0,0.0,5.0,11.9,0.0
63.0,3440.0,1.0,0.0,0.0,1.0,0.0,5.0,15.16,0.0
103.0,3440.0,1.0,0.0,0.0,1.0,0.0,5.0,9.05,0.0
104.0,3440.0,1.0,0.0,0.0,1.0,0.0,5.0,24.38,0.0
104.0,3440.0,1.0,0.0,0.0,6.0,0.0,6.0,800.55,1.0
105.0,3440.0,1.0,0.0,0.0,1.0,0.0,5.0,0.91,0.0
106.0,3440.0,1.0,0.0,0.0,1.0,0.0,5.0,33.64,0.0
163.0,3440.0,1.0,0.0,0.0,0.0,0.0,5.0,61.14,0.0
165.0,3440.0,1.0,0.0,0.0,0.0,0.0,5.0,23.58,0.0
165.0,3440.0,1.0,0.0,0.0,6.0,0.0,6.0,6.7,1.0
167.0,3440.0,1.0,0.0,0.0,0.0,0.0,5.0,34.73,0.0
166.0,3440.0,1.0,0.0,0.0,11.0,0.0,12.0,501.38,1.0
168.0,3440.0,1.0,0.0,0.0,0.0,0.0,5.0,10.53,0.0
169.0,3440.0,1.0,0.0,0.0,0.0,0.0,5.0,0.82,0.0
170.0,3440.0,1.0,0.0,0.0,0.0,0.0,5.0,12.59,0.0
171.0,3440.0,1.0,0.0,0.0,22.0,0.0,12.0,82.96,1.0
172.0,3440.0,1.0,0.0,0.0,0.0,0.0,5.0,3.82,0.0
173.0,3440.0,1.0,0.0,0.0,0.0,0.0,5.0,11.25,0.0
10.0,3442.0,2.0,1.0,0.0,30.0,0.0,16.0,278.59,1.0
11.0,3442.0,2.0,1.0,0.0,17.0,0.0,9.0,252.22,1.0
12.0,3442.0,2.0,1.0,0.0,12.0,0.0,13.0,23.65,0.0
12.0,3442.0,2.0,1.0,0.0,17.0,0.0,9.0,38.55,1.0
17.0,3442.0,2.0,1.0,0.0,22.0,0.0,12.0,104.4,1.0
17.0,3442.0,2.0,1.0,0.0,3.0,0.0,7.0,162.17,0.0
21.0,3442.0,2.0,1.0,0.0,27.0,0.0,12.0,749.56,1.0
22.0,3442.0,2.0,1.0,0.0,22.0,0.0,12.0,369.24,1.0
23.0,3442.0,2.0,1.0,0.0,35.0,0.0,18.0,4007.57,1.0
32.0,3442.0,2.0,1.0,0.0,3.0,0.0,7.0,6.24,0.0
27.0,3442.0,2.0,1.0,0.0,6.0,0.0,6.0,792.24,1.0
33.0,3442.0,2.0,1.0,0.0,22.0,0.0,12.0,465.37,1.0
34.0,3442.0,2.0,1.0,0.0,16.0,0.0,16.0,352.2,1.0
38.0,3442.0,2.0,1.0,0.0,35.0,0.0,18.0,1081.97,1.0
40.0,3442.0,2.0,1.0,0.0,25.0,0.0,15.0,531.43,1.0
48.0,3442.0,2.0,1.0,0.0,12.0,0.0,13.0,122.58,0.0
44.0,3442.0,2.0,1.0,0.0,22.0,0.0,12.0,546.4,1.0
48.0,3442.0,2.0,1.0,0.0,21.0,0.0,13.0,2.16,0.0
61.0,3442.0,2.0,1.0,0.0,6.0,0.0,6.0,26.17,0.0
62.0,3442.0,2.0,1.0,0.0,25.0,0.0,15.0,75.05,0.0
67.0,3442.0,2.0,1.0,0.0,6.0,0.0,6.0,333.76,1.0
83.0,3442.0,2.0,1.0,0.0,12.0,0.0,13.0,11.92,0.0
77.0,3442.0,2.0,1.0,0.0,11.0,0.0,12.0,618.34,1.0
83.0,3442.0,2.0,1.0,0.0,20.0,0.0,13.0,153.52,0.0
90.0,3442.0,2.0,1.0,0.0,13.0,0.0,14.0,8.64,0.0
90.0,3442.0,2.0,1.0,0.0,10.0,0.0,11.0,546.62,1.0
91.0,3442.0,2.0,1.0,0.0,0.0,0.0,5.0,21.86,0.0
92.0,3442.0,2.0,1.0,0.0,0.0,0.0,5.0,1.41,0.0
112.0,3442.0,2.0,1.0,0.0,0.0,0.0,5.0,12.21,0.0
113.0,3442.0,2.0,1.0,0.0,0.0,0.0,5.0,61.83,0.0
113.0,3442.0,2.0,1.0,0.0,25.0,0.0,15.0,122.88,1.0
114.0,3442.0,2.0,1.0,0.0,0.0,0.0,5.0,31.73,0.0
115.0,3442.0,2.0,1.0,0.0,0.0,0.0,5.0,21.08,0.0
141.0,3442.0,2.0,1.0,0.0,1.0,0.0,5.0,11.11,0.0
142.0,3442.0,2.0,1.0,0.0,1.0,0.0,5.0,16.24,0.0
143.0,3442.0,2.0,1.0,0.0,22.0,0.0,12.0,414.79,1.0
144.0,3442.0,2.0,1.0,0.0,1.0,0.0,5.0,11.85,0.0
145.0,3442.0,2.0,1.0,0.0,1.0,0.0,5.0,39.45,0.0
154.0,3442.0,2.0,1.0,0.0,1.0,0.0,5.0,24.71,0.0
155.0,3442.0,2.0,1.0,0.0,1.0,0.0,5.0,5.34,0.0
156.0,3442.0,2.0,1.0,0.0,35.0,0.0,18.0,1910.49,1.0
156.0,3442.0,2.0,1.0,0.0,1.0,0.0,5.0,10.52,0.0
157.0,3442.0,2.0,1.0,0.0,1.0,0.0,5.0,35.18,0.0
164.0,3443.0,2.0,1.0,0.0,0.0,0.0,5.0,26.56,0.0
165.0,3443.0,2.0,1.0,0.0,0.0,0.0,5.0,53.76,0.0
165.0,3443.0,2.0,1.0,0.0,35.0,0.0,18.0,80.43,1.0
166.0,3443.0,2.0,1.0,0.0,0.0,0.0,5.0,26.38,0.0
167.0,3443.0,2.0,1.0,0.0,0.0,0.0,5.0,13.2,0.0
94.0,3444.0,1.0,1.0,0.0,1.0,0.0,5.0,14.81,0.0
95.0,3444.0,1.0,1.0,0.0,1.0,0.0,5.0,14.82,0.0
96.0,3444.0,1.0,1.0,0.0,18.0,0.0,9.0,68.56,1.0
96.0,3444.0,1.0,1.0,0.0,1.0,0.0,5.0,71.2,0.0
97.0,3444.0,1.0,1.0,0.0,1.0,0.0,5.0,48.19,0.0
10.0,3445.0,5.0,1.0,0.0,20.0,0.0,13.0,446.06,1.0
17.0,3445.0,5.0,1.0,0.0,12.0,0.0,13.0,76.86,0.0
12.0,3445.0,5.0,1.0,0.0,16.0,0.0,16.0,846.61,1.0
20.0,3445.0,5.0,1.0,0.0,12.0,0.0,13.0,30.21,0.0
23.0,3445.0,5.0,1.0,0.0,22.0,0.0,12.0,61.54,0.0
27.0,3445.0,5.0,1.0,0.0,20.0,0.0,13.0,118.72,0.0
32.0,3445.0,5.0,1.0,0.0,26.0,0.0,12.0,1021.6,1.0
42.0,3445.0,5.0,1.0,0.0,3.0,0.0,7.0,64.66,1.0
47.0,3445.0,5.0,1.0,0.0,13.0,0.0,14.0,160.61,1.0
63.0,3445.0,5.0,1.0,0.0,9.0,0.0,10.0,56.96,0.0
50.0,3445.0,5.0,1.0,0.0,3.0,0.0,7.0,392.63,1.0
64.0,3445.0,5.0,1.0,0.0,0.0,0.0,5.0,0.87,0.0
71.0,3445.0,5.0,1.0,0.0,0.0,0.0,5.0,38.4,0.0
72.0,3445.0,5.0,1.0,0.0,0.0,0.0,5.0,52.28,0.0
72.0,3445.0,5.0,1.0,0.0,6.0,0.0,6.0,645.66,1.0
73.0,3445.0,5.0,1.0,0.0,0.0,0.0,5.0,11.39,0.0
74.0,3445.0,5.0,1.0,0.0,0.0,0.0,5.0,24.26,0.0
113.0,3445.0,5.0,1.0,0.0,1.0,0.0,5.0,31.44,0.0
114.0,3445.0,5.0,1.0,0.0,1.0,0.0,5.0,3.0,0.0
114.0,3445.0,5.0,1.0,0.0,20.0,0.0,13.0,262.18,1.0
115.0,3445.0,5.0,1.0,0.0,28.0,0.0,13.0,23.94,0.0
116.0,3445.0,5.0,1.0,0.0,0.0,0.0,5.0,21.81,0.0
142.0,3445.0,5.0,1.0,0.0,1.0,0.0,5.0,11.97,0.0
143.0,3445.0,5.0,1.0,0.0,1.0,0.0,5.0,20.61,0.0
144.0,3445.0,5.0,1.0,0.0,6.0,0.0,6.0,185.72,1.0
144.0,3445.0,5.0,1.0,0.0,1.0,0.0,5.0,16.8,0.0
145.0,3445.0,5.0,1.0,0.0,1.0,0.0,5.0,11.02,0.0
87.0,3446.0,2.0,0.0,0.0,0.0,0.0,5.0,74.21,0.0
88.0,3446.0,2.0,0.0,0.0,0.0,0.0,5.0,56.56,0.0
88.0,3446.0,2.0,0.0,0.0,22.0,0.0,12.0,525.64,1.0
89.0,3446.0,2.0,0.0,0.0,0.0,0.0,5.0,17.51,0.0
90.0,3446.0,2.0,0.0,0.0,0.0,0.0,5.0,15.32,0.0
105.0,3446.0,2.0,0.0,0.0,0.0,0.0,5.0,0.18,0.0
107.0,3446.0,2.0,0.0,0.0,0.0,0.0,5.0,33.19,0.0
108.0,3446.0,2.0,0.0,0.0,20.0,0.0,13.0,520.82,1.0
108.0,3446.0,2.0,0.0,0.0,0.0,0.0,5.0,3.15,0.0
109.0,3446.0,2.0,0.0,0.0,0.0,0.0,5.0,39.42,0.0
111.0,3447.0,1.0,0.0,0.0,4.0,0.0,6.0,22.79,0.0
113.0,3447.0,1.0,0.0,0.0,1.0,0.0,5.0,26.45,0.0
114.0,3447.0,1.0,0.0,0.0,22.0,0.0,12.0,81.06,1.0
116.0,3447.0,1.0,0.0,0.0,1.0,0.0,5.0,43.76,0.0
117.0,3447.0,1.0,0.0,0.0,1.0,0.0,5.0,15.93,0.0
10.0,3448.0,0.0,0.0,0.0,7.0,0.0,6.0,236.51,0.0
51.0,3448.0,0.0,0.0,0.0,9.0,0.0,10.0,41.63,0.0
51.0,3448.0,0.0,0.0,0.0,20.0,0.0,13.0,25.7,1.0
52.0,3448.0,0.0,0.0,0.0,0.0,0.0,5.0,36.83,0.0
53.0,3448.0,0.0,0.0,0.0,36.0,0.0,15.0,10.84,0.0
141.0,3448.0,0.0,0.0,0.0,0.0,0.0,5.0,48.04,0.0
141.0,3448.0,0.0,0.0,0.0,1.0,0.0,5.0,13.88,0.0
141.0,3448.0,0.0,0.0,0.0,31.0,0.0,9.0,233.75,1.0
142.0,3448.0,0.0,0.0,0.0,1.0,0.0,5.0,3.05,0.0
143.0,3448.0,0.0,0.0,0.0,1.0,0.0,5.0,87.5,0.0
10.0,3449.0,2.0,0.0,0.0,22.0,0.0,12.0,425.38,1.0
23.0,3449.0,2.0,0.0,0.0,0.0,0.0,5.0,3.5,0.0
24.0,3449.0,2.0,0.0,0.0,0.0,0.0,5.0,44.57,0.0
28.0,3449.0,2.0,0.0,0.0,0.0,0.0,5.0,25.46,0.0
29.0,3449.0,2.0,0.0,0.0,36.0,0.0,15.0,80.86,0.0
29.0,3449.0,2.0,0.0,0.0,6.0,0.0,6.0,284.53,1.0
30.0,3449.0,2.0,0.0,0.0,0.0,0.0,5.0,40.07,0.0
30.0,3449.0,2.0,0.0,0.0,1.0,0.0,5.0,19.43,0.0
31.0,3449.0,2.0,0.0,0.0,1.0,0.0,5.0,21.52,0.0
31.0,3449.0,2.0,0.0,0.0,38.0,0.0,19.0,186.59,1.0
32.0,3449.0,2.0,0.0,0.0,1.0,0.0,5.0,38.95,0.0
33.0,3449.0,2.0,0.0,0.0,1.0,0.0,5.0,24.44,0.0
34.0,3449.0,2.0,0.0,0.0,1.0,0.0,5.0,16.77,0.0
35.0,3449.0,2.0,0.0,0.0,1.0,0.0,5.0,37.21,0.0
36.0,3449.0,2.0,0.0,0.0,22.0,0.0,12.0,437.57,1.0
36.0,3449.0,2.0,0.0,0.0,1.0,0.0,5.0,50.12,0.0
37.0,3449.0,2.0,0.0,0.0,41.0,0.0,19.0,367.83,1.0
37.0,3449.0,2.0,0.0,0.0,28.0,0.0,13.0,113.27,0.0
38.0,3449.0,2.0,0.0,0.0,0.0,0.0,5.0,40.34,0.0
58.0,3449.0,2.0,0.0,0.0,1.0,0.0,5.0,33.45,0.0
59.0,3449.0,2.0,0.0,0.0,1.0,0.0,5.0,29.96,0.0
59.0,3449.0,2.0,0.0,0.0,35.0,0.0,18.0,2914.17,1.0
60.0,3449.0,2.0,0.0,0.0,1.0,0.0,5.0,55.64,0.0
61.0,3449.0,2.0,0.0,0.0,1.0,0.0,5.0,17.58,0.0
72.0,3449.0,2.0,0.0,0.0,1.0,0.0,5.0,49.2,0.0
73.0,3449.0,2.0,0.0,0.0,1.0,0.0,5.0,40.71,0.0
73.0,3449.0,2.0,0.0,0.0,35.0,0.0,18.0,3724.01,1.0
74.0,3449.0,2.0,0.0,0.0,4.0,0.0,6.0,81.93,0.0
74.0,3449.0,2.0,0.0,0.0,42.0,0.0,6.0,73.66,0.0
89.0,3449.0,2.0,0.0,0.0,1.0,0.0,5.0,16.15,0.0
90.0,3449.0,2.0,0.0,0.0,1.0,0.0,5.0,13.68,0.0
90.0,3449.0,2.0,0.0,0.0,6.0,0.0,6.0,1067.64,1.0
92.0,3449.0,2.0,0.0,0.0,1.0,0.0,5.0,19.68,0.0
94.0,3449.0,2.0,0.0,0.0,1.0,0.0,5.0,35.94,0.0
119.0,3449.0,2.0,0.0,0.0,1.0,0.0,5.0,38.53,0.0
120.0,3449.0,2.0,0.0,0.0,5.0,0.0,8.0,51.71,0.0
120.0,3449.0,2.0,0.0,0.0,3.0,0.0,7.0,273.75,1.0
121.0,3449.0,2.0,0.0,0.0,1.0,0.0,5.0,1.23,0.0
122.0,3449.0,2.0,0.0,0.0,1.0,0.0,5.0,46.16,0.0
131.0,3449.0,2.0,0.0,0.0,1.0,0.0,5.0,17.68,0.0
132.0,3449.0,2.0,0.0,0.0,1.0,0.0,5.0,58.35,0.0
132.0,3449.0,2.0,0.0,0.0,10.0,0.0,11.0,574.75,1.0
133.0,3449.0,2.0,0.0,0.0,1.0,0.0,5.0,57.55,0.0
134.0,3449.0,2.0,0.0,0.0,1.0,0.0,5.0,15.41,0.0
149.0,3449.0,2.0,0.0,0.0,1.0,0.0,5.0,46.65,0.0
150.0,3449.0,2.0,0.0,0.0,1.0,0.0,5.0,8.78,0.0
151.0,3449.0,2.0,0.0,0.0,19.0,0.0,9.0,329.46,1.0
152.0,3449.0,2.0,0.0,0.0,1.0,0.0,5.0,46.06,0.0
153.0,3449.0,2.0,0.0,0.0,1.0,0.0,5.0,34.6,0.0
160.0,3449.0,2.0,0.0,0.0,1.0,0.0,5.0,72.93,0.0
161.0,3449.0,2.0,0.0,0.0,1.0,0.0,5.0,46.02,0.0
162.0,3449.0,2.0,0.0,0.0,38.0,0.0,19.0,398.62,1.0
162.0,3449.0,2.0,0.0,0.0,1.0,0.0,5.0,31.8,0.0
163.0,3449.0,2.0,0.0,0.0,1.0,0.0,5.0,76.71,0.0
169.0,3449.0,2.0,0.0,0.0,1.0,0.0,5.0,11.15,0.0
170.0,3449.0,2.0,0.0,0.0,1.0,0.0,5.0,4.18,0.0
171.0,3449.0,2.0,0.0,0.0,41.0,0.0,19.0,361.67,1.0
171.0,3449.0,2.0,0.0,0.0,1.0,0.0,5.0,55.31,0.0
172.0,3449.0,2.0,0.0,0.0,1.0,0.0,5.0,25.23,0.0
28.0,3450.0,0.0,0.0,0.0,0.0,0.0,5.0,6.02,0.0
29.0,3450.0,0.0,0.0,0.0,0.0,0.0,5.0,20.61,0.0
30.0,3450.0,0.0,0.0,0.0,35.0,0.0,18.0,1840.89,1.0
31.0,3450.0,0.0,0.0,0.0,0.0,0.0,5.0,49.48,0.0
33.0,3450.0,0.0,0.0,0.0,38.0,0.0,19.0,420.1,1.0
33.0,3450.0,0.0,0.0,0.0,15.0,0.0,13.0,41.06,0.0
34.0,3450.0,0.0,0.0,0.0,0.0,0.0,5.0,8.11,0.0
36.0,3450.0,0.0,0.0,0.0,0.0,0.0,5.0,14.42,0.0
37.0,3450.0,0.0,0.0,0.0,0.0,0.0,5.0,53.52,0.0
38.0,3450.0,0.0,0.0,0.0,26.0,0.0,12.0,79.81,1.0
38.0,3450.0,0.0,0.0,0.0,0.0,0.0,5.0,61.88,0.0
39.0,3450.0,0.0,0.0,0.0,0.0,0.0,5.0,2.5,0.0
100.0,3451.0,1.0,0.0,0.0,25.0,0.0,15.0,0.74,0.0
123.0,3451.0,1.0,0.0,0.0,25.0,0.0,15.0,103.98,0.0
134.0,3451.0,1.0,0.0,0.0,22.0,0.0,12.0,350.98,1.0
137.0,3451.0,1.0,0.0,0.0,22.0,0.0,12.0,79.59,0.0
153.0,3451.0,1.0,0.0,0.0,7.0,0.0,6.0,140.26,0.0
114.0,3453.0,1.0,1.0,0.0,0.0,0.0,5.0,27.34,0.0
115.0,3453.0,1.0,1.0,0.0,0.0,0.0,5.0,5.26,0.0
115.0,3453.0,1.0,1.0,0.0,22.0,0.0,12.0,462.37,1.0
116.0,3453.0,1.0,1.0,0.0,27.0,0.0,12.0,23.14,0.0
117.0,3453.0,1.0,1.0,0.0,0.0,0.0,5.0,7.82,0.0
25.0,3454.0,1.0,0.0,0.0,2.0,0.0,6.0,41.43,0.0
34.0,3454.0,1.0,0.0,0.0,22.0,0.0,12.0,181.09,0.0
44.0,3454.0,1.0,0.0,0.0,13.0,0.0,14.0,171.02,1.0
49.0,3454.0,1.0,0.0,0.0,20.0,0.0,13.0,17.92,0.0
54.0,3454.0,1.0,0.0,0.0,22.0,0.0,12.0,520.53,1.0
54.0,3454.0,1.0,0.0,0.0,9.0,0.0,10.0,63.15,0.0
55.0,3454.0,1.0,0.0,0.0,0.0,0.0,5.0,71.17,0.0
120.0,3454.0,1.0,0.0,0.0,0.0,0.0,5.0,38.6,0.0
121.0,3454.0,1.0,0.0,0.0,0.0,0.0,5.0,24.52,0.0
122.0,3454.0,1.0,0.0,0.0,6.0,0.0,6.0,53.4,1.0
122.0,3454.0,1.0,0.0,0.0,0.0,0.0,5.0,20.35,0.0
123.0,3454.0,1.0,0.0,0.0,0.0,0.0,5.0,11.17,0.0
153.0,3454.0,1.0,0.0,0.0,0.0,0.0,5.0,10.12,0.0
154.0,3454.0,1.0,0.0,0.0,0.0,0.0,5.0,8.59,0.0
155.0,3454.0,1.0,0.0,0.0,17.0,0.0,9.0,287.42,1.0
155.0,3454.0,1.0,0.0,0.0,0.0,0.0,5.0,59.04,0.0
157.0,3454.0,1.0,0.0,0.0,0.0,0.0,5.0,47.53,0.0
64.0,3456.0,1.0,1.0,0.0,1.0,0.0,5.0,53.38,0.0
65.0,3456.0,1.0,1.0,0.0,1.0,0.0,5.0,29.02,0.0
66.0,3456.0,1.0,1.0,0.0,6.0,0.0,6.0,388.47,1.0
66.0,3456.0,1.0,1.0,0.0,5.0,0.0,8.0,61.78,0.0
67.0,3456.0,1.0,1.0,0.0,1.0,0.0,5.0,62.25,0.0
92.0,3457.0,4.0,1.0,0.0,41.0,0.0,19.0,61.03,0.0
110.0,3457.0,4.0,1.0,0.0,6.0,0.0,6.0,338.47,0.0
129.0,3457.0,4.0,1.0,0.0,38.0,0.0,19.0,295.95,1.0
136.0,3457.0,4.0,1.0,0.0,22.0,0.0,12.0,123.55,1.0
136.0,3457.0,4.0,1.0,0.0,13.0,0.0,14.0,61.73,1.0
138.0,3457.0,4.0,1.0,0.0,13.0,0.0,14.0,99.79,1.0
141.0,3457.0,4.0,1.0,0.0,22.0,0.0,12.0,536.1,1.0
142.0,3457.0,4.0,1.0,0.0,45.0,0.0,18.0,7134.39,1.0
151.0,3457.0,4.0,1.0,0.0,12.0,0.0,13.0,62.56,0.0
149.0,3457.0,4.0,1.0,0.0,13.0,0.0,14.0,105.84,1.0
151.0,3457.0,4.0,1.0,0.0,20.0,0.0,13.0,55.62,0.0
151.0,3457.0,4.0,1.0,0.0,21.0,0.0,13.0,2.58,0.0
151.0,3457.0,4.0,1.0,0.0,35.0,0.0,18.0,3746.14,1.0
153.0,3457.0,4.0,1.0,0.0,35.0,0.0,18.0,298.8,1.0
158.0,3457.0,4.0,1.0,0.0,6.0,0.0,6.0,234.36,1.0
159.0,3457.0,4.0,1.0,0.0,6.0,0.0,6.0,228.06,1.0
162.0,3457.0,4.0,1.0,0.0,13.0,0.0,14.0,17.37,0.0
160.0,3457.0,4.0,1.0,0.0,3.0,0.0,7.0,127.24,1.0
163.0,3457.0,4.0,1.0,0.0,0.0,0.0,5.0,21.84,0.0
164.0,3457.0,4.0,1.0,0.0,0.0,0.0,5.0,5.44,0.0
164.0,3457.0,4.0,1.0,0.0,6.0,0.0,6.0,384.59,1.0
164.0,3457.0,4.0,1.0,0.0,22.0,0.0,12.0,485.23,1.0
165.0,3457.0,4.0,1.0,0.0,0.0,0.0,5.0,59.6,0.0
165.0,3457.0,4.0,1.0,0.0,17.0,0.0,9.0,1266.05,1.0
166.0,3457.0,4.0,1.0,0.0,0.0,0.0,5.0,45.07,0.0
168.0,3457.0,4.0,1.0,0.0,0.0,0.0,5.0,28.35,0.0
169.0,3457.0,4.0,1.0,0.0,13.0,0.0,14.0,37.01,0.0
170.0,3457.0,4.0,1.0,0.0,35.0,0.0,18.0,181.0,1.0
170.0,3457.0,4.0,1.0,0.0,13.0,0.0,14.0,65.53,0.0
171.0,3457.0,4.0,1.0,0.0,0.0,0.0,5.0,46.42,0.0
172.0,3457.0,4.0,1.0,0.0,0.0,0.0,5.0,15.93,0.0
172.0,3457.0,4.0,1.0,0.0,17.0,0.0,9.0,451.56,1.0
173.0,3457.0,4.0,1.0,0.0,9.0,0.0,10.0,695.63,1.0
173.0,3457.0,4.0,1.0,0.0,0.0,0.0,5.0,29.65,0.0
173.0,3457.0,4.0,1.0,0.0,13.0,0.0,14.0,400.85,1.0
174.0,3457.0,4.0,1.0,0.0,0.0,0.0,5.0,14.34,0.0
174.0,3457.0,4.0,1.0,0.0,13.0,0.0,14.0,13.11,1.0
176.0,3457.0,4.0,1.0,0.0,0.0,0.0,5.0,37.84,0.0
175.0,3457.0,4.0,1.0,0.0,6.0,0.0,6.0,146.04,1.0
177.0,3457.0,4.0,1.0,0.0,0.0,0.0,5.0,17.16,0.0
177.0,3457.0,4.0,1.0,0.0,12.0,0.0,13.0,66.07,1.0
178.0,3457.0,4.0,1.0,0.0,3.0,0.0,7.0,713.37,1.0
178.0,3457.0,4.0,1.0,0.0,31.0,0.0,9.0,567.12,1.0
179.0,3457.0,4.0,1.0,0.0,0.0,0.0,5.0,11.75,0.0
178.0,3457.0,4.0,1.0,0.0,3.0,0.0,7.0,789.07,1.0
95.0,3458.0,1.0,0.0,0.0,15.0,0.0,13.0,15.74,0.0
96.0,3458.0,1.0,0.0,0.0,0.0,0.0,5.0,32.3,0.0
97.0,3458.0,1.0,0.0,0.0,2.0,0.0,6.0,17.63,1.0
97.0,3458.0,1.0,0.0,0.0,0.0,0.0,5.0,6.07,0.0
98.0,3458.0,1.0,0.0,0.0,0.0,0.0,5.0,37.89,0.0
10.0,3459.0,5.0,1.0,0.0,22.0,0.0,12.0,606.91,1.0
51.0,3459.0,5.0,1.0,0.0,13.0,0.0,14.0,4.07,0.0
51.0,3459.0,5.0,1.0,0.0,17.0,0.0,9.0,644.31,1.0
52.0,3459.0,5.0,1.0,0.0,0.0,0.0,5.0,27.32,0.0
75.0,3459.0,5.0,1.0,0.0,0.0,0.0,5.0,58.58,0.0
76.0,3459.0,5.0,1.0,0.0,9.0,0.0,10.0,10.49,0.0
77.0,3459.0,5.0,1.0,0.0,25.0,0.0,15.0,284.79,1.0
77.0,3459.0,5.0,1.0,0.0,0.0,0.0,5.0,60.71,0.0
78.0,3459.0,5.0,1.0,0.0,0.0,0.0,5.0,53.42,0.0
174.0,3459.0,5.0,1.0,0.0,1.0,0.0,5.0,37.87,0.0
175.0,3459.0,5.0,1.0,0.0,1.0,0.0,5.0,1.35,0.0
175.0,3459.0,5.0,1.0,0.0,6.0,0.0,6.0,450.1,1.0
176.0,3459.0,5.0,1.0,0.0,1.0,0.0,5.0,32.94,0.0
177.0,3459.0,5.0,1.0,0.0,1.0,0.0,5.0,19.27,0.0
66.0,3460.0,1.0,0.0,0.0,0.0,0.0,5.0,20.73,0.0
67.0,3460.0,1.0,0.0,0.0,36.0,0.0,15.0,50.38,0.0
68.0,3460.0,1.0,0.0,0.0,17.0,0.0,9.0,591.29,1.0
68.0,3460.0,1.0,0.0,0.0,0.0,0.0,5.0,22.83,0.0
68.0,3460.0,1.0,0.0,0.0,1.0,0.0,5.0,63.05,0.0
72.0,3461.0,2.0,0.0,0.0,7.0,0.0,6.0,181.45,0.0
72.0,3461.0,2.0,0.0,0.0,2.0,0.0,6.0,183.91,0.0
81.0,3461.0,2.0,0.0,0.0,22.0,0.0,12.0,676.56,1.0
102.0,3461.0,2.0,0.0,0.0,6.0,0.0,6.0,108.27,0.0
102.0,3461.0,2.0,0.0,0.0,7.0,0.0,6.0,93.19,0.0
134.0,3461.0,2.0,0.0,0.0,7.0,0.0,6.0,106.03,0.0
134.0,3461.0,2.0,0.0,0.0,2.0,0.0,6.0,185.97,0.0
143.0,3461.0,2.0,0.0,0.0,6.0,0.0,6.0,358.03,1.0
154.0,3461.0,2.0,0.0,0.0,25.0,0.0,15.0,46.07,0.0
167.0,3461.0,2.0,0.0,0.0,6.0,0.0,6.0,64.03,0.0
10.0,3465.0,2.0,1.0,0.0,22.0,0.0,12.0,261.87,1.0
14.0,3465.0,2.0,1.0,0.0,11.0,0.0,12.0,35.41,0.0
15.0,3465.0,2.0,1.0,0.0,6.0,0.0,6.0,466.47,1.0
38.0,3465.0,2.0,1.0,0.0,6.0,0.0,6.0,0.5,0.0
16.0,3465.0,2.0,1.0,0.0,2.0,0.0,6.0,493.79,1.0
39.0,3465.0,2.0,1.0,0.0,9.0,0.0,10.0,210.79,1.0
48.0,3465.0,2.0,1.0,0.0,6.0,0.0,6.0,74.71,0.0
48.0,3465.0,2.0,1.0,0.0,2.0,0.0,6.0,52.78,0.0
52.0,3465.0,2.0,1.0,0.0,12.0,0.0,13.0,77.86,0.0
57.0,3465.0,2.0,1.0,0.0,22.0,0.0,12.0,199.82,1.0
58.0,3465.0,2.0,1.0,0.0,12.0,0.0,13.0,56.06,0.0
58.0,3465.0,2.0,1.0,0.0,20.0,0.0,13.0,56.3,0.0
74.0,3465.0,2.0,1.0,0.0,9.0,0.0,10.0,33.67,1.0
85.0,3465.0,2.0,1.0,0.0,6.0,0.0,6.0,65.72,0.0
85.0,3465.0,2.0,1.0,0.0,7.0,0.0,6.0,212.4,0.0
148.0,3465.0,2.0,1.0,0.0,1.0,0.0,5.0,31.86,0.0
149.0,3465.0,2.0,1.0,0.0,1.0,0.0,5.0,28.09,0.0
150.0,3465.0,2.0,1.0,0.0,10.0,0.0,11.0,402.53,1.0
150.0,3465.0,2.0,1.0,0.0,14.0,0.0,15.0,8.02,0.0
151.0,3465.0,2.0,1.0,0.0,1.0,0.0,5.0,24.3,0.0
10.0,3466.0,2.0,0.0,0.0,13.0,0.0,14.0,251.05,1.0
31.0,3466.0,2.0,0.0,0.0,4.0,0.0,6.0,94.08,0.0
22.0,3466.0,2.0,0.0,0.0,22.0,0.0,12.0,431.16,1.0
32.0,3466.0,2.0,0.0,0.0,1.0,0.0,5.0,15.9,0.0
43.0,3466.0,2.0,0.0,0.0,0.0,0.0,5.0,47.75,0.0
44.0,3466.0,2.0,0.0,0.0,0.0,0.0,5.0,2.1,0.0
45.0,3466.0,2.0,0.0,0.0,9.0,0.0,10.0,114.98,1.0
45.0,3466.0,2.0,0.0,0.0,0.0,0.0,5.0,7.28,0.0
46.0,3466.0,2.0,0.0,0.0,0.0,0.0,5.0,26.66,0.0
66.0,3466.0,2.0,0.0,0.0,1.0,0.0,5.0,67.17,0.0
67.0,3466.0,2.0,0.0,0.0,1.0,0.0,5.0,32.29,0.0
67.0,3466.0,2.0,0.0,0.0,18.0,0.0,9.0,194.52,1.0
68.0,3466.0,2.0,0.0,0.0,1.0,0.0,5.0,52.93,0.0
69.0,3466.0,2.0,0.0,0.0,1.0,0.0,5.0,38.09,0.0
91.0,3466.0,2.0,0.0,0.0,1.0,0.0,5.0,13.83,0.0
92.0,3466.0,2.0,0.0,0.0,28.0,0.0,13.0,106.22,0.0
92.0,3466.0,2.0,0.0,0.0,11.0,0.0,12.0,527.51,1.0
93.0,3466.0,2.0,0.0,0.0,0.0,0.0,5.0,33.89,0.0
93.0,3466.0,2.0,0.0,0.0,1.0,0.0,5.0,23.55,0.0
153.0,3466.0,2.0,0.0,0.0,1.0,0.0,5.0,40.61,0.0
154.0,3466.0,2.0,0.0,0.0,1.0,0.0,5.0,30.45,0.0
155.0,3466.0,2.0,0.0,0.0,20.0,0.0,13.0,147.88,1.0
155.0,3466.0,2.0,0.0,0.0,1.0,0.0,5.0,13.36,0.0
156.0,3466.0,2.0,0.0,0.0,1.0,0.0,5.0,62.64,0.0
41.0,3467.0,4.0,1.0,0.0,1.0,0.0,5.0,30.28,0.0
42.0,3467.0,4.0,1.0,0.0,1.0,0.0,5.0,24.26,0.0
42.0,3467.0,4.0,1.0,0.0,6.0,0.0,6.0,783.09,1.0
43.0,3467.0,4.0,1.0,0.0,1.0,0.0,5.0,39.9,0.0
42.0,3467.0,4.0,1.0,0.0,3.0,0.0,7.0,677.91,1.0
44.0,3467.0,4.0,1.0,0.0,1.0,0.0,5.0,26.46,0.0
57.0,3467.0,4.0,1.0,0.0,1.0,0.0,5.0,47.12,0.0
58.0,3467.0,4.0,1.0,0.0,1.0,0.0,5.0,40.52,0.0
58.0,3467.0,4.0,1.0,0.0,41.0,0.0,19.0,98.57,1.0
59.0,3467.0,4.0,1.0,0.0,5.0,0.0,8.0,43.81,0.0
60.0,3467.0,4.0,1.0,0.0,5.0,0.0,8.0,5.35,0.0
101.0,3467.0,4.0,1.0,0.0,1.0,0.0,5.0,5.8,0.0
102.0,3467.0,4.0,1.0,0.0,1.0,0.0,5.0,26.82,0.0
103.0,3467.0,4.0,1.0,0.0,38.0,0.0,19.0,254.56,1.0
103.0,3467.0,4.0,1.0,0.0,1.0,0.0,5.0,13.91,0.0
104.0,3467.0,4.0,1.0,0.0,1.0,0.0,5.0,49.38,0.0
10.0,3468.0,1.0,1.0,0.0,6.0,0.0,6.0,75.85,0.0
33.0,3468.0,1.0,1.0,0.0,3.0,0.0,7.0,115.14,0.0
76.0,3468.0,1.0,1.0,0.0,22.0,0.0,12.0,650.38,1.0
79.0,3468.0,1.0,1.0,0.0,3.0,0.0,7.0,101.52,0.0
86.0,3468.0,1.0,1.0,0.0,14.0,0.0,15.0,26.81,0.0
105.0,3468.0,1.0,1.0,0.0,1.0,0.0,5.0,17.71,0.0
107.0,3468.0,1.0,1.0,0.0,1.0,0.0,5.0,14.24,0.0
107.0,3468.0,1.0,1.0,0.0,22.0,0.0,12.0,161.13,1.0
108.0,3468.0,1.0,1.0,0.0,1.0,0.0,5.0,34.85,0.0
109.0,3468.0,1.0,1.0,0.0,1.0,0.0,5.0,7.6,0.0
150.0,3468.0,1.0,1.0,0.0,1.0,0.0,5.0,6.19,0.0
151.0,3468.0,1.0,1.0,0.0,1.0,0.0,5.0,11.28,0.0
152.0,3468.0,1.0,1.0,0.0,22.0,0.0,12.0,28.34,1.0
152.0,3468.0,1.0,1.0,0.0,1.0,0.0,5.0,7.99,0.0
155.0,3468.0,1.0,1.0,0.0,1.0,0.0,5.0,59.49,0.0
175.0,3468.0,1.0,1.0,0.0,1.0,0.0,5.0,29.16,0.0
176.0,3468.0,1.0,1.0,0.0,1.0,0.0,5.0,29.75,0.0
177.0,3468.0,1.0,1.0,0.0,17.0,0.0,9.0,127.55,1.0
177.0,3468.0,1.0,1.0,0.0,1.0,0.0,5.0,13.02,0.0
179.0,3468.0,1.0,1.0,0.0,1.0,0.0,5.0,27.36,0.0
56.0,3469.0,0.0,1.0,0.0,7.0,0.0,6.0,12.55,0.0
67.0,3469.0,0.0,1.0,0.0,25.0,0.0,15.0,29.77,0.0
92.0,3469.0,0.0,1.0,0.0,6.0,0.0,6.0,376.03,1.0
95.0,3469.0,0.0,1.0,0.0,13.0,0.0,14.0,17.78,1.0
101.0,3469.0,0.0,1.0,0.0,35.0,0.0,18.0,3614.74,1.0
103.0,3469.0,0.0,1.0,0.0,12.0,0.0,13.0,23.18,0.0
102.0,3469.0,0.0,1.0,0.0,41.0,0.0,19.0,301.12,1.0
103.0,3469.0,0.0,1.0,0.0,16.0,0.0,16.0,7.08,1.0
118.0,3469.0,0.0,1.0,0.0,13.0,0.0,14.0,70.13,0.0
117.0,3469.0,0.0,1.0,0.0,41.0,0.0,19.0,276.98,1.0
119.0,3469.0,0.0,1.0,0.0,4.0,0.0,6.0,16.29,0.0
122.0,3469.0,0.0,1.0,0.0,1.0,0.0,5.0,54.09,0.0
123.0,3469.0,0.0,1.0,0.0,1.0,0.0,5.0,23.79,0.0
123.0,3469.0,0.0,1.0,0.0,6.0,0.0,6.0,1309.23,1.0
123.0,3469.0,0.0,1.0,0.0,45.0,0.0,18.0,5156.24,1.0
124.0,3469.0,0.0,1.0,0.0,1.0,0.0,5.0,50.93,0.0
124.0,3469.0,0.0,1.0,0.0,6.0,0.0,6.0,430.55,1.0
125.0,3469.0,0.0,1.0,0.0,1.0,0.0,5.0,12.7,0.0
126.0,3469.0,0.0,1.0,0.0,22.0,0.0,12.0,691.28,1.0
126.0,3469.0,0.0,1.0,0.0,1.0,0.0,5.0,8.44,0.0
127.0,3469.0,0.0,1.0,0.0,1.0,0.0,5.0,7.43,0.0
128.0,3469.0,0.0,1.0,0.0,1.0,0.0,5.0,68.35,0.0
129.0,3469.0,0.0,1.0,0.0,5.0,0.0,8.0,8.57,0.0
129.0,3469.0,0.0,1.0,0.0,12.0,0.0,13.0,152.27,1.0
130.0,3469.0,0.0,1.0,0.0,6.0,0.0,6.0,289.42,1.0
130.0,3469.0,0.0,1.0,0.0,1.0,0.0,5.0,19.6,0.0
130.0,3469.0,0.0,1.0,0.0,11.0,0.0,12.0,466.76,1.0
132.0,3469.0,0.0,1.0,0.0,1.0,0.0,5.0,26.16,0.0
133.0,3469.0,0.0,1.0,0.0,1.0,0.0,5.0,4.51,0.0
134.0,3469.0,0.0,1.0,0.0,13.0,0.0,14.0,24.22,1.0
134.0,3469.0,0.0,1.0,0.0,1.0,0.0,5.0,7.26,0.0
135.0,3469.0,0.0,1.0,0.0,1.0,0.0,5.0,48.85,0.0
135.0,3469.0,0.0,1.0,0.0,6.0,0.0,6.0,358.79,1.0
136.0,3469.0,0.0,1.0,0.0,1.0,0.0,5.0,27.72,0.0
137.0,3469.0,0.0,1.0,0.0,1.0,0.0,5.0,8.94,0.0
145.0,3469.0,0.0,1.0,0.0,1.0,0.0,5.0,32.31,0.0
146.0,3469.0,0.0,1.0,0.0,1.0,0.0,5.0,61.34,0.0
148.0,3469.0,0.0,1.0,0.0,13.0,0.0,14.0,96.43,1.0
148.0,3469.0,0.0,1.0,0.0,1.0,0.0,5.0,2.34,0.0
148.0,3469.0,0.0,1.0,0.0,38.0,0.0,19.0,289.5,1.0
149.0,3469.0,0.0,1.0,0.0,5.0,0.0,8.0,42.78,0.0
149.0,3469.0,0.0,1.0,0.0,6.0,0.0,6.0,276.72,1.0
150.0,3469.0,0.0,1.0,0.0,5.0,0.0,8.0,85.76,0.0
150.0,3469.0,0.0,1.0,0.0,6.0,0.0,6.0,359.54,1.0
151.0,3469.0,0.0,1.0,0.0,1.0,0.0,5.0,44.38,0.0
151.0,3469.0,0.0,1.0,0.0,35.0,0.0,18.0,2728.28,1.0
152.0,3469.0,0.0,1.0,0.0,1.0,0.0,5.0,58.37,0.0
151.0,3469.0,0.0,1.0,0.0,22.0,0.0,12.0,92.84,1.0
153.0,3469.0,0.0,1.0,0.0,1.0,0.0,5.0,47.55,0.0
168.0,3469.0,0.0,1.0,0.0,1.0,0.0,5.0,27.79,0.0
169.0,3469.0,0.0,1.0,0.0,1.0,0.0,5.0,7.06,0.0
169.0,3469.0,0.0,1.0,0.0,12.0,0.0,13.0,353.94,1.0
170.0,3469.0,0.0,1.0,0.0,1.0,0.0,5.0,47.76,0.0
169.0,3469.0,0.0,1.0,0.0,9.0,0.0,10.0,99.08,1.0
171.0,3469.0,0.0,1.0,0.0,1.0,0.0,5.0,6.1,0.0
11.0,3471.0,3.0,1.0,0.0,1.0,0.0,5.0,65.2,0.0
12.0,3471.0,3.0,1.0,0.0,1.0,0.0,5.0,35.22,0.0
13.0,3471.0,3.0,1.0,0.0,45.0,0.0,18.0,1070.23,1.0
13.0,3471.0,3.0,1.0,0.0,10.0,0.0,11.0,74.54,0.0
14.0,3471.0,3.0,1.0,0.0,1.0,0.0,5.0,6.5,0.0
10.0,3472.0,0.0,1.0,0.0,25.0,0.0,15.0,59.52,0.0
23.0,3472.0,0.0,1.0,0.0,22.0,0.0,12.0,39.44,0.0
26.0,3472.0,0.0,1.0,0.0,22.0,0.0,12.0,187.23,1.0
46.0,3472.0,0.0,1.0,0.0,15.0,0.0,13.0,443.86,1.0
48.0,3472.0,0.0,1.0,0.0,13.0,0.0,14.0,255.93,1.0
60.0,3472.0,0.0,1.0,0.0,22.0,0.0,12.0,219.29,1.0
67.0,3472.0,0.0,1.0,0.0,11.0,0.0,12.0,131.13,1.0
116.0,3472.0,0.0,1.0,0.0,20.0,0.0,13.0,66.96,0.0
109.0,3472.0,0.0,1.0,0.0,6.0,0.0,6.0,757.77,1.0
134.0,3472.0,0.0,1.0,0.0,6.0,0.0,6.0,983.98,1.0
134.0,3472.0,0.0,1.0,0.0,7.0,0.0,6.0,7.49,0.0
140.0,3472.0,0.0,1.0,0.0,9.0,0.0,10.0,101.44,0.0
164.0,3472.0,0.0,1.0,0.0,0.0,0.0,5.0,43.4,0.0
165.0,3472.0,0.0,1.0,0.0,0.0,0.0,5.0,29.99,0.0
165.0,3472.0,0.0,1.0,0.0,17.0,0.0,9.0,546.52,1.0
166.0,3472.0,0.0,1.0,0.0,0.0,0.0,5.0,18.08,0.0
167.0,3472.0,0.0,1.0,0.0,0.0,0.0,5.0,46.43,0.0
10.0,3473.0,1.0,1.0,0.0,35.0,0.0,18.0,2077.72,1.0
12.0,3473.0,1.0,1.0,0.0,3.0,0.0,7.0,28.12,0.0
11.0,3473.0,1.0,1.0,0.0,22.0,0.0,12.0,659.47,1.0
28.0,3473.0,1.0,1.0,0.0,6.0,0.0,6.0,46.19,0.0
28.0,3473.0,1.0,1.0,0.0,22.0,0.0,12.0,191.86,1.0
38.0,3473.0,1.0,1.0,0.0,11.0,0.0,12.0,185.26,0.0
44.0,3473.0,1.0,1.0,0.0,6.0,0.0,6.0,76.42,0.0
44.0,3473.0,1.0,1.0,0.0,2.0,0.0,6.0,37.18,0.0
68.0,3473.0,1.0,1.0,0.0,12.0,0.0,13.0,2.18,0.0
74.0,3473.0,1.0,1.0,0.0,18.0,0.0,9.0,514.53,1.0
79.0,3473.0,1.0,1.0,0.0,12.0,0.0,13.0,9.29,0.0
79.0,3473.0,1.0,1.0,0.0,20.0,0.0,13.0,37.98,0.0
85.0,3473.0,1.0,1.0,0.0,6.0,0.0,6.0,799.94,1.0
87.0,3473.0,1.0,1.0,0.0,13.0,0.0,14.0,96.03,0.0
88.0,3473.0,1.0,1.0,0.0,0.0,0.0,5.0,44.26,0.0
154.0,3473.0,1.0,1.0,0.0,4.0,0.0,6.0,170.88,0.0
155.0,3473.0,1.0,1.0,0.0,1.0,0.0,5.0,48.71,0.0
156.0,3473.0,1.0,1.0,0.0,35.0,0.0,18.0,585.56,1.0
156.0,3473.0,1.0,1.0,0.0,1.0,0.0,5.0,20.66,0.0
157.0,3473.0,1.0,1.0,0.0,1.0,0.0,5.0,22.11,0.0
160.0,3473.0,1.0,1.0,0.0,1.0,0.0,5.0,24.07,0.0
161.0,3473.0,1.0,1.0,0.0,1.0,0.0,5.0,1.64,0.0
162.0,3473.0,1.0,1.0,0.0,21.0,0.0,13.0,18.75,1.0
162.0,3473.0,1.0,1.0,0.0,1.0,0.0,5.0,3.44,0.0
163.0,3473.0,1.0,1.0,0.0,1.0,0.0,5.0,49.05,0.0
10.0,3477.0,0.0,1.0,0.0,38.0,0.0,19.0,261.05,1.0
17.0,3477.0,0.0,1.0,0.0,6.0,0.0,6.0,441.37,1.0
24.0,3477.0,0.0,1.0,0.0,10.0,0.0,11.0,10.08,0.0
18.0,3477.0,0.0,1.0,0.0,22.0,0.0,12.0,904.45,1.0
25.0,3477.0,0.0,1.0,0.0,13.0,0.0,14.0,20.4,0.0
26.0,3477.0,0.0,1.0,0.0,11.0,0.0,12.0,178.82,1.0
26.0,3477.0,0.0,1.0,0.0,0.0,0.0,5.0,1.28,0.0
27.0,3477.0,0.0,1.0,0.0,0.0,0.0,5.0,3.4,0.0
28.0,3477.0,0.0,1.0,0.0,0.0,0.0,5.0,5.46,0.0
29.0,3477.0,0.0,1.0,0.0,0.0,0.0,5.0,14.78,0.0
29.0,3477.0,0.0,1.0,0.0,6.0,0.0,6.0,745.79,1.0
30.0,3477.0,0.0,1.0,0.0,0.0,0.0,5.0,30.64,0.0
31.0,3477.0,0.0,1.0,0.0,0.0,0.0,5.0,4.53,0.0
10.0,3478.0,0.0,1.0,0.0,25.0,0.0,15.0,30.05,0.0
22.0,3478.0,0.0,1.0,0.0,22.0,0.0,12.0,451.61,1.0
35.0,3478.0,0.0,1.0,0.0,12.0,0.0,13.0,41.99,0.0
51.0,3478.0,0.0,1.0,0.0,10.0,0.0,11.0,13.16,0.0
82.0,3478.0,0.0,1.0,0.0,1.0,0.0,5.0,25.64,0.0
83.0,3478.0,0.0,1.0,0.0,1.0,0.0,5.0,6.97,0.0
83.0,3478.0,0.0,1.0,0.0,22.0,0.0,12.0,130.23,1.0
85.0,3478.0,0.0,1.0,0.0,5.0,0.0,8.0,0.59,0.0
86.0,3478.0,0.0,1.0,0.0,1.0,0.0,5.0,3.15,0.0
51.0,3481.0,1.0,1.0,0.0,0.0,0.0,5.0,18.02,0.0
52.0,3481.0,1.0,1.0,0.0,0.0,0.0,5.0,13.88,0.0
52.0,3481.0,1.0,1.0,0.0,38.0,0.0,19.0,274.2,1.0
53.0,3481.0,1.0,1.0,0.0,0.0,0.0,5.0,4.34,0.0
54.0,3481.0,1.0,1.0,0.0,0.0,0.0,5.0,0.56,0.0
120.0,3481.0,1.0,1.0,0.0,0.0,0.0,5.0,22.98,0.0
121.0,3481.0,1.0,1.0,0.0,0.0,0.0,5.0,45.25,0.0
122.0,3481.0,1.0,1.0,0.0,22.0,0.0,12.0,492.08,1.0
122.0,3481.0,1.0,1.0,0.0,13.0,0.0,14.0,12.69,0.0
123.0,3481.0,1.0,1.0,0.0,34.0,0.0,17.0,44.53,0.0
10.0,3483.0,2.0,0.0,0.0,12.0,0.0,13.0,14.73,0.0
20.0,3483.0,2.0,0.0,0.0,41.0,0.0,19.0,307.86,1.0
20.0,3483.0,2.0,0.0,0.0,6.0,0.0,6.0,131.72,0.0
25.0,3483.0,2.0,0.0,0.0,16.0,0.0,16.0,166.42,0.0
30.0,3483.0,2.0,0.0,0.0,12.0,0.0,13.0,89.09,0.0
30.0,3483.0,2.0,0.0,0.0,20.0,0.0,13.0,119.91,0.0
34.0,3483.0,2.0,0.0,0.0,22.0,0.0,12.0,257.1,1.0
37.0,3483.0,2.0,0.0,0.0,13.0,0.0,14.0,49.35,0.0
38.0,3483.0,2.0,0.0,0.0,0.0,0.0,5.0,3.35,0.0
68.0,3483.0,2.0,0.0,0.0,0.0,0.0,5.0,37.88,0.0
69.0,3483.0,2.0,0.0,0.0,0.0,0.0,5.0,24.72,0.0
69.0,3483.0,2.0,0.0,0.0,13.0,0.0,14.0,182.74,1.0
70.0,3483.0,2.0,0.0,0.0,0.0,0.0,5.0,37.94,0.0
72.0,3483.0,2.0,0.0,0.0,15.0,0.0,13.0,40.85,0.0
124.0,3485.0,2.0,0.0,0.0,0.0,0.0,5.0,6.34,0.0
125.0,3485.0,2.0,0.0,0.0,0.0,0.0,5.0,29.69,0.0
126.0,3485.0,2.0,0.0,0.0,38.0,0.0,19.0,269.59,1.0
126.0,3485.0,2.0,0.0,0.0,0.0,0.0,5.0,40.35,0.0
127.0,3485.0,2.0,0.0,0.0,0.0,0.0,5.0,26.83,0.0
138.0,3485.0,2.0,0.0,0.0,0.0,0.0,5.0,40.14,0.0
139.0,3485.0,2.0,0.0,0.0,0.0,0.0,5.0,11.78,0.0
139.0,3485.0,2.0,0.0,0.0,20.0,0.0,13.0,354.92,1.0
140.0,3485.0,2.0,0.0,0.0,0.0,0.0,5.0,7.16,0.0
141.0,3485.0,2.0,0.0,0.0,0.0,0.0,5.0,34.59,0.0
144.0,3485.0,2.0,0.0,0.0,1.0,0.0,5.0,54.29,0.0
146.0,3485.0,2.0,0.0,0.0,1.0,0.0,5.0,49.37,0.0
147.0,3485.0,2.0,0.0,0.0,17.0,0.0,9.0,672.27,1.0
147.0,3485.0,2.0,0.0,0.0,1.0,0.0,5.0,23.47,0.0
148.0,3485.0,2.0,0.0,0.0,5.0,0.0,8.0,8.49,0.0
167.0,3485.0,2.0,0.0,0.0,1.0,0.0,5.0,19.59,0.0
168.0,3485.0,2.0,0.0,0.0,1.0,0.0,5.0,3.6,0.0
168.0,3485.0,2.0,0.0,0.0,6.0,0.0,6.0,69.15,1.0
169.0,3485.0,2.0,0.0,0.0,1.0,0.0,5.0,32.34,0.0
170.0,3485.0,2.0,0.0,0.0,1.0,0.0,5.0,2.44,0.0
60.0,3486.0,1.0,0.0,0.0,1.0,0.0,5.0,15.86,0.0
61.0,3486.0,1.0,0.0,0.0,1.0,0.0,5.0,8.91,0.0
62.0,3486.0,1.0,0.0,0.0,27.0,0.0,12.0,276.72,1.0
63.0,3486.0,1.0,0.0,0.0,1.0,0.0,5.0,19.36,0.0
65.0,3486.0,1.0,0.0,0.0,1.0,0.0,5.0,4.41,0.0
83.0,3486.0,1.0,0.0,0.0,0.0,0.0,5.0,27.43,0.0
84.0,3486.0,1.0,0.0,0.0,0.0,0.0,5.0,18.07,0.0
84.0,3486.0,1.0,0.0,0.0,6.0,0.0,6.0,183.33,1.0
85.0,3486.0,1.0,0.0,0.0,0.0,0.0,5.0,26.85,0.0
86.0,3486.0,1.0,0.0,0.0,0.0,0.0,5.0,12.2,0.0
53.0,3487.0,2.0,1.0,0.0,20.0,0.0,13.0,46.79,0.0
102.0,3487.0,2.0,1.0,0.0,22.0,0.0,12.0,27.89,0.0
143.0,3487.0,2.0,1.0,0.0,22.0,0.0,12.0,673.91,1.0
147.0,3487.0,2.0,1.0,0.0,7.0,0.0,6.0,171.46,0.0
147.0,3487.0,2.0,1.0,0.0,2.0,0.0,6.0,442.4,0.0
148.0,3487.0,2.0,1.0,0.0,25.0,0.0,15.0,120.81,1.0
152.0,3487.0,2.0,1.0,0.0,22.0,0.0,12.0,35.39,0.0
152.0,3487.0,2.0,1.0,0.0,48.0,0.0,12.0,63.67,0.0
154.0,3487.0,2.0,1.0,0.0,6.0,0.0,6.0,333.03,1.0
154.0,3487.0,2.0,1.0,0.0,7.0,0.0,6.0,313.66,0.0
154.0,3487.0,2.0,1.0,0.0,2.0,0.0,6.0,21.4,0.0
155.0,3487.0,2.0,1.0,0.0,22.0,0.0,12.0,39.58,1.0
157.0,3487.0,2.0,1.0,0.0,25.0,0.0,15.0,88.98,0.0
158.0,3487.0,2.0,1.0,0.0,6.0,0.0,6.0,26.4,0.0
161.0,3487.0,2.0,1.0,0.0,12.0,0.0,13.0,3.99,0.0
165.0,3487.0,2.0,1.0,0.0,17.0,0.0,9.0,214.3,1.0
167.0,3487.0,2.0,1.0,0.0,35.0,0.0,18.0,3747.72,1.0
175.0,3487.0,2.0,1.0,0.0,38.0,0.0,19.0,256.99,1.0
178.0,3487.0,2.0,1.0,0.0,12.0,0.0,13.0,28.54,0.0
178.0,3487.0,2.0,1.0,0.0,35.0,0.0,18.0,1764.62,1.0
178.0,3487.0,2.0,1.0,0.0,20.0,0.0,13.0,42.3,0.0
11.0,3490.0,2.0,1.0,0.0,38.0,0.0,19.0,421.35,1.0
21.0,3490.0,2.0,1.0,0.0,12.0,0.0,13.0,29.32,0.0
22.0,3490.0,2.0,1.0,0.0,3.0,0.0,7.0,35.39,0.0
26.0,3490.0,2.0,1.0,0.0,11.0,0.0,12.0,64.67,1.0
32.0,3490.0,2.0,1.0,0.0,12.0,0.0,13.0,7.42,0.0
32.0,3490.0,2.0,1.0,0.0,21.0,0.0,13.0,105.15,0.0
37.0,3490.0,2.0,1.0,0.0,12.0,0.0,13.0,44.18,0.0
37.0,3490.0,2.0,1.0,0.0,21.0,0.0,13.0,59.6,0.0
38.0,3490.0,2.0,1.0,0.0,35.0,0.0,18.0,2413.18,1.0
45.0,3490.0,2.0,1.0,0.0,3.0,0.0,7.0,46.87,0.0
46.0,3490.0,2.0,1.0,0.0,3.0,0.0,7.0,125.49,0.0
53.0,3490.0,2.0,1.0,0.0,22.0,0.0,12.0,229.38,1.0
57.0,3490.0,2.0,1.0,0.0,12.0,0.0,13.0,69.56,0.0
57.0,3490.0,2.0,1.0,0.0,21.0,0.0,13.0,41.79,0.0
64.0,3490.0,2.0,1.0,0.0,22.0,0.0,12.0,713.28,1.0
65.0,3490.0,2.0,1.0,0.0,3.0,0.0,7.0,58.69,0.0
69.0,3490.0,2.0,1.0,0.0,6.0,0.0,6.0,121.8,0.0
82.0,3490.0,2.0,1.0,0.0,2.0,0.0,6.0,499.45,1.0
104.0,3490.0,2.0,1.0,0.0,3.0,0.0,7.0,131.24,0.0
93.0,3490.0,2.0,1.0,0.0,17.0,0.0,9.0,825.89,1.0
106.0,3490.0,2.0,1.0,0.0,13.0,0.0,14.0,5.26,0.0
108.0,3490.0,2.0,1.0,0.0,0.0,0.0,5.0,33.12,0.0
110.0,3490.0,2.0,1.0,0.0,0.0,0.0,5.0,26.83,0.0
110.0,3490.0,2.0,1.0,0.0,35.0,0.0,18.0,4613.5,1.0
111.0,3490.0,2.0,1.0,0.0,0.0,0.0,5.0,4.59,0.0
112.0,3490.0,2.0,1.0,0.0,0.0,0.0,5.0,21.5,0.0
167.0,3490.0,2.0,1.0,0.0,1.0,0.0,5.0,19.02,0.0
168.0,3490.0,2.0,1.0,0.0,1.0,0.0,5.0,4.48,0.0
168.0,3490.0,2.0,1.0,0.0,16.0,0.0,16.0,229.73,1.0
169.0,3490.0,2.0,1.0,0.0,1.0,0.0,5.0,44.0,0.0
170.0,3490.0,2.0,1.0,0.0,1.0,0.0,5.0,13.25,0.0
74.0,3491.0,0.0,0.0,0.0,6.0,0.0,6.0,124.57,0.0
74.0,3491.0,0.0,0.0,0.0,2.0,0.0,6.0,86.87,0.0
79.0,3491.0,0.0,0.0,0.0,6.0,0.0,6.0,260.11,1.0
82.0,3491.0,0.0,0.0,0.0,6.0,0.0,6.0,144.25,0.0
82.0,3491.0,0.0,0.0,0.0,7.0,0.0,6.0,33.32,0.0
97.0,3491.0,0.0,0.0,0.0,0.0,0.0,5.0,10.51,0.0
98.0,3491.0,0.0,0.0,0.0,0.0,0.0,5.0,53.15,0.0
99.0,3491.0,0.0,0.0,0.0,22.0,0.0,12.0,288.45,1.0
99.0,3491.0,0.0,0.0,0.0,0.0,0.0,5.0,22.51,0.0
100.0,3491.0,0.0,0.0,0.0,0.0,0.0,5.0,50.68,0.0
19.0,3492.0,3.0,0.0,0.0,12.0,0.0,13.0,149.7,0.0
73.0,3492.0,3.0,0.0,0.0,3.0,0.0,7.0,26.67,0.0
79.0,3492.0,3.0,0.0,0.0,6.0,0.0,6.0,300.44,1.0
92.0,3492.0,3.0,0.0,0.0,6.0,0.0,6.0,60.41,0.0
92.0,3492.0,3.0,0.0,0.0,4.0,0.0,6.0,323.18,0.0
11.0,3493.0,1.0,0.0,0.0,12.0,0.0,13.0,72.62,0.0
23.0,3493.0,1.0,0.0,0.0,6.0,0.0,6.0,60.93,0.0
25.0,3493.0,1.0,0.0,0.0,17.0,0.0,9.0,506.11,1.0
28.0,3493.0,1.0,0.0,0.0,6.0,0.0,6.0,214.4,0.0
28.0,3493.0,1.0,0.0,0.0,2.0,0.0,6.0,93.07,0.0
72.0,3493.0,1.0,0.0,0.0,0.0,0.0,5.0,55.59,0.0
73.0,3493.0,1.0,0.0,0.0,15.0,0.0,13.0,80.63,0.0
74.0,3493.0,1.0,0.0,0.0,18.0,0.0,9.0,553.09,1.0
74.0,3493.0,1.0,0.0,0.0,0.0,0.0,5.0,24.76,0.0
75.0,3493.0,1.0,0.0,0.0,0.0,0.0,5.0,32.22,0.0
104.0,3493.0,1.0,0.0,0.0,0.0,0.0,5.0,29.72,0.0
105.0,3493.0,1.0,0.0,0.0,0.0,0.0,5.0,55.98,0.0
105.0,3493.0,1.0,0.0,0.0,16.0,0.0,16.0,434.95,1.0
106.0,3493.0,1.0,0.0,0.0,0.0,0.0,5.0,5.45,0.0
108.0,3493.0,1.0,0.0,0.0,0.0,0.0,5.0,67.85,0.0
112.0,3493.0,1.0,0.0,0.0,0.0,0.0,5.0,26.1,0.0
113.0,3493.0,1.0,0.0,0.0,9.0,0.0,10.0,22.8,0.0
113.0,3493.0,1.0,0.0,0.0,13.0,0.0,14.0,96.27,1.0
115.0,3493.0,1.0,0.0,0.0,0.0,0.0,5.0,28.42,0.0
116.0,3493.0,1.0,0.0,0.0,0.0,0.0,5.0,58.46,0.0
39.0,3494.0,1.0,1.0,0.0,0.0,0.0,5.0,14.02,0.0
40.0,3494.0,1.0,1.0,0.0,0.0,0.0,5.0,5.97,0.0
40.0,3494.0,1.0,1.0,0.0,25.0,0.0,15.0,312.16,1.0
41.0,3494.0,1.0,1.0,0.0,0.0,0.0,5.0,34.75,0.0
42.0,3494.0,1.0,1.0,0.0,0.0,0.0,5.0,34.32,0.0
115.0,3494.0,1.0,1.0,0.0,1.0,0.0,5.0,24.31,0.0
116.0,3494.0,1.0,1.0,0.0,1.0,0.0,5.0,32.31,0.0
117.0,3494.0,1.0,1.0,0.0,26.0,0.0,12.0,287.83,1.0
117.0,3494.0,1.0,1.0,0.0,1.0,0.0,5.0,66.44,0.0
118.0,3494.0,1.0,1.0,0.0,1.0,0.0,5.0,29.82,0.0
119.0,3494.0,1.0,1.0,0.0,1.0,0.0,5.0,43.24,0.0
120.0,3494.0,1.0,1.0,0.0,16.0,0.0,16.0,275.08,1.0
120.0,3494.0,1.0,1.0,0.0,1.0,0.0,5.0,53.51,0.0
121.0,3494.0,1.0,1.0,0.0,1.0,0.0,5.0,3.14,0.0
101.0,3495.0,1.0,0.0,0.0,1.0,0.0,5.0,0.19,0.0
102.0,3495.0,1.0,0.0,0.0,1.0,0.0,5.0,7.65,0.0
103.0,3495.0,1.0,0.0,0.0,6.0,0.0,6.0,268.6,1.0
103.0,3495.0,1.0,0.0,0.0,1.0,0.0,5.0,33.05,0.0
104.0,3495.0,1.0,0.0,0.0,1.0,0.0,5.0,17.27,0.0
11.0,3496.0,2.0,1.0,0.0,11.0,0.0,12.0,101.39,0.0
17.0,3496.0,2.0,1.0,0.0,35.0,0.0,18.0,387.96,1.0
31.0,3496.0,2.0,1.0,0.0,12.0,0.0,13.0,57.63,0.0
62.0,3496.0,2.0,1.0,0.0,16.0,0.0,16.0,78.45,0.0
143.0,3496.0,2.0,1.0,0.0,1.0,0.0,5.0,32.85,0.0
144.0,3496.0,2.0,1.0,0.0,1.0,0.0,5.0,30.7,0.0
145.0,3496.0,2.0,1.0,0.0,38.0,0.0,19.0,319.85,1.0
146.0,3496.0,2.0,1.0,0.0,1.0,0.0,5.0,48.6,0.0
147.0,3496.0,2.0,1.0,0.0,1.0,0.0,5.0,40.89,0.0
11.0,3497.0,1.0,0.0,0.0,30.0,0.0,16.0,172.12,0.0
20.0,3497.0,1.0,0.0,0.0,25.0,0.0,15.0,155.06,0.0
23.0,3497.0,1.0,0.0,0.0,6.0,0.0,6.0,1034.82,1.0
42.0,3497.0,1.0,0.0,0.0,6.0,0.0,6.0,34.72,0.0
25.0,3497.0,1.0,0.0,0.0,35.0,0.0,18.0,427.78,1.0
54.0,3497.0,1.0,0.0,0.0,3.0,0.0,7.0,142.49,0.0
89.0,3497.0,1.0,0.0,0.0,38.0,0.0,19.0,284.08,1.0
99.0,3497.0,1.0,0.0,0.0,13.0,0.0,14.0,118.44,0.0
90.0,3497.0,1.0,0.0,0.0,22.0,0.0,12.0,480.89,1.0
100.0,3497.0,1.0,0.0,0.0,0.0,0.0,5.0,7.06,0.0
127.0,3497.0,1.0,0.0,0.0,1.0,0.0,5.0,39.09,0.0
128.0,3497.0,1.0,0.0,0.0,1.0,0.0,5.0,9.96,0.0
130.0,3497.0,1.0,0.0,0.0,3.0,0.0,7.0,782.17,1.0
130.0,3497.0,1.0,0.0,0.0,28.0,0.0,13.0,44.3,0.0
131.0,3497.0,1.0,0.0,0.0,0.0,0.0,5.0,26.91,0.0
46.0,3499.0,2.0,1.0,0.0,22.0,0.0,12.0,26.06,0.0
60.0,3499.0,2.0,1.0,0.0,7.0,0.0,6.0,32.02,0.0
65.0,3499.0,2.0,1.0,0.0,22.0,0.0,12.0,590.04,1.0
67.0,3499.0,2.0,1.0,0.0,22.0,0.0,12.0,166.17,1.0
128.0,3499.0,2.0,1.0,0.0,18.0,0.0,9.0,266.29,1.0
137.0,3499.0,2.0,1.0,0.0,25.0,0.0,15.0,19.1,0.0
135.0,3499.0,2.0,1.0,0.0,22.0,0.0,12.0,445.08,1.0
139.0,3499.0,2.0,1.0,0.0,6.0,0.0,6.0,196.29,0.0
147.0,3499.0,2.0,1.0,0.0,35.0,0.0,18.0,2340.44,1.0
150.0,3499.0,2.0,1.0,0.0,18.0,0.0,9.0,201.0,0.0
151.0,3499.0,2.0,1.0,0.0,44.0,0.0,13.0,94.85,1.0
178.0,3499.0,2.0,1.0,0.0,13.0,0.0,14.0,49.16,0.0
167.0,3499.0,2.0,1.0,0.0,22.0,0.0,12.0,153.17,1.0
179.0,3499.0,2.0,1.0,0.0,0.0,0.0,5.0,29.61,0.0
11.0,3501.0,2.0,0.0,0.0,25.0,0.0,15.0,39.63,0.0
70.0,3501.0,2.0,0.0,0.0,6.0,0.0,6.0,415.68,1.0
94.0,3501.0,2.0,0.0,0.0,6.0,0.0,6.0,245.12,0.0
75.0,3501.0,2.0,0.0,0.0,38.0,0.0,19.0,243.28,1.0
100.0,3501.0,2.0,0.0,0.0,11.0,0.0,12.0,192.04,1.0
142.0,3501.0,2.0,0.0,0.0,45.0,0.0,18.0,9.49,1.0
158.0,3501.0,2.0,0.0,0.0,6.0,0.0,6.0,194.07,1.0
69.0,3502.0,4.0,1.0,0.0,12.0,0.0,13.0,104.77,0.0
69.0,3502.0,4.0,1.0,0.0,20.0,0.0,13.0,18.54,0.0
77.0,3502.0,4.0,1.0,0.0,6.0,0.0,6.0,506.64,1.0
86.0,3502.0,4.0,1.0,0.0,0.0,0.0,5.0,25.54,0.0
87.0,3502.0,4.0,1.0,0.0,0.0,0.0,5.0,45.98,0.0
124.0,3504.0,2.0,1.0,0.0,1.0,0.0,5.0,43.77,0.0
125.0,3504.0,2.0,1.0,0.0,1.0,0.0,5.0,3.54,0.0
125.0,3504.0,2.0,1.0,0.0,15.0,0.0,13.0,270.31,1.0
126.0,3504.0,2.0,1.0,0.0,1.0,0.0,5.0,32.85,0.0
127.0,3504.0,2.0,1.0,0.0,1.0,0.0,5.0,14.82,0.0
128.0,3504.0,2.0,1.0,0.0,42.0,0.0,6.0,165.23,0.0
129.0,3504.0,2.0,1.0,0.0,1.0,0.0,5.0,24.39,0.0
129.0,3504.0,2.0,1.0,0.0,22.0,0.0,12.0,26.93,1.0
130.0,3504.0,2.0,1.0,0.0,1.0,0.0,5.0,19.65,0.0
131.0,3504.0,2.0,1.0,0.0,1.0,0.0,5.0,28.85,0.0
11.0,3508.0,2.0,0.0,0.0,12.0,0.0,13.0,14.36,0.0
14.0,3508.0,2.0,0.0,0.0,26.0,0.0,12.0,99.74,1.0
21.0,3508.0,2.0,0.0,0.0,12.0,0.0,13.0,47.67,0.0
21.0,3508.0,2.0,0.0,0.0,20.0,0.0,13.0,52.23,0.0
84.0,3508.0,2.0,0.0,0.0,1.0,0.0,5.0,18.24,0.0
85.0,3508.0,2.0,0.0,0.0,1.0,0.0,5.0,18.99,0.0
85.0,3508.0,2.0,0.0,0.0,6.0,0.0,6.0,23.44,1.0
86.0,3508.0,2.0,0.0,0.0,1.0,0.0,5.0,44.66,0.0
87.0,3508.0,2.0,0.0,0.0,1.0,0.0,5.0,0.69,0.0
111.0,3509.0,0.0,1.0,0.0,1.0,0.0,5.0,6.48,0.0
112.0,3509.0,0.0,1.0,0.0,1.0,0.0,5.0,27.29,0.0
112.0,3509.0,0.0,1.0,0.0,9.0,0.0,10.0,65.72,1.0
113.0,3509.0,0.0,1.0,0.0,1.0,0.0,5.0,40.91,0.0
114.0,3509.0,0.0,1.0,0.0,5.0,0.0,8.0,68.27,0.0
11.0,3510.0,2.0,1.0,0.0,6.0,0.0,6.0,881.09,1.0
24.0,3510.0,2.0,1.0,0.0,9.0,0.0,10.0,24.52,0.0
25.0,3510.0,2.0,1.0,0.0,0.0,0.0,5.0,17.79,0.0
131.0,3510.0,2.0,1.0,0.0,0.0,0.0,5.0,13.08,0.0
132.0,3510.0,2.0,1.0,0.0,0.0,0.0,5.0,18.32,0.0
132.0,3510.0,2.0,1.0,0.0,10.0,0.0,11.0,981.26,1.0
133.0,3510.0,2.0,1.0,0.0,0.0,0.0,5.0,15.31,0.0
134.0,3510.0,2.0,1.0,0.0,0.0,0.0,5.0,55.64,0.0
17.0,3512.0,3.0,0.0,0.0,20.0,0.0,13.0,72.62,0.0
36.0,3512.0,3.0,0.0,0.0,25.0,0.0,15.0,157.7,0.0
41.0,3512.0,3.0,0.0,0.0,3.0,0.0,7.0,631.79,1.0
58.0,3512.0,3.0,0.0,0.0,12.0,0.0,13.0,0.74,0.0
42.0,3512.0,3.0,0.0,0.0,35.0,0.0,18.0,953.75,1.0
58.0,3512.0,3.0,0.0,0.0,20.0,0.0,13.0,16.34,0.0
74.0,3515.0,2.0,0.0,0.0,0.0,0.0,5.0,38.83,0.0
75.0,3515.0,2.0,0.0,0.0,0.0,0.0,5.0,59.92,0.0
75.0,3515.0,2.0,0.0,0.0,22.0,0.0,12.0,132.21,1.0
76.0,3515.0,2.0,0.0,0.0,0.0,0.0,5.0,8.5,0.0
77.0,3515.0,2.0,0.0,0.0,0.0,0.0,5.0,39.96,0.0
172.0,3515.0,2.0,0.0,0.0,0.0,0.0,5.0,7.01,0.0
174.0,3515.0,2.0,0.0,0.0,0.0,0.0,5.0,40.49,0.0
174.0,3515.0,2.0,0.0,0.0,3.0,0.0,7.0,32.59,1.0
175.0,3515.0,2.0,0.0,0.0,0.0,0.0,5.0,54.47,0.0
176.0,3515.0,2.0,0.0,0.0,13.0,0.0,14.0,14.66,0.0
71.0,3518.0,1.0,1.0,0.0,6.0,0.0,6.0,226.7,0.0
71.0,3518.0,1.0,1.0,0.0,2.0,0.0,6.0,59.85,0.0
131.0,3518.0,1.0,1.0,0.0,27.0,0.0,12.0,254.51,1.0
136.0,3518.0,1.0,1.0,0.0,25.0,0.0,15.0,66.49,0.0
148.0,3518.0,1.0,1.0,0.0,6.0,0.0,6.0,145.49,0.0
55.0,3519.0,1.0,0.0,0.0,6.0,0.0,6.0,18.59,0.0
55.0,3519.0,1.0,0.0,0.0,2.0,0.0,6.0,128.4,0.0
57.0,3519.0,1.0,0.0,0.0,26.0,0.0,12.0,164.66,1.0
60.0,3519.0,1.0,0.0,0.0,25.0,0.0,15.0,55.11,0.0
75.0,3519.0,1.0,0.0,0.0,12.0,0.0,13.0,125.49,0.0
144.0,3519.0,1.0,0.0,0.0,1.0,0.0,5.0,28.59,0.0
145.0,3519.0,1.0,0.0,0.0,5.0,0.0,8.0,45.32,0.0
146.0,3519.0,1.0,0.0,0.0,6.0,0.0,6.0,53.49,1.0
146.0,3519.0,1.0,0.0,0.0,1.0,0.0,5.0,7.86,0.0
147.0,3519.0,1.0,0.0,0.0,1.0,0.0,5.0,19.24,0.0
11.0,3521.0,3.0,1.0,0.0,31.0,0.0,9.0,190.23,1.0
17.0,3521.0,3.0,1.0,0.0,6.0,0.0,6.0,24.14,0.0
21.0,3521.0,3.0,1.0,0.0,16.0,0.0,16.0,11.6,0.0
44.0,3521.0,3.0,1.0,0.0,1.0,0.0,5.0,0.33,0.0
45.0,3521.0,3.0,1.0,0.0,1.0,0.0,5.0,53.89,0.0
45.0,3521.0,3.0,1.0,0.0,38.0,0.0,19.0,364.94,1.0
46.0,3521.0,3.0,1.0,0.0,1.0,0.0,5.0,23.07,0.0
47.0,3521.0,3.0,1.0,0.0,1.0,0.0,5.0,16.09,0.0
137.0,3521.0,3.0,1.0,0.0,0.0,0.0,5.0,67.0,0.0
138.0,3521.0,3.0,1.0,0.0,0.0,0.0,5.0,55.34,0.0
139.0,3521.0,3.0,1.0,0.0,27.0,0.0,12.0,322.65,1.0
139.0,3521.0,3.0,1.0,0.0,0.0,0.0,5.0,24.66,0.0
140.0,3521.0,3.0,1.0,0.0,0.0,0.0,5.0,81.64,0.0
11.0,3522.0,0.0,0.0,0.0,17.0,0.0,9.0,137.4,1.0
31.0,3522.0,0.0,0.0,0.0,13.0,0.0,14.0,29.0,0.0
23.0,3522.0,0.0,0.0,0.0,6.0,0.0,6.0,457.42,1.0
32.0,3522.0,0.0,0.0,0.0,0.0,0.0,5.0,47.21,0.0
78.0,3522.0,0.0,0.0,0.0,1.0,0.0,5.0,2.57,0.0
79.0,3522.0,0.0,0.0,0.0,1.0,0.0,5.0,57.49,0.0
80.0,3522.0,0.0,0.0,0.0,22.0,0.0,12.0,307.6,1.0
80.0,3522.0,0.0,0.0,0.0,1.0,0.0,5.0,38.87,0.0
81.0,3522.0,0.0,0.0,0.0,1.0,0.0,5.0,60.33,0.0
81.0,3522.0,0.0,0.0,0.0,20.0,0.0,13.0,190.43,1.0
82.0,3522.0,0.0,0.0,0.0,1.0,0.0,5.0,12.42,0.0
83.0,3522.0,0.0,0.0,0.0,10.0,0.0,11.0,145.92,0.0
92.0,3522.0,0.0,0.0,0.0,1.0,0.0,5.0,34.98,0.0
93.0,3522.0,0.0,0.0,0.0,1.0,0.0,5.0,34.5,0.0
93.0,3522.0,0.0,0.0,0.0,16.0,0.0,16.0,1020.08,1.0
95.0,3522.0,0.0,0.0,0.0,1.0,0.0,5.0,13.81,0.0
96.0,3522.0,0.0,0.0,0.0,1.0,0.0,5.0,40.69,0.0
171.0,3522.0,0.0,0.0,0.0,1.0,0.0,5.0,4.36,0.0
172.0,3522.0,0.0,0.0,0.0,1.0,0.0,5.0,40.7,0.0
172.0,3522.0,0.0,0.0,0.0,22.0,0.0,12.0,282.12,1.0
173.0,3522.0,0.0,0.0,0.0,1.0,0.0,5.0,24.6,0.0
175.0,3522.0,0.0,0.0,0.0,1.0,0.0,5.0,3.15,0.0
11.0,3523.0,1.0,1.0,0.0,22.0,0.0,12.0,241.93,1.0
14.0,3523.0,1.0,1.0,0.0,9.0,0.0,10.0,106.69,1.0
14.0,3523.0,1.0,1.0,0.0,6.0,0.0,6.0,268.72,1.0
16.0,3523.0,1.0,1.0,0.0,6.0,0.0,6.0,836.72,1.0
17.0,3523.0,1.0,1.0,0.0,6.0,0.0,6.0,325.01,1.0
19.0,3523.0,1.0,1.0,0.0,13.0,0.0,14.0,293.82,1.0
19.0,3523.0,1.0,1.0,0.0,13.0,0.0,14.0,249.76,1.0
20.0,3523.0,1.0,1.0,0.0,22.0,0.0,12.0,388.76,1.0
22.0,3523.0,1.0,1.0,0.0,26.0,0.0,12.0,344.4,1.0
22.0,3523.0,1.0,1.0,0.0,35.0,0.0,18.0,3136.45,1.0
25.0,3523.0,1.0,1.0,0.0,17.0,0.0,9.0,584.16,1.0
29.0,3523.0,1.0,1.0,0.0,6.0,0.0,6.0,67.97,1.0
30.0,3523.0,1.0,1.0,0.0,22.0,0.0,12.0,770.08,1.0
30.0,3523.0,1.0,1.0,0.0,22.0,0.0,12.0,433.08,1.0
36.0,3523.0,1.0,1.0,0.0,17.0,0.0,9.0,6.08,1.0
39.0,3523.0,1.0,1.0,0.0,6.0,0.0,6.0,369.28,1.0
45.0,3523.0,1.0,1.0,0.0,22.0,0.0,12.0,400.7,1.0
45.0,3523.0,1.0,1.0,0.0,41.0,0.0,19.0,297.26,1.0
47.0,3523.0,1.0,1.0,0.0,19.0,0.0,9.0,415.01,1.0
47.0,3523.0,1.0,1.0,0.0,6.0,0.0,6.0,385.95,1.0
48.0,3523.0,1.0,1.0,0.0,22.0,0.0,12.0,625.21,1.0
48.0,3523.0,1.0,1.0,0.0,22.0,0.0,12.0,158.36,1.0
48.0,3523.0,1.0,1.0,0.0,22.0,0.0,12.0,61.32,1.0
52.0,3523.0,1.0,1.0,0.0,25.0,0.0,15.0,112.41,1.0
55.0,3523.0,1.0,1.0,0.0,12.0,0.0,13.0,173.01,1.0
56.0,3523.0,1.0,1.0,0.0,3.0,0.0,7.0,263.19,1.0
58.0,3523.0,1.0,1.0,0.0,48.0,0.0,12.0,332.65,1.0
59.0,3523.0,1.0,1.0,0.0,22.0,0.0,12.0,43.91,1.0
60.0,3523.0,1.0,1.0,0.0,35.0,0.0,18.0,3362.94,1.0
61.0,3523.0,1.0,1.0,0.0,17.0,0.0,9.0,209.39,1.0
62.0,3523.0,1.0,1.0,0.0,22.0,0.0,12.0,399.79,1.0
64.0,3523.0,1.0,1.0,0.0,22.0,0.0,12.0,436.52,1.0
66.0,3523.0,1.0,1.0,0.0,6.0,0.0,6.0,60.04,1.0
66.0,3523.0,1.0,1.0,0.0,3.0,0.0,7.0,281.5,1.0
67.0,3523.0,1.0,1.0,0.0,6.0,0.0,6.0,694.99,1.0
68.0,3523.0,1.0,1.0,0.0,22.0,0.0,12.0,759.87,1.0
68.0,3523.0,1.0,1.0,0.0,35.0,0.0,18.0,3739.63,1.0
69.0,3523.0,1.0,1.0,0.0,19.0,0.0,9.0,528.28,1.0
70.0,3523.0,1.0,1.0,0.0,22.0,0.0,12.0,32.33,1.0
71.0,3523.0,1.0,1.0,0.0,6.0,0.0,6.0,4.71,1.0
71.0,3523.0,1.0,1.0,0.0,6.0,0.0,6.0,1717.73,1.0
72.0,3523.0,1.0,1.0,0.0,35.0,0.0,18.0,1389.49,1.0
73.0,3523.0,1.0,1.0,0.0,6.0,0.0,6.0,234.7,1.0
73.0,3523.0,1.0,1.0,0.0,20.0,0.0,13.0,621.4,1.0
74.0,3523.0,1.0,1.0,0.0,20.0,0.0,13.0,314.55,1.0
74.0,3523.0,1.0,1.0,0.0,6.0,0.0,6.0,120.64,1.0
79.0,3523.0,1.0,1.0,0.0,7.0,0.0,6.0,183.49,0.0
75.0,3523.0,1.0,1.0,0.0,35.0,0.0,18.0,1779.73,1.0
81.0,3523.0,1.0,1.0,0.0,6.0,0.0,6.0,678.51,1.0
83.0,3523.0,1.0,1.0,0.0,22.0,0.0,12.0,43.13,1.0
83.0,3523.0,1.0,1.0,0.0,6.0,0.0,6.0,253.45,1.0
84.0,3523.0,1.0,1.0,0.0,22.0,0.0,12.0,296.77,1.0
86.0,3523.0,1.0,1.0,0.0,18.0,0.0,9.0,263.16,1.0
86.0,3523.0,1.0,1.0,0.0,35.0,0.0,18.0,2661.6,1.0
87.0,3523.0,1.0,1.0,0.0,17.0,0.0,9.0,30.39,1.0
87.0,3523.0,1.0,1.0,0.0,22.0,0.0,12.0,605.81,1.0
89.0,3523.0,1.0,1.0,0.0,35.0,0.0,18.0,4091.43,1.0
90.0,3523.0,1.0,1.0,0.0,6.0,0.0,6.0,473.54,1.0
90.0,3523.0,1.0,1.0,0.0,20.0,0.0,13.0,14.04,0.0
90.0,3523.0,1.0,1.0,0.0,22.0,0.0,12.0,433.55,1.0
91.0,3523.0,1.0,1.0,0.0,6.0,0.0,6.0,417.29,1.0
93.0,3523.0,1.0,1.0,0.0,41.0,0.0,19.0,334.61,1.0
93.0,3523.0,1.0,1.0,0.0,16.0,0.0,16.0,192.64,1.0
96.0,3523.0,1.0,1.0,0.0,3.0,0.0,7.0,197.86,1.0
97.0,3523.0,1.0,1.0,0.0,20.0,0.0,13.0,155.77,1.0
101.0,3523.0,1.0,1.0,0.0,6.0,0.0,6.0,40.48,0.0
100.0,3523.0,1.0,1.0,0.0,27.0,0.0,12.0,329.97,1.0
102.0,3523.0,1.0,1.0,0.0,15.0,0.0,13.0,66.71,1.0
102.0,3523.0,1.0,1.0,0.0,22.0,0.0,12.0,683.8,1.0
103.0,3523.0,1.0,1.0,0.0,6.0,0.0,6.0,295.91,1.0
105.0,3523.0,1.0,1.0,0.0,20.0,0.0,13.0,100.42,1.0
107.0,3523.0,1.0,1.0,0.0,6.0,0.0,6.0,27.31,0.0
107.0,3523.0,1.0,1.0,0.0,16.0,0.0,16.0,1067.76,1.0
107.0,3523.0,1.0,1.0,0.0,2.0,0.0,6.0,59.27,0.0
109.0,3523.0,1.0,1.0,0.0,41.0,0.0,19.0,296.15,1.0
110.0,3523.0,1.0,1.0,0.0,22.0,0.0,12.0,383.53,1.0
111.0,3523.0,1.0,1.0,0.0,20.0,0.0,13.0,280.89,1.0
112.0,3523.0,1.0,1.0,0.0,6.0,0.0,6.0,277.28,1.0
112.0,3523.0,1.0,1.0,0.0,22.0,0.0,12.0,132.02,1.0
113.0,3523.0,1.0,1.0,0.0,22.0,0.0,12.0,771.62,1.0
116.0,3523.0,1.0,1.0,0.0,22.0,0.0,12.0,101.05,0.0
114.0,3523.0,1.0,1.0,0.0,22.0,0.0,12.0,83.78,1.0
117.0,3523.0,1.0,1.0,0.0,6.0,0.0,6.0,252.25,1.0
118.0,3523.0,1.0,1.0,0.0,13.0,0.0,14.0,87.4,1.0
119.0,3523.0,1.0,1.0,0.0,6.0,0.0,6.0,696.41,1.0
121.0,3523.0,1.0,1.0,0.0,22.0,0.0,12.0,413.78,1.0
121.0,3523.0,1.0,1.0,0.0,22.0,0.0,12.0,295.35,1.0
122.0,3523.0,1.0,1.0,0.0,22.0,0.0,12.0,140.12,1.0
125.0,3523.0,1.0,1.0,0.0,22.0,0.0,12.0,65.7,1.0
125.0,3523.0,1.0,1.0,0.0,6.0,0.0,6.0,28.97,1.0
126.0,3523.0,1.0,1.0,0.0,22.0,0.0,12.0,106.83,1.0
126.0,3523.0,1.0,1.0,0.0,13.0,0.0,14.0,35.21,1.0
126.0,3523.0,1.0,1.0,0.0,18.0,0.0,9.0,114.0,1.0
131.0,3523.0,1.0,1.0,0.0,6.0,0.0,6.0,561.14,1.0
132.0,3523.0,1.0,1.0,0.0,6.0,0.0,6.0,108.1,1.0
137.0,3523.0,1.0,1.0,0.0,11.0,0.0,12.0,161.94,1.0
137.0,3523.0,1.0,1.0,0.0,9.0,0.0,10.0,197.53,1.0
141.0,3523.0,1.0,1.0,0.0,13.0,0.0,14.0,351.2,1.0
141.0,3523.0,1.0,1.0,0.0,31.0,0.0,9.0,985.14,1.0
145.0,3523.0,1.0,1.0,0.0,6.0,0.0,6.0,290.49,1.0
146.0,3523.0,1.0,1.0,0.0,13.0,0.0,14.0,9.8,1.0
147.0,3523.0,1.0,1.0,0.0,35.0,0.0,18.0,3827.39,1.0
148.0,3523.0,1.0,1.0,0.0,6.0,0.0,6.0,279.05,1.0
149.0,3523.0,1.0,1.0,0.0,6.0,0.0,6.0,458.39,1.0
151.0,3523.0,1.0,1.0,0.0,6.0,0.0,6.0,940.19,1.0
154.0,3523.0,1.0,1.0,0.0,2.0,0.0,6.0,448.02,1.0
154.0,3523.0,1.0,1.0,0.0,10.0,0.0,11.0,536.48,1.0
155.0,3523.0,1.0,1.0,0.0,6.0,0.0,6.0,443.24,1.0
155.0,3523.0,1.0,1.0,0.0,20.0,0.0,13.0,240.01,1.0
155.0,3523.0,1.0,1.0,0.0,26.0,0.0,12.0,355.1,1.0
156.0,3523.0,1.0,1.0,0.0,17.0,0.0,9.0,1024.91,1.0
156.0,3523.0,1.0,1.0,0.0,41.0,0.0,19.0,328.73,1.0
157.0,3523.0,1.0,1.0,0.0,31.0,0.0,9.0,612.11,1.0
157.0,3523.0,1.0,1.0,0.0,20.0,0.0,13.0,188.92,1.0
161.0,3523.0,1.0,1.0,0.0,8.0,0.0,9.0,159.9,0.0
160.0,3523.0,1.0,1.0,0.0,22.0,0.0,12.0,607.96,1.0
161.0,3523.0,1.0,1.0,0.0,17.0,0.0,9.0,41.23,1.0
163.0,3523.0,1.0,1.0,0.0,13.0,0.0,14.0,327.19,1.0
164.0,3523.0,1.0,1.0,0.0,3.0,0.0,7.0,899.08,1.0
166.0,3523.0,1.0,1.0,0.0,22.0,0.0,12.0,1122.35,1.0
168.0,3523.0,1.0,1.0,0.0,10.0,0.0,11.0,11.1,1.0
171.0,3523.0,1.0,1.0,0.0,20.0,0.0,13.0,309.2,1.0
171.0,3523.0,1.0,1.0,0.0,11.0,0.0,12.0,200.92,1.0
172.0,3523.0,1.0,1.0,0.0,35.0,0.0,18.0,1375.72,1.0
175.0,3523.0,1.0,1.0,0.0,6.0,0.0,6.0,280.22,1.0
176.0,3523.0,1.0,1.0,0.0,13.0,0.0,14.0,127.2,1.0
109.0,3524.0,5.0,0.0,0.0,16.0,0.0,16.0,109.56,0.0
113.0,3524.0,5.0,0.0,0.0,3.0,0.0,7.0,90.68,0.0
117.0,3524.0,5.0,0.0,0.0,6.0,0.0,6.0,194.49,1.0
135.0,3524.0,5.0,0.0,0.0,14.0,0.0,15.0,100.22,0.0
136.0,3524.0,5.0,0.0,0.0,1.0,0.0,5.0,21.88,0.0
141.0,3524.0,5.0,0.0,0.0,1.0,0.0,5.0,14.68,0.0
142.0,3524.0,5.0,0.0,0.0,1.0,0.0,5.0,14.98,0.0
142.0,3524.0,5.0,0.0,0.0,21.0,0.0,13.0,15.76,1.0
143.0,3524.0,5.0,0.0,0.0,1.0,0.0,5.0,9.0,0.0
144.0,3524.0,5.0,0.0,0.0,1.0,0.0,5.0,44.36,0.0
156.0,3524.0,5.0,0.0,0.0,1.0,0.0,5.0,23.28,0.0
157.0,3524.0,5.0,0.0,0.0,1.0,0.0,5.0,16.28,0.0
158.0,3524.0,5.0,0.0,0.0,6.0,0.0,6.0,148.6,1.0
158.0,3524.0,5.0,0.0,0.0,1.0,0.0,5.0,1.2,0.0
160.0,3524.0,5.0,0.0,0.0,5.0,0.0,8.0,70.13,0.0
173.0,3524.0,5.0,0.0,0.0,1.0,0.0,5.0,34.52,0.0
174.0,3524.0,5.0,0.0,0.0,1.0,0.0,5.0,6.36,0.0
175.0,3524.0,5.0,0.0,0.0,22.0,0.0,12.0,653.93,1.0
175.0,3524.0,5.0,0.0,0.0,1.0,0.0,5.0,21.86,0.0
176.0,3524.0,5.0,0.0,0.0,1.0,0.0,5.0,10.84,0.0
12.0,3525.0,4.0,0.0,0.0,22.0,0.0,12.0,1.85,0.0
15.0,3525.0,4.0,0.0,0.0,22.0,0.0,12.0,378.48,1.0
22.0,3525.0,4.0,0.0,0.0,7.0,0.0,6.0,57.91,0.0
28.0,3525.0,4.0,0.0,0.0,6.0,0.0,6.0,74.33,1.0
60.0,3525.0,4.0,0.0,0.0,20.0,0.0,13.0,65.62,0.0
36.0,3525.0,4.0,0.0,0.0,17.0,0.0,9.0,419.27,1.0
94.0,3525.0,4.0,0.0,0.0,13.0,0.0,14.0,69.1,0.0
99.0,3525.0,4.0,0.0,0.0,12.0,0.0,13.0,32.37,0.0
99.0,3525.0,4.0,0.0,0.0,21.0,0.0,13.0,70.27,0.0
101.0,3525.0,4.0,0.0,0.0,38.0,0.0,19.0,303.77,1.0
113.0,3525.0,4.0,0.0,0.0,12.0,0.0,13.0,31.8,0.0
113.0,3525.0,4.0,0.0,0.0,21.0,0.0,13.0,22.4,0.0
138.0,3525.0,4.0,0.0,0.0,18.0,0.0,9.0,65.19,1.0
143.0,3525.0,4.0,0.0,0.0,12.0,0.0,13.0,60.48,0.0
143.0,3525.0,4.0,0.0,0.0,21.0,0.0,13.0,57.46,0.0
12.0,3526.0,1.0,0.0,0.0,12.0,0.0,13.0,24.53,0.0
13.0,3526.0,1.0,0.0,0.0,6.0,0.0,6.0,596.32,1.0
17.0,3526.0,1.0,0.0,0.0,6.0,0.0,6.0,110.3,0.0
13.0,3526.0,1.0,0.0,0.0,6.0,0.0,6.0,298.63,1.0
29.0,3526.0,1.0,0.0,0.0,3.0,0.0,7.0,30.6,0.0
50.0,3526.0,1.0,0.0,0.0,6.0,0.0,6.0,287.25,1.0
74.0,3526.0,1.0,0.0,0.0,10.0,0.0,11.0,61.54,0.0
75.0,3526.0,1.0,0.0,0.0,1.0,0.0,5.0,65.0,0.0
40.0,3527.0,1.0,0.0,0.0,0.0,0.0,5.0,3.95,0.0
40.0,3527.0,1.0,0.0,0.0,1.0,0.0,5.0,19.29,0.0
41.0,3527.0,1.0,0.0,0.0,6.0,0.0,6.0,1073.59,1.0
41.0,3527.0,1.0,0.0,0.0,5.0,0.0,8.0,61.47,0.0
42.0,3527.0,1.0,0.0,0.0,5.0,0.0,8.0,14.24,0.0
83.0,3528.0,1.0,1.0,0.0,0.0,0.0,5.0,40.18,0.0
84.0,3528.0,1.0,1.0,0.0,0.0,0.0,5.0,36.83,0.0
85.0,3528.0,1.0,1.0,0.0,16.0,0.0,16.0,310.04,1.0
85.0,3528.0,1.0,1.0,0.0,0.0,0.0,5.0,5.68,0.0
86.0,3528.0,1.0,1.0,0.0,13.0,0.0,14.0,16.11,0.0
126.0,3528.0,1.0,1.0,0.0,0.0,0.0,5.0,24.1,0.0
127.0,3528.0,1.0,1.0,0.0,0.0,0.0,5.0,34.91,0.0
128.0,3528.0,1.0,1.0,0.0,16.0,0.0,16.0,37.71,1.0
128.0,3528.0,1.0,1.0,0.0,0.0,0.0,5.0,23.82,0.0
129.0,3528.0,1.0,1.0,0.0,0.0,0.0,5.0,25.28,0.0
137.0,3530.0,1.0,0.0,0.0,0.0,0.0,5.0,35.22,0.0
138.0,3530.0,1.0,0.0,0.0,0.0,0.0,5.0,28.08,0.0
138.0,3530.0,1.0,0.0,0.0,27.0,0.0,12.0,77.85,1.0
139.0,3530.0,1.0,0.0,0.0,0.0,0.0,5.0,12.96,0.0
140.0,3530.0,1.0,0.0,0.0,0.0,0.0,5.0,45.11,0.0
166.0,3530.0,1.0,0.0,0.0,0.0,0.0,5.0,16.84,0.0
168.0,3530.0,1.0,0.0,0.0,0.0,0.0,5.0,46.95,0.0
170.0,3530.0,1.0,0.0,0.0,41.0,0.0,19.0,274.5,1.0
171.0,3530.0,1.0,0.0,0.0,0.0,0.0,5.0,7.0,0.0
172.0,3530.0,1.0,0.0,0.0,0.0,0.0,5.0,20.59,0.0
12.0,3531.0,2.0,1.0,0.0,11.0,0.0,12.0,7.37,0.0
20.0,3531.0,2.0,1.0,0.0,35.0,0.0,18.0,3458.16,1.0
31.0,3531.0,2.0,1.0,0.0,25.0,0.0,15.0,31.19,0.0
26.0,3531.0,2.0,1.0,0.0,6.0,0.0,6.0,261.64,1.0
42.0,3531.0,2.0,1.0,0.0,30.0,0.0,16.0,295.24,0.0
55.0,3531.0,2.0,1.0,0.0,7.0,0.0,6.0,74.72,0.0
75.0,3531.0,2.0,1.0,0.0,35.0,0.0,18.0,791.09,1.0
93.0,3531.0,2.0,1.0,0.0,9.0,0.0,10.0,14.48,0.0
94.0,3531.0,2.0,1.0,0.0,0.0,0.0,5.0,21.79,0.0
140.0,3531.0,2.0,1.0,0.0,0.0,0.0,5.0,32.05,0.0
141.0,3531.0,2.0,1.0,0.0,0.0,0.0,5.0,17.54,0.0
142.0,3531.0,2.0,1.0,0.0,22.0,0.0,12.0,449.83,1.0
142.0,3531.0,2.0,1.0,0.0,0.0,0.0,5.0,39.08,0.0
143.0,3531.0,2.0,1.0,0.0,0.0,0.0,5.0,22.6,0.0
20.0,3534.0,2.0,0.0,0.0,3.0,0.0,7.0,34.14,0.0
22.0,3534.0,2.0,0.0,0.0,3.0,0.0,7.0,79.15,0.0
40.0,3534.0,2.0,0.0,0.0,6.0,0.0,6.0,19.77,1.0
47.0,3534.0,2.0,0.0,0.0,13.0,0.0,14.0,40.86,0.0
48.0,3534.0,2.0,0.0,0.0,0.0,0.0,5.0,33.03,0.0
67.0,3534.0,2.0,0.0,0.0,0.0,0.0,5.0,25.2,0.0
69.0,3534.0,2.0,0.0,0.0,0.0,0.0,5.0,14.57,0.0
70.0,3534.0,2.0,0.0,0.0,6.0,0.0,6.0,126.81,1.0
70.0,3534.0,2.0,0.0,0.0,0.0,0.0,5.0,19.52,0.0
71.0,3534.0,2.0,0.0,0.0,0.0,0.0,5.0,40.23,0.0
131.0,3534.0,2.0,0.0,0.0,1.0,0.0,5.0,50.98,0.0
132.0,3534.0,2.0,0.0,0.0,1.0,0.0,5.0,57.98,0.0
133.0,3534.0,2.0,0.0,0.0,13.0,0.0,14.0,228.15,1.0
133.0,3534.0,2.0,0.0,0.0,1.0,0.0,5.0,36.14,0.0
134.0,3534.0,2.0,0.0,0.0,22.0,0.0,12.0,30.62,1.0
134.0,3534.0,2.0,0.0,0.0,1.0,0.0,5.0,44.38,0.0
135.0,3534.0,2.0,0.0,0.0,1.0,0.0,5.0,25.25,0.0
172.0,3534.0,2.0,0.0,0.0,1.0,0.0,5.0,38.73,0.0
173.0,3534.0,2.0,0.0,0.0,1.0,0.0,5.0,15.13,0.0
173.0,3534.0,2.0,0.0,0.0,6.0,0.0,6.0,699.23,1.0
174.0,3534.0,2.0,0.0,0.0,1.0,0.0,5.0,29.85,0.0
175.0,3534.0,2.0,0.0,0.0,1.0,0.0,5.0,37.01,0.0
12.0,3535.0,7.0,1.0,0.0,3.0,0.0,7.0,17.37,0.0
15.0,3535.0,7.0,1.0,0.0,6.0,0.0,6.0,97.26,0.0
31.0,3535.0,7.0,1.0,0.0,6.0,0.0,6.0,559.14,1.0
32.0,3535.0,7.0,1.0,0.0,17.0,0.0,9.0,52.08,0.0
39.0,3535.0,7.0,1.0,0.0,12.0,0.0,13.0,206.44,1.0
39.0,3535.0,7.0,1.0,0.0,13.0,0.0,14.0,66.86,0.0
40.0,3535.0,7.0,1.0,0.0,5.0,0.0,8.0,48.72,0.0
64.0,3537.0,2.0,1.0,0.0,0.0,0.0,5.0,37.35,0.0
65.0,3537.0,2.0,1.0,0.0,37.0,0.0,16.0,55.94,0.0
65.0,3537.0,2.0,1.0,0.0,20.0,0.0,13.0,184.1,1.0
66.0,3537.0,2.0,1.0,0.0,0.0,0.0,5.0,26.49,0.0
66.0,3537.0,2.0,1.0,0.0,1.0,0.0,5.0,0.86,0.0
94.0,3537.0,2.0,1.0,0.0,1.0,0.0,5.0,31.46,0.0
95.0,3537.0,2.0,1.0,0.0,1.0,0.0,5.0,17.04,0.0
95.0,3537.0,2.0,1.0,0.0,44.0,0.0,13.0,211.8,1.0
96.0,3537.0,2.0,1.0,0.0,1.0,0.0,5.0,29.62,0.0
97.0,3537.0,2.0,1.0,0.0,1.0,0.0,5.0,44.74,0.0
107.0,3537.0,2.0,1.0,0.0,1.0,0.0,5.0,50.52,0.0
108.0,3537.0,2.0,1.0,0.0,1.0,0.0,5.0,42.91,0.0
109.0,3537.0,2.0,1.0,0.0,6.0,0.0,6.0,81.18,1.0
109.0,3537.0,2.0,1.0,0.0,1.0,0.0,5.0,69.13,0.0
110.0,3537.0,2.0,1.0,0.0,1.0,0.0,5.0,36.09,0.0
152.0,3537.0,2.0,1.0,0.0,1.0,0.0,5.0,10.9,0.0
153.0,3537.0,2.0,1.0,0.0,4.0,0.0,6.0,138.02,0.0
154.0,3537.0,2.0,1.0,0.0,6.0,0.0,6.0,989.96,1.0
154.0,3537.0,2.0,1.0,0.0,1.0,0.0,5.0,33.68,0.0
155.0,3537.0,2.0,1.0,0.0,1.0,0.0,5.0,33.09,0.0
99.0,3538.0,2.0,1.0,0.0,12.0,0.0,13.0,35.76,0.0
99.0,3538.0,2.0,1.0,0.0,21.0,0.0,13.0,27.57,0.0
122.0,3538.0,2.0,1.0,0.0,22.0,0.0,12.0,769.05,1.0
157.0,3538.0,2.0,1.0,0.0,6.0,0.0,6.0,52.02,0.0
173.0,3538.0,2.0,1.0,0.0,12.0,0.0,13.0,65.37,0.0
37.0,3539.0,1.0,0.0,0.0,0.0,0.0,5.0,69.77,0.0
38.0,3539.0,1.0,0.0,0.0,0.0,0.0,5.0,2.26,0.0
39.0,3539.0,1.0,0.0,0.0,6.0,0.0,6.0,135.01,1.0
39.0,3539.0,1.0,0.0,0.0,0.0,0.0,5.0,14.59,0.0
40.0,3539.0,1.0,0.0,0.0,0.0,0.0,5.0,49.92,0.0
43.0,3539.0,1.0,0.0,0.0,0.0,0.0,5.0,28.6,0.0
44.0,3539.0,1.0,0.0,0.0,0.0,0.0,5.0,25.43,0.0
45.0,3539.0,1.0,0.0,0.0,20.0,0.0,13.0,116.11,1.0
45.0,3539.0,1.0,0.0,0.0,0.0,0.0,5.0,20.26,0.0
47.0,3539.0,1.0,0.0,0.0,0.0,0.0,5.0,28.53,0.0
48.0,3539.0,1.0,0.0,0.0,0.0,0.0,5.0,28.45,0.0
50.0,3539.0,1.0,0.0,0.0,26.0,0.0,12.0,431.21,1.0
50.0,3539.0,1.0,0.0,0.0,0.0,0.0,5.0,56.46,0.0
51.0,3539.0,1.0,0.0,0.0,13.0,0.0,14.0,1.39,0.0
103.0,3539.0,1.0,0.0,0.0,0.0,0.0,5.0,13.16,0.0
106.0,3539.0,1.0,0.0,0.0,0.0,0.0,5.0,7.32,0.0
107.0,3539.0,1.0,0.0,0.0,45.0,0.0,18.0,7403.44,1.0
107.0,3539.0,1.0,0.0,0.0,0.0,0.0,5.0,28.04,0.0
108.0,3539.0,1.0,0.0,0.0,0.0,0.0,5.0,46.45,0.0
117.0,3539.0,1.0,0.0,0.0,0.0,0.0,5.0,28.56,0.0
118.0,3539.0,1.0,0.0,0.0,36.0,0.0,15.0,57.05,0.0
118.0,3539.0,1.0,0.0,0.0,6.0,0.0,6.0,689.67,1.0
119.0,3539.0,1.0,0.0,0.0,0.0,0.0,5.0,38.2,0.0
119.0,3539.0,1.0,0.0,0.0,1.0,0.0,5.0,24.18,0.0
12.0,3541.0,1.0,1.0,0.0,6.0,0.0,6.0,41.88,0.0
12.0,3541.0,1.0,1.0,0.0,11.0,0.0,12.0,635.52,1.0
14.0,3541.0,1.0,1.0,0.0,9.0,0.0,10.0,156.11,1.0
33.0,3541.0,1.0,1.0,0.0,6.0,0.0,6.0,45.87,0.0
15.0,3541.0,1.0,1.0,0.0,26.0,0.0,12.0,386.87,1.0
33.0,3541.0,1.0,1.0,0.0,2.0,0.0,6.0,169.53,0.0
55.0,3541.0,1.0,1.0,0.0,1.0,0.0,5.0,8.92,0.0
56.0,3541.0,1.0,1.0,0.0,1.0,0.0,5.0,16.35,0.0
56.0,3541.0,1.0,1.0,0.0,16.0,0.0,16.0,554.6,1.0
57.0,3541.0,1.0,1.0,0.0,1.0,0.0,5.0,42.13,0.0
58.0,3541.0,1.0,1.0,0.0,1.0,0.0,5.0,33.05,0.0
93.0,3541.0,1.0,1.0,0.0,1.0,0.0,5.0,1.06,0.0
94.0,3541.0,1.0,1.0,0.0,1.0,0.0,5.0,20.79,0.0
95.0,3541.0,1.0,1.0,0.0,17.0,0.0,9.0,69.77,1.0
95.0,3541.0,1.0,1.0,0.0,1.0,0.0,5.0,7.18,0.0
96.0,3541.0,1.0,1.0,0.0,5.0,0.0,8.0,70.37,0.0
106.0,3543.0,4.0,0.0,0.0,1.0,0.0,5.0,21.85,0.0
107.0,3543.0,4.0,0.0,0.0,1.0,0.0,5.0,18.53,0.0
108.0,3543.0,4.0,0.0,0.0,38.0,0.0,19.0,272.94,1.0
109.0,3543.0,4.0,0.0,0.0,1.0,0.0,5.0,1.42,0.0
110.0,3543.0,4.0,0.0,0.0,5.0,0.0,8.0,0.63,0.0
122.0,3543.0,4.0,0.0,0.0,1.0,0.0,5.0,44.52,0.0
123.0,3543.0,4.0,0.0,0.0,1.0,0.0,5.0,26.2,0.0
124.0,3543.0,4.0,0.0,0.0,13.0,0.0,14.0,336.99,1.0
124.0,3543.0,4.0,0.0,0.0,1.0,0.0,5.0,31.14,0.0
125.0,3543.0,4.0,0.0,0.0,5.0,0.0,8.0,50.92,0.0
147.0,3543.0,4.0,0.0,0.0,1.0,0.0,5.0,28.24,0.0
148.0,3543.0,4.0,0.0,0.0,5.0,0.0,8.0,0.17,0.0
148.0,3543.0,4.0,0.0,0.0,9.0,0.0,10.0,63.19,1.0
149.0,3543.0,4.0,0.0,0.0,1.0,0.0,5.0,36.61,0.0
150.0,3543.0,4.0,0.0,0.0,5.0,0.0,8.0,36.45,0.0
166.0,3543.0,4.0,0.0,0.0,1.0,0.0,5.0,29.29,0.0
167.0,3543.0,4.0,0.0,0.0,1.0,0.0,5.0,21.77,0.0
167.0,3543.0,4.0,0.0,0.0,20.0,0.0,13.0,520.47,1.0
169.0,3543.0,4.0,0.0,0.0,1.0,0.0,5.0,52.75,0.0
170.0,3543.0,4.0,0.0,0.0,1.0,0.0,5.0,36.47,0.0
29.0,3545.0,0.0,1.0,0.0,7.0,0.0,6.0,133.67,0.0
35.0,3545.0,0.0,1.0,0.0,25.0,0.0,15.0,75.26,0.0
39.0,3545.0,0.0,1.0,0.0,6.0,0.0,6.0,853.6,1.0
92.0,3545.0,0.0,1.0,0.0,25.0,0.0,15.0,215.63,0.0
40.0,3545.0,0.0,1.0,0.0,22.0,0.0,12.0,741.51,1.0
93.0,3545.0,0.0,1.0,0.0,12.0,0.0,13.0,63.57,0.0
12.0,3546.0,2.0,0.0,0.0,22.0,0.0,12.0,71.36,1.0
26.0,3546.0,2.0,0.0,0.0,35.0,0.0,18.0,2798.94,1.0
28.0,3546.0,2.0,0.0,0.0,38.0,0.0,19.0,335.31,1.0
40.0,3546.0,2.0,0.0,0.0,18.0,0.0,9.0,146.15,0.0
31.0,3546.0,2.0,0.0,0.0,35.0,0.0,18.0,611.23,1.0
45.0,3546.0,2.0,0.0,0.0,11.0,0.0,12.0,80.74,0.0
46.0,3546.0,2.0,0.0,0.0,6.0,0.0,6.0,384.78,1.0
49.0,3546.0,2.0,0.0,0.0,19.0,0.0,9.0,217.67,1.0
53.0,3546.0,2.0,0.0,0.0,22.0,0.0,12.0,378.63,1.0
60.0,3546.0,2.0,0.0,0.0,13.0,0.0,14.0,114.28,0.0
56.0,3546.0,2.0,0.0,0.0,6.0,0.0,6.0,694.76,1.0
61.0,3546.0,2.0,0.0,0.0,0.0,0.0,5.0,22.85,0.0
77.0,3546.0,2.0,0.0,0.0,0.0,0.0,5.0,27.6,0.0
78.0,3546.0,2.0,0.0,0.0,0.0,0.0,5.0,27.55,0.0
78.0,3546.0,2.0,0.0,0.0,6.0,0.0,6.0,462.99,1.0
79.0,3546.0,2.0,0.0,0.0,0.0,0.0,5.0,32.62,0.0
80.0,3546.0,2.0,0.0,0.0,0.0,0.0,5.0,5.37,0.0
88.0,3546.0,2.0,0.0,0.0,0.0,0.0,5.0,4.17,0.0
91.0,3546.0,2.0,0.0,0.0,0.0,0.0,5.0,54.66,0.0
91.0,3546.0,2.0,0.0,0.0,6.0,0.0,6.0,744.56,1.0
92.0,3546.0,2.0,0.0,0.0,36.0,0.0,15.0,115.43,0.0
93.0,3546.0,2.0,0.0,0.0,0.0,0.0,5.0,14.96,0.0
93.0,3546.0,2.0,0.0,0.0,1.0,0.0,5.0,8.77,0.0
93.0,3546.0,2.0,0.0,0.0,18.0,0.0,9.0,508.24,1.0
94.0,3546.0,2.0,0.0,0.0,14.0,0.0,15.0,0.69,0.0
95.0,3546.0,2.0,0.0,0.0,1.0,0.0,5.0,28.92,0.0
99.0,3546.0,2.0,0.0,0.0,1.0,0.0,5.0,17.6,0.0
100.0,3546.0,2.0,0.0,0.0,1.0,0.0,5.0,1.06,0.0
101.0,3546.0,2.0,0.0,0.0,12.0,0.0,13.0,197.76,1.0
101.0,3546.0,2.0,0.0,0.0,1.0,0.0,5.0,7.58,0.0
102.0,3546.0,2.0,0.0,0.0,1.0,0.0,5.0,39.35,0.0
103.0,3546.0,2.0,0.0,0.0,1.0,0.0,5.0,18.61,0.0
104.0,3546.0,2.0,0.0,0.0,1.0,0.0,5.0,64.34,0.0
105.0,3546.0,2.0,0.0,0.0,6.0,0.0,6.0,93.08,1.0
105.0,3546.0,2.0,0.0,0.0,1.0,0.0,5.0,10.52,0.0
106.0,3546.0,2.0,0.0,0.0,1.0,0.0,5.0,63.08,0.0
117.0,3546.0,2.0,0.0,0.0,1.0,0.0,5.0,26.53,0.0
118.0,3546.0,2.0,0.0,0.0,1.0,0.0,5.0,14.17,0.0
119.0,3546.0,2.0,0.0,0.0,30.0,0.0,16.0,740.55,1.0
119.0,3546.0,2.0,0.0,0.0,1.0,0.0,5.0,11.23,0.0
120.0,3546.0,2.0,0.0,0.0,5.0,0.0,8.0,32.72,0.0
121.0,3546.0,2.0,0.0,0.0,1.0,0.0,5.0,10.19,0.0
122.0,3546.0,2.0,0.0,0.0,22.0,0.0,12.0,901.73,1.0
122.0,3546.0,2.0,0.0,0.0,1.0,0.0,5.0,7.48,0.0
123.0,3546.0,2.0,0.0,0.0,1.0,0.0,5.0,31.14,0.0
123.0,3546.0,2.0,0.0,0.0,17.0,0.0,9.0,216.44,1.0
124.0,3546.0,2.0,0.0,0.0,5.0,0.0,8.0,27.21,0.0
125.0,3546.0,2.0,0.0,0.0,1.0,0.0,5.0,10.84,0.0
141.0,3546.0,2.0,0.0,0.0,1.0,0.0,5.0,12.92,0.0
142.0,3546.0,2.0,0.0,0.0,5.0,0.0,8.0,4.4,0.0
142.0,3546.0,2.0,0.0,0.0,22.0,0.0,12.0,421.59,1.0
143.0,3546.0,2.0,0.0,0.0,1.0,0.0,5.0,14.26,0.0
144.0,3546.0,2.0,0.0,0.0,1.0,0.0,5.0,26.85,0.0
12.0,3548.0,0.0,1.0,0.0,22.0,0.0,12.0,427.28,1.0
13.0,3548.0,0.0,1.0,0.0,35.0,0.0,18.0,3333.31,1.0
14.0,3548.0,0.0,1.0,0.0,6.0,0.0,6.0,384.11,1.0
14.0,3548.0,0.0,1.0,0.0,6.0,0.0,6.0,17.57,1.0
15.0,3548.0,0.0,1.0,0.0,11.0,0.0,12.0,760.81,1.0
15.0,3548.0,0.0,1.0,0.0,11.0,0.0,12.0,396.92,1.0
17.0,3548.0,0.0,1.0,0.0,3.0,0.0,7.0,279.76,1.0
17.0,3548.0,0.0,1.0,0.0,11.0,0.0,12.0,127.05,1.0
18.0,3548.0,0.0,1.0,0.0,12.0,0.0,13.0,362.29,1.0
19.0,3548.0,0.0,1.0,0.0,6.0,0.0,6.0,335.37,1.0
19.0,3548.0,0.0,1.0,0.0,22.0,0.0,12.0,106.4,1.0
20.0,3548.0,0.0,1.0,0.0,31.0,0.0,9.0,668.03,1.0
20.0,3548.0,0.0,1.0,0.0,22.0,0.0,12.0,107.89,1.0
20.0,3548.0,0.0,1.0,0.0,26.0,0.0,12.0,24.67,1.0
20.0,3548.0,0.0,1.0,0.0,7.0,0.0,6.0,607.85,1.0
20.0,3548.0,0.0,1.0,0.0,6.0,0.0,6.0,161.08,1.0
21.0,3548.0,0.0,1.0,0.0,6.0,0.0,6.0,302.06,1.0
21.0,3548.0,0.0,1.0,0.0,38.0,0.0,19.0,435.88,1.0
21.0,3548.0,0.0,1.0,0.0,20.0,0.0,13.0,288.2,1.0
21.0,3548.0,0.0,1.0,0.0,6.0,0.0,6.0,102.36,1.0
21.0,3548.0,0.0,1.0,0.0,22.0,0.0,12.0,506.24,1.0
22.0,3548.0,0.0,1.0,0.0,22.0,0.0,12.0,95.99,1.0
22.0,3548.0,0.0,1.0,0.0,6.0,0.0,6.0,87.69,1.0
23.0,3548.0,0.0,1.0,0.0,6.0,0.0,6.0,553.64,1.0
24.0,3548.0,0.0,1.0,0.0,6.0,0.0,6.0,343.4,1.0
24.0,3548.0,0.0,1.0,0.0,20.0,0.0,13.0,342.09,1.0
25.0,3548.0,0.0,1.0,0.0,6.0,0.0,6.0,302.15,1.0
25.0,3548.0,0.0,1.0,0.0,6.0,0.0,6.0,465.25,1.0
25.0,3548.0,0.0,1.0,0.0,12.0,0.0,13.0,101.28,1.0
25.0,3548.0,0.0,1.0,0.0,17.0,0.0,9.0,1100.9,1.0
25.0,3548.0,0.0,1.0,0.0,35.0,0.0,18.0,2321.67,1.0
26.0,3548.0,0.0,1.0,0.0,20.0,0.0,13.0,461.65,1.0
26.0,3548.0,0.0,1.0,0.0,6.0,0.0,6.0,254.56,1.0
26.0,3548.0,0.0,1.0,0.0,6.0,0.0,6.0,577.79,1.0
26.0,3548.0,0.0,1.0,0.0,16.0,0.0,16.0,176.07,1.0
28.0,3548.0,0.0,1.0,0.0,7.0,0.0,6.0,32.84,0.0
28.0,3548.0,0.0,1.0,0.0,10.0,0.0,11.0,334.3,1.0
29.0,3548.0,0.0,1.0,0.0,22.0,0.0,12.0,720.74,1.0
29.0,3548.0,0.0,1.0,0.0,7.0,0.0,6.0,222.09,0.0
29.0,3548.0,0.0,1.0,0.0,2.0,0.0,6.0,30.57,0.0
30.0,3548.0,0.0,1.0,0.0,20.0,0.0,13.0,156.72,1.0
30.0,3548.0,0.0,1.0,0.0,19.0,0.0,9.0,521.58,1.0
30.0,3548.0,0.0,1.0,0.0,19.0,0.0,9.0,254.58,1.0
31.0,3548.0,0.0,1.0,0.0,6.0,0.0,6.0,778.06,1.0
33.0,3548.0,0.0,1.0,0.0,25.0,0.0,15.0,32.93,0.0
32.0,3548.0,0.0,1.0,0.0,30.0,0.0,16.0,654.94,1.0
33.0,3548.0,0.0,1.0,0.0,20.0,0.0,13.0,254.21,1.0
33.0,3548.0,0.0,1.0,0.0,16.0,0.0,16.0,70.54,1.0
33.0,3548.0,0.0,1.0,0.0,35.0,0.0,18.0,1688.02,1.0
35.0,3548.0,0.0,1.0,0.0,12.0,0.0,13.0,31.02,1.0
35.0,3548.0,0.0,1.0,0.0,22.0,0.0,12.0,621.87,1.0
36.0,3548.0,0.0,1.0,0.0,15.0,0.0,13.0,4.37,1.0
37.0,3548.0,0.0,1.0,0.0,6.0,0.0,6.0,390.63,1.0
37.0,3548.0,0.0,1.0,0.0,41.0,0.0,19.0,297.62,1.0
39.0,3548.0,0.0,1.0,0.0,22.0,0.0,12.0,307.44,1.0
39.0,3548.0,0.0,1.0,0.0,13.0,0.0,14.0,168.62,1.0
41.0,3548.0,0.0,1.0,0.0,22.0,0.0,12.0,638.84,1.0
41.0,3548.0,0.0,1.0,0.0,6.0,0.0,6.0,26.47,1.0
41.0,3548.0,0.0,1.0,0.0,22.0,0.0,12.0,257.73,1.0
43.0,3548.0,0.0,1.0,0.0,19.0,0.0,9.0,914.33,1.0
46.0,3548.0,0.0,1.0,0.0,6.0,0.0,6.0,925.48,1.0
47.0,3548.0,0.0,1.0,0.0,6.0,0.0,6.0,1087.58,1.0
47.0,3548.0,0.0,1.0,0.0,6.0,0.0,6.0,143.99,1.0
48.0,3548.0,0.0,1.0,0.0,22.0,0.0,12.0,372.44,1.0
48.0,3548.0,0.0,1.0,0.0,18.0,0.0,9.0,665.26,1.0
50.0,3548.0,0.0,1.0,0.0,6.0,0.0,6.0,395.67,1.0
50.0,3548.0,0.0,1.0,0.0,22.0,0.0,12.0,330.49,1.0
50.0,3548.0,0.0,1.0,0.0,22.0,0.0,12.0,126.51,1.0
51.0,3548.0,0.0,1.0,0.0,11.0,0.0,12.0,204.6,1.0
51.0,3548.0,0.0,1.0,0.0,31.0,0.0,9.0,619.07,1.0
51.0,3548.0,0.0,1.0,0.0,13.0,0.0,14.0,161.38,1.0
54.0,3548.0,0.0,1.0,0.0,11.0,0.0,12.0,274.36,1.0
55.0,3548.0,0.0,1.0,0.0,12.0,0.0,13.0,301.72,1.0
57.0,3548.0,0.0,1.0,0.0,15.0,0.0,13.0,263.72,1.0
58.0,3548.0,0.0,1.0,0.0,41.0,0.0,19.0,210.76,1.0
60.0,3548.0,0.0,1.0,0.0,16.0,0.0,16.0,253.53,1.0
61.0,3548.0,0.0,1.0,0.0,6.0,0.0,6.0,425.72,1.0
63.0,3548.0,0.0,1.0,0.0,20.0,0.0,13.0,23.79,1.0
65.0,3548.0,0.0,1.0,0.0,22.0,0.0,12.0,624.9,1.0
66.0,3548.0,0.0,1.0,0.0,6.0,0.0,6.0,28.94,1.0
67.0,3548.0,0.0,1.0,0.0,6.0,0.0,6.0,12.71,1.0
67.0,3548.0,0.0,1.0,0.0,22.0,0.0,12.0,186.59,1.0
72.0,3548.0,0.0,1.0,0.0,22.0,0.0,12.0,581.39,1.0
76.0,3548.0,0.0,1.0,0.0,19.0,0.0,9.0,571.8,1.0
77.0,3548.0,0.0,1.0,0.0,7.0,0.0,6.0,25.95,1.0
77.0,3548.0,0.0,1.0,0.0,41.0,0.0,19.0,337.71,1.0
83.0,3548.0,0.0,1.0,0.0,15.0,0.0,13.0,101.05,1.0
85.0,3548.0,0.0,1.0,0.0,12.0,0.0,13.0,73.93,0.0
83.0,3548.0,0.0,1.0,0.0,22.0,0.0,12.0,178.83,1.0
86.0,3548.0,0.0,1.0,0.0,17.0,0.0,9.0,719.33,1.0
91.0,3548.0,0.0,1.0,0.0,41.0,0.0,19.0,413.63,1.0
91.0,3548.0,0.0,1.0,0.0,6.0,0.0,6.0,555.72,1.0
94.0,3548.0,0.0,1.0,0.0,27.0,0.0,12.0,244.47,1.0
97.0,3548.0,0.0,1.0,0.0,16.0,0.0,16.0,591.34,1.0
99.0,3548.0,0.0,1.0,0.0,2.0,0.0,6.0,629.66,1.0
100.0,3548.0,0.0,1.0,0.0,22.0,0.0,12.0,404.22,1.0
100.0,3548.0,0.0,1.0,0.0,38.0,0.0,19.0,287.95,1.0
100.0,3548.0,0.0,1.0,0.0,20.0,0.0,13.0,177.14,1.0
102.0,3548.0,0.0,1.0,0.0,35.0,0.0,18.0,3190.84,1.0
104.0,3548.0,0.0,1.0,0.0,2.0,0.0,6.0,459.09,1.0
105.0,3548.0,0.0,1.0,0.0,6.0,0.0,6.0,403.59,1.0
107.0,3548.0,0.0,1.0,0.0,22.0,0.0,12.0,128.24,1.0
111.0,3548.0,0.0,1.0,0.0,22.0,0.0,12.0,388.51,1.0
112.0,3548.0,0.0,1.0,0.0,19.0,0.0,9.0,266.1,1.0
115.0,3548.0,0.0,1.0,0.0,38.0,0.0,19.0,348.55,1.0
120.0,3548.0,0.0,1.0,0.0,35.0,0.0,18.0,2956.37,1.0
120.0,3548.0,0.0,1.0,0.0,35.0,0.0,18.0,1673.54,1.0
121.0,3548.0,0.0,1.0,0.0,15.0,0.0,13.0,215.34,1.0
124.0,3548.0,0.0,1.0,0.0,41.0,0.0,19.0,272.83,1.0
127.0,3548.0,0.0,1.0,0.0,22.0,0.0,12.0,537.6,1.0
127.0,3548.0,0.0,1.0,0.0,22.0,0.0,12.0,440.88,1.0
128.0,3548.0,0.0,1.0,0.0,41.0,0.0,19.0,156.0,1.0
130.0,3548.0,0.0,1.0,0.0,6.0,0.0,6.0,252.98,1.0
130.0,3548.0,0.0,1.0,0.0,17.0,0.0,9.0,722.36,1.0
133.0,3548.0,0.0,1.0,0.0,13.0,0.0,14.0,7.14,1.0
134.0,3548.0,0.0,1.0,0.0,6.0,0.0,6.0,211.24,1.0
135.0,3548.0,0.0,1.0,0.0,12.0,0.0,13.0,198.8,1.0
136.0,3548.0,0.0,1.0,0.0,6.0,0.0,6.0,418.19,1.0
138.0,3548.0,0.0,1.0,0.0,13.0,0.0,14.0,89.18,0.0
137.0,3548.0,0.0,1.0,0.0,31.0,0.0,9.0,650.62,1.0
138.0,3548.0,0.0,1.0,0.0,6.0,0.0,6.0,464.78,1.0
139.0,3548.0,0.0,1.0,0.0,0.0,0.0,5.0,33.2,0.0
139.0,3548.0,0.0,1.0,0.0,26.0,0.0,12.0,779.3,1.0
140.0,3548.0,0.0,1.0,0.0,9.0,0.0,10.0,30.39,0.0
141.0,3548.0,0.0,1.0,0.0,0.0,0.0,5.0,22.51,0.0
141.0,3548.0,0.0,1.0,0.0,6.0,0.0,6.0,177.19,1.0
142.0,3548.0,0.0,1.0,0.0,0.0,0.0,5.0,23.07,0.0
142.0,3548.0,0.0,1.0,0.0,20.0,0.0,13.0,42.36,1.0
143.0,3548.0,0.0,1.0,0.0,0.0,0.0,5.0,7.77,0.0
144.0,3548.0,0.0,1.0,0.0,31.0,0.0,9.0,642.6,1.0
144.0,3548.0,0.0,1.0,0.0,0.0,0.0,5.0,8.19,0.0
145.0,3548.0,0.0,1.0,0.0,0.0,0.0,5.0,27.77,0.0
145.0,3548.0,0.0,1.0,0.0,16.0,0.0,16.0,620.32,1.0
146.0,3548.0,0.0,1.0,0.0,15.0,0.0,13.0,41.67,0.0
147.0,3548.0,0.0,1.0,0.0,0.0,0.0,5.0,26.25,0.0
148.0,3548.0,0.0,1.0,0.0,18.0,0.0,9.0,696.05,1.0
148.0,3548.0,0.0,1.0,0.0,0.0,0.0,5.0,23.92,0.0
148.0,3548.0,0.0,1.0,0.0,10.0,0.0,11.0,431.75,1.0
149.0,3548.0,0.0,1.0,0.0,0.0,0.0,5.0,41.78,0.0
155.0,3548.0,0.0,1.0,0.0,0.0,0.0,5.0,14.95,0.0
156.0,3548.0,0.0,1.0,0.0,0.0,0.0,5.0,34.41,0.0
157.0,3548.0,0.0,1.0,0.0,22.0,0.0,12.0,59.57,1.0
157.0,3548.0,0.0,1.0,0.0,35.0,0.0,18.0,72.64,0.0
158.0,3548.0,0.0,1.0,0.0,0.0,0.0,5.0,7.79,0.0
161.0,3548.0,0.0,1.0,0.0,9.0,0.0,10.0,21.3,0.0
162.0,3548.0,0.0,1.0,0.0,0.0,0.0,5.0,17.05,0.0
162.0,3548.0,0.0,1.0,0.0,26.0,0.0,12.0,726.78,1.0
163.0,3548.0,0.0,1.0,0.0,0.0,0.0,5.0,50.16,0.0
164.0,3548.0,0.0,1.0,0.0,0.0,0.0,5.0,2.41,0.0
165.0,3548.0,0.0,1.0,0.0,0.0,0.0,5.0,30.12,0.0
165.0,3548.0,0.0,1.0,0.0,17.0,0.0,9.0,220.83,1.0
167.0,3548.0,0.0,1.0,0.0,0.0,0.0,5.0,18.2,0.0
167.0,3548.0,0.0,1.0,0.0,35.0,0.0,18.0,524.06,1.0
169.0,3548.0,0.0,1.0,0.0,0.0,0.0,5.0,39.31,0.0
170.0,3548.0,0.0,1.0,0.0,0.0,0.0,5.0,64.14,0.0
172.0,3548.0,0.0,1.0,0.0,0.0,0.0,5.0,54.06,0.0
173.0,3548.0,0.0,1.0,0.0,0.0,0.0,5.0,9.59,0.0
174.0,3548.0,0.0,1.0,0.0,22.0,0.0,12.0,311.03,1.0
174.0,3548.0,0.0,1.0,0.0,0.0,0.0,5.0,0.3,0.0
175.0,3548.0,0.0,1.0,0.0,0.0,0.0,5.0,21.98,0.0
12.0,3550.0,3.0,1.0,0.0,6.0,0.0,6.0,255.63,1.0
14.0,3550.0,3.0,1.0,0.0,6.0,0.0,6.0,146.43,1.0
15.0,3550.0,3.0,1.0,0.0,6.0,0.0,6.0,25.65,1.0
21.0,3550.0,3.0,1.0,0.0,18.0,0.0,9.0,139.6,1.0
22.0,3550.0,3.0,1.0,0.0,6.0,0.0,6.0,29.84,1.0
26.0,3550.0,3.0,1.0,0.0,6.0,0.0,6.0,26.26,1.0
30.0,3550.0,3.0,1.0,0.0,11.0,0.0,12.0,6.13,1.0
31.0,3550.0,3.0,1.0,0.0,20.0,0.0,13.0,265.89,1.0
31.0,3550.0,3.0,1.0,0.0,6.0,0.0,6.0,483.16,1.0
33.0,3550.0,3.0,1.0,0.0,10.0,0.0,11.0,310.54,1.0
35.0,3550.0,3.0,1.0,0.0,26.0,0.0,12.0,2.21,1.0
36.0,3550.0,3.0,1.0,0.0,6.0,0.0,6.0,56.15,1.0
37.0,3550.0,3.0,1.0,0.0,6.0,0.0,6.0,415.19,1.0
38.0,3550.0,3.0,1.0,0.0,22.0,0.0,12.0,382.17,1.0
41.0,3550.0,3.0,1.0,0.0,6.0,0.0,6.0,139.37,1.0
41.0,3550.0,3.0,1.0,0.0,3.0,0.0,7.0,142.62,1.0
41.0,3550.0,3.0,1.0,0.0,22.0,0.0,12.0,685.93,1.0
42.0,3550.0,3.0,1.0,0.0,20.0,0.0,13.0,209.8,1.0
42.0,3550.0,3.0,1.0,0.0,13.0,0.0,14.0,25.32,1.0
42.0,3550.0,3.0,1.0,0.0,6.0,0.0,6.0,168.45,1.0
44.0,3550.0,3.0,1.0,0.0,30.0,0.0,16.0,176.34,0.0
43.0,3550.0,3.0,1.0,0.0,6.0,0.0,6.0,5.85,1.0
45.0,3550.0,3.0,1.0,0.0,20.0,0.0,13.0,298.55,1.0
45.0,3550.0,3.0,1.0,0.0,22.0,0.0,12.0,33.75,1.0
45.0,3550.0,3.0,1.0,0.0,30.0,0.0,16.0,903.0,1.0
46.0,3550.0,3.0,1.0,0.0,18.0,0.0,9.0,195.42,1.0
47.0,3550.0,3.0,1.0,0.0,35.0,0.0,18.0,561.06,1.0
47.0,3550.0,3.0,1.0,0.0,11.0,0.0,12.0,247.22,1.0
47.0,3550.0,3.0,1.0,0.0,15.0,0.0,13.0,152.03,1.0
47.0,3550.0,3.0,1.0,0.0,21.0,0.0,13.0,309.27,1.0
47.0,3550.0,3.0,1.0,0.0,22.0,0.0,12.0,156.19,1.0
49.0,3550.0,3.0,1.0,0.0,18.0,0.0,9.0,267.13,1.0
52.0,3550.0,3.0,1.0,0.0,13.0,0.0,14.0,84.01,1.0
52.0,3550.0,3.0,1.0,0.0,13.0,0.0,14.0,36.32,1.0
53.0,3550.0,3.0,1.0,0.0,10.0,0.0,11.0,237.48,1.0
53.0,3550.0,3.0,1.0,0.0,25.0,0.0,15.0,77.25,0.0
53.0,3550.0,3.0,1.0,0.0,35.0,0.0,18.0,23.36,1.0
54.0,3550.0,3.0,1.0,0.0,22.0,0.0,12.0,537.47,1.0
54.0,3550.0,3.0,1.0,0.0,15.0,0.0,13.0,503.26,1.0
55.0,3550.0,3.0,1.0,0.0,6.0,0.0,6.0,468.62,1.0
56.0,3550.0,3.0,1.0,0.0,30.0,0.0,16.0,104.79,1.0
56.0,3550.0,3.0,1.0,0.0,25.0,0.0,15.0,456.97,1.0
57.0,3550.0,3.0,1.0,0.0,2.0,0.0,6.0,505.8,1.0
57.0,3550.0,3.0,1.0,0.0,25.0,0.0,15.0,286.56,1.0
59.0,3550.0,3.0,1.0,0.0,6.0,0.0,6.0,266.87,1.0
60.0,3550.0,3.0,1.0,0.0,16.0,0.0,16.0,1025.33,1.0
60.0,3550.0,3.0,1.0,0.0,30.0,0.0,16.0,483.6,1.0
61.0,3550.0,3.0,1.0,0.0,22.0,0.0,12.0,810.95,1.0
61.0,3550.0,3.0,1.0,0.0,11.0,0.0,12.0,55.97,1.0
61.0,3550.0,3.0,1.0,0.0,10.0,0.0,11.0,364.34,1.0
61.0,3550.0,3.0,1.0,0.0,22.0,0.0,12.0,446.97,1.0
63.0,3550.0,3.0,1.0,0.0,22.0,0.0,12.0,371.23,1.0
65.0,3550.0,3.0,1.0,0.0,25.0,0.0,15.0,140.6,1.0
65.0,3550.0,3.0,1.0,0.0,41.0,0.0,19.0,233.36,1.0
66.0,3550.0,3.0,1.0,0.0,6.0,0.0,6.0,15.02,1.0
67.0,3550.0,3.0,1.0,0.0,6.0,0.0,6.0,72.6,1.0
68.0,3550.0,3.0,1.0,0.0,41.0,0.0,19.0,289.44,1.0
71.0,3550.0,3.0,1.0,0.0,35.0,0.0,18.0,2905.82,1.0
72.0,3550.0,3.0,1.0,0.0,6.0,0.0,6.0,393.35,1.0
73.0,3550.0,3.0,1.0,0.0,35.0,0.0,18.0,2250.3,1.0
74.0,3550.0,3.0,1.0,0.0,17.0,0.0,9.0,887.14,1.0
75.0,3550.0,3.0,1.0,0.0,22.0,0.0,12.0,581.34,1.0
76.0,3550.0,3.0,1.0,0.0,6.0,0.0,6.0,202.25,0.0
76.0,3550.0,3.0,1.0,0.0,21.0,0.0,13.0,70.06,1.0
77.0,3550.0,3.0,1.0,0.0,18.0,0.0,9.0,563.73,1.0
78.0,3550.0,3.0,1.0,0.0,3.0,0.0,7.0,313.41,1.0
79.0,3550.0,3.0,1.0,0.0,19.0,0.0,9.0,381.86,1.0
80.0,3550.0,3.0,1.0,0.0,11.0,0.0,12.0,17.02,1.0
80.0,3550.0,3.0,1.0,0.0,41.0,0.0,19.0,158.07,1.0
80.0,3550.0,3.0,1.0,0.0,22.0,0.0,12.0,871.94,1.0
81.0,3550.0,3.0,1.0,0.0,6.0,0.0,6.0,73.5,1.0
81.0,3550.0,3.0,1.0,0.0,26.0,0.0,12.0,466.75,1.0
82.0,3550.0,3.0,1.0,0.0,22.0,0.0,12.0,565.58,1.0
82.0,3550.0,3.0,1.0,0.0,22.0,0.0,12.0,141.28,1.0
86.0,3550.0,3.0,1.0,0.0,16.0,0.0,16.0,437.99,1.0
86.0,3550.0,3.0,1.0,0.0,30.0,0.0,16.0,1134.03,1.0
86.0,3550.0,3.0,1.0,0.0,30.0,0.0,16.0,328.99,1.0
86.0,3550.0,3.0,1.0,0.0,6.0,0.0,6.0,643.4,1.0
87.0,3550.0,3.0,1.0,0.0,11.0,0.0,12.0,269.52,1.0
88.0,3550.0,3.0,1.0,0.0,22.0,0.0,12.0,608.08,1.0
89.0,3550.0,3.0,1.0,0.0,6.0,0.0,6.0,23.43,1.0
90.0,3550.0,3.0,1.0,0.0,16.0,0.0,16.0,80.45,1.0
91.0,3550.0,3.0,1.0,0.0,22.0,0.0,12.0,304.24,1.0
94.0,3550.0,3.0,1.0,0.0,6.0,0.0,6.0,209.55,1.0
94.0,3550.0,3.0,1.0,0.0,22.0,0.0,12.0,101.95,1.0
95.0,3550.0,3.0,1.0,0.0,6.0,0.0,6.0,179.99,1.0
95.0,3550.0,3.0,1.0,0.0,18.0,0.0,9.0,443.87,1.0
97.0,3550.0,3.0,1.0,0.0,31.0,0.0,9.0,295.29,1.0
98.0,3550.0,3.0,1.0,0.0,48.0,0.0,12.0,696.9,1.0
99.0,3550.0,3.0,1.0,0.0,27.0,0.0,12.0,0.42,1.0
100.0,3550.0,3.0,1.0,0.0,25.0,0.0,15.0,45.34,1.0
101.0,3550.0,3.0,1.0,0.0,26.0,0.0,12.0,149.34,1.0
103.0,3550.0,3.0,1.0,0.0,13.0,0.0,14.0,13.86,1.0
105.0,3550.0,3.0,1.0,0.0,12.0,0.0,13.0,23.89,0.0
103.0,3550.0,3.0,1.0,0.0,6.0,0.0,6.0,319.71,1.0
105.0,3550.0,3.0,1.0,0.0,6.0,0.0,6.0,1392.59,1.0
106.0,3550.0,3.0,1.0,0.0,6.0,0.0,6.0,764.34,1.0
107.0,3550.0,3.0,1.0,0.0,35.0,0.0,18.0,3154.68,1.0
107.0,3550.0,3.0,1.0,0.0,16.0,0.0,16.0,937.14,1.0
108.0,3550.0,3.0,1.0,0.0,19.0,0.0,9.0,1025.29,1.0
109.0,3550.0,3.0,1.0,0.0,11.0,0.0,12.0,211.9,1.0
109.0,3550.0,3.0,1.0,0.0,20.0,0.0,13.0,83.11,1.0
110.0,3550.0,3.0,1.0,0.0,35.0,0.0,18.0,231.3,1.0
111.0,3550.0,3.0,1.0,0.0,22.0,0.0,12.0,496.3,1.0
111.0,3550.0,3.0,1.0,0.0,12.0,0.0,13.0,118.76,1.0
115.0,3550.0,3.0,1.0,0.0,22.0,0.0,12.0,300.05,1.0
124.0,3550.0,3.0,1.0,0.0,6.0,0.0,6.0,89.05,0.0
117.0,3550.0,3.0,1.0,0.0,12.0,0.0,13.0,597.02,1.0
124.0,3550.0,3.0,1.0,0.0,2.0,0.0,6.0,211.27,0.0
124.0,3550.0,3.0,1.0,0.0,35.0,0.0,18.0,2211.81,1.0
125.0,3550.0,3.0,1.0,0.0,41.0,0.0,19.0,126.96,1.0
125.0,3550.0,3.0,1.0,0.0,30.0,0.0,16.0,349.97,1.0
126.0,3550.0,3.0,1.0,0.0,22.0,0.0,12.0,224.07,1.0
128.0,3550.0,3.0,1.0,0.0,6.0,0.0,6.0,347.14,1.0
129.0,3550.0,3.0,1.0,0.0,38.0,0.0,19.0,225.42,1.0
131.0,3550.0,3.0,1.0,0.0,6.0,0.0,6.0,950.14,1.0
133.0,3550.0,3.0,1.0,0.0,25.0,0.0,15.0,282.98,1.0
134.0,3550.0,3.0,1.0,0.0,41.0,0.0,19.0,350.34,1.0
135.0,3550.0,3.0,1.0,0.0,12.0,0.0,13.0,45.81,0.0
135.0,3550.0,3.0,1.0,0.0,22.0,0.0,12.0,70.16,1.0
135.0,3550.0,3.0,1.0,0.0,20.0,0.0,13.0,56.77,0.0
136.0,3550.0,3.0,1.0,0.0,22.0,0.0,12.0,364.84,1.0
136.0,3550.0,3.0,1.0,0.0,9.0,0.0,10.0,67.94,0.0
136.0,3550.0,3.0,1.0,0.0,26.0,0.0,12.0,58.8,1.0
137.0,3550.0,3.0,1.0,0.0,0.0,0.0,5.0,19.23,0.0
138.0,3550.0,3.0,1.0,0.0,20.0,0.0,13.0,257.99,1.0
138.0,3550.0,3.0,1.0,0.0,0.0,0.0,5.0,28.92,0.0
139.0,3550.0,3.0,1.0,0.0,22.0,0.0,12.0,112.15,1.0
139.0,3550.0,3.0,1.0,0.0,0.0,0.0,5.0,57.12,0.0
141.0,3550.0,3.0,1.0,0.0,6.0,0.0,6.0,652.07,1.0
141.0,3550.0,3.0,1.0,0.0,0.0,0.0,5.0,46.08,0.0
142.0,3550.0,3.0,1.0,0.0,18.0,0.0,9.0,256.91,1.0
142.0,3550.0,3.0,1.0,0.0,0.0,0.0,5.0,33.95,0.0
143.0,3550.0,3.0,1.0,0.0,22.0,0.0,12.0,314.95,1.0
143.0,3550.0,3.0,1.0,0.0,0.0,0.0,5.0,1.52,0.0
144.0,3550.0,3.0,1.0,0.0,0.0,0.0,5.0,27.29,0.0
145.0,3550.0,3.0,1.0,0.0,6.0,0.0,6.0,646.86,1.0
146.0,3550.0,3.0,1.0,0.0,0.0,0.0,5.0,11.72,0.0
145.0,3550.0,3.0,1.0,0.0,17.0,0.0,9.0,208.6,1.0
147.0,3550.0,3.0,1.0,0.0,0.0,0.0,5.0,47.28,0.0
147.0,3550.0,3.0,1.0,0.0,15.0,0.0,13.0,274.18,1.0
149.0,3550.0,3.0,1.0,0.0,0.0,0.0,5.0,16.43,0.0
149.0,3550.0,3.0,1.0,0.0,30.0,0.0,16.0,293.93,1.0
150.0,3550.0,3.0,1.0,0.0,0.0,0.0,5.0,18.0,0.0
150.0,3550.0,3.0,1.0,0.0,9.0,0.0,10.0,36.04,1.0
151.0,3550.0,3.0,1.0,0.0,0.0,0.0,5.0,30.87,0.0
150.0,3550.0,3.0,1.0,0.0,22.0,0.0,12.0,250.05,1.0
151.0,3550.0,3.0,1.0,0.0,22.0,0.0,12.0,19.88,1.0
152.0,3550.0,3.0,1.0,0.0,0.0,0.0,5.0,11.08,0.0
153.0,3550.0,3.0,1.0,0.0,26.0,0.0,12.0,455.14,1.0
153.0,3550.0,3.0,1.0,0.0,15.0,0.0,13.0,13.84,0.0
154.0,3550.0,3.0,1.0,0.0,0.0,0.0,5.0,3.53,0.0
155.0,3550.0,3.0,1.0,0.0,0.0,0.0,5.0,50.44,0.0
155.0,3550.0,3.0,1.0,0.0,22.0,0.0,12.0,370.86,1.0
156.0,3550.0,3.0,1.0,0.0,0.0,0.0,5.0,28.66,0.0
156.0,3550.0,3.0,1.0,0.0,22.0,0.0,12.0,274.04,1.0
157.0,3550.0,3.0,1.0,0.0,0.0,0.0,5.0,26.17,0.0
157.0,3550.0,3.0,1.0,0.0,25.0,0.0,15.0,104.09,1.0
158.0,3550.0,3.0,1.0,0.0,0.0,0.0,5.0,44.56,0.0
158.0,3550.0,3.0,1.0,0.0,6.0,0.0,6.0,355.49,1.0
159.0,3550.0,3.0,1.0,0.0,0.0,0.0,5.0,10.53,0.0
159.0,3550.0,3.0,1.0,0.0,20.0,0.0,13.0,166.03,1.0
161.0,3550.0,3.0,1.0,0.0,0.0,0.0,5.0,34.87,0.0
161.0,3550.0,3.0,1.0,0.0,22.0,0.0,12.0,44.32,1.0
162.0,3550.0,3.0,1.0,0.0,0.0,0.0,5.0,0.51,0.0
162.0,3550.0,3.0,1.0,0.0,6.0,0.0,6.0,535.36,1.0
163.0,3550.0,3.0,1.0,0.0,0.0,0.0,5.0,33.76,0.0
164.0,3550.0,3.0,1.0,0.0,0.0,0.0,5.0,1.05,0.0
165.0,3550.0,3.0,1.0,0.0,25.0,0.0,15.0,196.15,1.0
165.0,3550.0,3.0,1.0,0.0,0.0,0.0,5.0,39.41,0.0
165.0,3550.0,3.0,1.0,0.0,25.0,0.0,15.0,20.66,1.0
166.0,3550.0,3.0,1.0,0.0,0.0,0.0,5.0,19.58,0.0
168.0,3550.0,3.0,1.0,0.0,0.0,0.0,5.0,30.28,0.0
169.0,3550.0,3.0,1.0,0.0,13.0,0.0,14.0,16.41,0.0
169.0,3550.0,3.0,1.0,0.0,22.0,0.0,12.0,383.49,1.0
170.0,3550.0,3.0,1.0,0.0,0.0,0.0,5.0,30.29,0.0
169.0,3550.0,3.0,1.0,0.0,6.0,0.0,6.0,48.73,1.0
171.0,3550.0,3.0,1.0,0.0,0.0,0.0,5.0,62.91,0.0
173.0,3550.0,3.0,1.0,0.0,9.0,0.0,10.0,0.67,0.0
173.0,3550.0,3.0,1.0,0.0,3.0,0.0,7.0,254.06,1.0
174.0,3550.0,3.0,1.0,0.0,0.0,0.0,5.0,38.04,0.0
175.0,3550.0,3.0,1.0,0.0,2.0,0.0,6.0,305.72,1.0
175.0,3550.0,3.0,1.0,0.0,0.0,0.0,5.0,6.63,0.0
175.0,3550.0,3.0,1.0,0.0,22.0,0.0,12.0,458.46,1.0
176.0,3550.0,3.0,1.0,0.0,0.0,0.0,5.0,52.88,0.0
177.0,3550.0,3.0,1.0,0.0,0.0,0.0,5.0,27.72,0.0
178.0,3550.0,3.0,1.0,0.0,0.0,0.0,5.0,12.24,0.0
178.0,3550.0,3.0,1.0,0.0,31.0,0.0,9.0,0.41,1.0
179.0,3550.0,3.0,1.0,0.0,0.0,0.0,5.0,13.21,0.0
179.0,3550.0,3.0,1.0,0.0,38.0,0.0,19.0,308.82,1.0
36.0,3554.0,5.0,1.0,0.0,6.0,0.0,6.0,108.75,0.0
77.0,3554.0,5.0,1.0,0.0,3.0,0.0,7.0,118.6,0.0
94.0,3554.0,5.0,1.0,0.0,6.0,0.0,6.0,470.36,1.0
103.0,3554.0,5.0,1.0,0.0,12.0,0.0,13.0,45.69,0.0
107.0,3554.0,5.0,1.0,0.0,12.0,0.0,13.0,60.71,0.0
178.0,3554.0,5.0,1.0,0.0,1.0,0.0,5.0,13.98,0.0
179.0,3554.0,5.0,1.0,0.0,1.0,0.0,5.0,46.38,0.0
179.0,3554.0,5.0,1.0,0.0,10.0,0.0,11.0,538.97,1.0
69.0,3557.0,4.0,1.0,0.0,27.0,0.0,12.0,210.2,0.0
70.0,3557.0,4.0,1.0,0.0,0.0,0.0,5.0,79.18,0.0
71.0,3557.0,4.0,1.0,0.0,41.0,0.0,19.0,289.44,1.0
71.0,3557.0,4.0,1.0,0.0,0.0,0.0,5.0,28.97,0.0
72.0,3557.0,4.0,1.0,0.0,0.0,0.0,5.0,20.88,0.0
120.0,3557.0,4.0,1.0,0.0,0.0,0.0,5.0,7.71,0.0
121.0,3557.0,4.0,1.0,0.0,0.0,0.0,5.0,18.56,0.0
121.0,3557.0,4.0,1.0,0.0,31.0,0.0,9.0,461.22,1.0
122.0,3557.0,4.0,1.0,0.0,0.0,0.0,5.0,42.23,0.0
123.0,3557.0,4.0,1.0,0.0,0.0,0.0,5.0,23.26,0.0
152.0,3557.0,4.0,1.0,0.0,1.0,0.0,5.0,41.88,0.0
153.0,3557.0,4.0,1.0,0.0,1.0,0.0,5.0,54.99,0.0
154.0,3557.0,4.0,1.0,0.0,17.0,0.0,9.0,567.55,1.0
154.0,3557.0,4.0,1.0,0.0,1.0,0.0,5.0,38.38,0.0
155.0,3557.0,4.0,1.0,0.0,1.0,0.0,5.0,37.09,0.0
12.0,3558.0,0.0,1.0,0.0,16.0,0.0,16.0,79.82,1.0
16.0,3558.0,0.0,1.0,0.0,20.0,0.0,13.0,41.89,0.0
13.0,3558.0,0.0,1.0,0.0,22.0,0.0,12.0,87.5,1.0
26.0,3558.0,0.0,1.0,0.0,6.0,0.0,6.0,233.74,1.0
57.0,3558.0,0.0,1.0,0.0,22.0,0.0,12.0,90.13,0.0
67.0,3558.0,0.0,1.0,0.0,18.0,0.0,9.0,318.24,1.0
71.0,3558.0,0.0,1.0,0.0,20.0,0.0,13.0,36.8,0.0
76.0,3558.0,0.0,1.0,0.0,13.0,0.0,14.0,10.63,1.0
87.0,3558.0,0.0,1.0,0.0,22.0,0.0,12.0,68.0,0.0
87.0,3558.0,0.0,1.0,0.0,48.0,0.0,12.0,57.29,0.0
90.0,3558.0,0.0,1.0,0.0,22.0,0.0,12.0,141.84,1.0
91.0,3558.0,0.0,1.0,0.0,25.0,0.0,15.0,75.4,0.0
90.0,3558.0,0.0,1.0,0.0,22.0,0.0,12.0,257.62,1.0
101.0,3558.0,0.0,1.0,0.0,25.0,0.0,15.0,20.69,0.0
111.0,3558.0,0.0,1.0,0.0,22.0,0.0,12.0,15.72,1.0
112.0,3558.0,0.0,1.0,0.0,12.0,0.0,13.0,2.43,1.0
139.0,3558.0,0.0,1.0,0.0,12.0,0.0,13.0,38.75,0.0
129.0,3558.0,0.0,1.0,0.0,18.0,0.0,9.0,3.14,1.0
152.0,3558.0,0.0,1.0,0.0,22.0,0.0,12.0,109.18,1.0
156.0,3558.0,0.0,1.0,0.0,13.0,0.0,14.0,46.79,0.0
157.0,3558.0,0.0,1.0,0.0,0.0,0.0,5.0,19.71,0.0
168.0,3558.0,0.0,1.0,0.0,1.0,0.0,5.0,45.42,0.0
169.0,3558.0,0.0,1.0,0.0,1.0,0.0,5.0,53.25,0.0
169.0,3558.0,0.0,1.0,0.0,26.0,0.0,12.0,107.1,1.0
170.0,3558.0,0.0,1.0,0.0,1.0,0.0,5.0,10.49,0.0
170.0,3558.0,0.0,1.0,0.0,6.0,0.0,6.0,174.65,1.0
171.0,3558.0,0.0,1.0,0.0,1.0,0.0,5.0,1.14,0.0
178.0,3558.0,0.0,1.0,0.0,1.0,0.0,5.0,60.7,0.0
179.0,3558.0,0.0,1.0,0.0,1.0,0.0,5.0,24.75,0.0
179.0,3558.0,0.0,1.0,0.0,6.0,0.0,6.0,487.12,1.0
69.0,3560.0,2.0,0.0,0.0,1.0,0.0,5.0,54.12,0.0
70.0,3560.0,2.0,0.0,0.0,1.0,0.0,5.0,47.56,0.0
70.0,3560.0,2.0,0.0,0.0,6.0,0.0,6.0,610.86,1.0
71.0,3560.0,2.0,0.0,0.0,1.0,0.0,5.0,58.07,0.0
72.0,3560.0,2.0,0.0,0.0,1.0,0.0,5.0,28.7,0.0
102.0,3560.0,2.0,0.0,0.0,1.0,0.0,5.0,12.82,0.0
103.0,3560.0,2.0,0.0,0.0,1.0,0.0,5.0,85.0,0.0
104.0,3560.0,2.0,0.0,0.0,35.0,0.0,18.0,4005.96,1.0
104.0,3560.0,2.0,0.0,0.0,1.0,0.0,5.0,34.2,0.0
105.0,3560.0,2.0,0.0,0.0,1.0,0.0,5.0,0.98,0.0
15.0,3566.0,2.0,0.0,0.0,3.0,0.0,7.0,139.82,0.0
32.0,3566.0,2.0,0.0,0.0,11.0,0.0,12.0,118.22,0.0
36.0,3566.0,2.0,0.0,0.0,6.0,0.0,6.0,1197.16,1.0
41.0,3566.0,2.0,0.0,0.0,13.0,0.0,14.0,4.84,0.0
42.0,3566.0,2.0,0.0,0.0,0.0,0.0,5.0,6.49,0.0
118.0,3566.0,2.0,0.0,0.0,44.0,0.0,13.0,54.49,0.0
119.0,3566.0,2.0,0.0,0.0,0.0,0.0,5.0,27.59,0.0
120.0,3566.0,2.0,0.0,0.0,35.0,0.0,18.0,3422.96,1.0
120.0,3566.0,2.0,0.0,0.0,0.0,0.0,5.0,15.47,0.0
120.0,3566.0,2.0,0.0,0.0,15.0,0.0,13.0,24.8,1.0
121.0,3566.0,2.0,0.0,0.0,0.0,0.0,5.0,35.55,0.0
158.0,3567.0,1.0,0.0,0.0,0.0,0.0,5.0,15.53,0.0
159.0,3567.0,1.0,0.0,0.0,0.0,0.0,5.0,31.52,0.0
160.0,3567.0,1.0,0.0,0.0,3.0,0.0,7.0,660.17,1.0
162.0,3567.0,1.0,0.0,0.0,0.0,0.0,5.0,13.08,0.0
163.0,3567.0,1.0,0.0,0.0,0.0,0.0,5.0,22.1,0.0
137.0,3569.0,2.0,1.0,0.0,20.0,0.0,13.0,10.87,0.0
151.0,3569.0,2.0,1.0,0.0,25.0,0.0,15.0,79.37,0.0
159.0,3569.0,2.0,1.0,0.0,35.0,0.0,18.0,1446.87,1.0
47.0,3570.0,0.0,1.0,0.0,12.0,0.0,13.0,12.8,0.0
47.0,3570.0,0.0,1.0,0.0,21.0,0.0,13.0,45.37,0.0
49.0,3570.0,0.0,1.0,0.0,6.0,0.0,6.0,49.48,1.0
61.0,3570.0,0.0,1.0,0.0,6.0,0.0,6.0,133.14,0.0
61.0,3570.0,0.0,1.0,0.0,4.0,0.0,6.0,43.97,0.0
79.0,3570.0,0.0,1.0,0.0,0.0,0.0,5.0,52.28,0.0
80.0,3570.0,0.0,1.0,0.0,0.0,0.0,5.0,12.3,0.0
80.0,3570.0,0.0,1.0,0.0,16.0,0.0,16.0,1.17,1.0
82.0,3570.0,0.0,1.0,0.0,0.0,0.0,5.0,1.46,0.0
84.0,3570.0,0.0,1.0,0.0,0.0,0.0,5.0,3.75,0.0
115.0,3570.0,0.0,1.0,0.0,1.0,0.0,5.0,41.68,0.0
116.0,3570.0,0.0,1.0,0.0,1.0,0.0,5.0,36.5,0.0
116.0,3570.0,0.0,1.0,0.0,6.0,0.0,6.0,140.58,1.0
117.0,3570.0,0.0,1.0,0.0,1.0,0.0,5.0,45.38,0.0
118.0,3570.0,0.0,1.0,0.0,1.0,0.0,5.0,11.23,0.0
119.0,3570.0,0.0,1.0,0.0,1.0,0.0,5.0,88.12,0.0
119.0,3570.0,0.0,1.0,0.0,10.0,0.0,11.0,1024.36,1.0
120.0,3570.0,0.0,1.0,0.0,1.0,0.0,5.0,35.4,0.0
121.0,3570.0,0.0,1.0,0.0,5.0,0.0,8.0,50.17,0.0
13.0,3572.0,1.0,1.0,0.0,6.0,0.0,6.0,91.87,1.0
15.0,3572.0,1.0,1.0,0.0,22.0,0.0,12.0,260.51,1.0
16.0,3572.0,1.0,1.0,0.0,26.0,0.0,12.0,321.61,1.0
17.0,3572.0,1.0,1.0,0.0,6.0,0.0,6.0,165.83,1.0
17.0,3572.0,1.0,1.0,0.0,6.0,0.0,6.0,7.59,1.0
19.0,3572.0,1.0,1.0,0.0,6.0,0.0,6.0,442.88,1.0
19.0,3572.0,1.0,1.0,0.0,22.0,0.0,12.0,343.63,1.0
20.0,3572.0,1.0,1.0,0.0,22.0,0.0,12.0,145.36,1.0
20.0,3572.0,1.0,1.0,0.0,35.0,0.0,18.0,751.43,1.0
21.0,3572.0,1.0,1.0,0.0,6.0,0.0,6.0,108.63,1.0
21.0,3572.0,1.0,1.0,0.0,19.0,0.0,9.0,645.68,1.0
21.0,3572.0,1.0,1.0,0.0,19.0,0.0,9.0,768.02,1.0
21.0,3572.0,1.0,1.0,0.0,22.0,0.0,12.0,282.52,1.0
22.0,3572.0,1.0,1.0,0.0,35.0,0.0,18.0,1268.7,1.0
23.0,3572.0,1.0,1.0,0.0,6.0,0.0,6.0,332.1,1.0
27.0,3572.0,1.0,1.0,0.0,20.0,0.0,13.0,133.54,1.0
30.0,3572.0,1.0,1.0,0.0,44.0,0.0,13.0,117.74,1.0
31.0,3572.0,1.0,1.0,0.0,11.0,0.0,12.0,33.62,1.0
36.0,3572.0,1.0,1.0,0.0,6.0,0.0,6.0,1032.72,1.0
37.0,3572.0,1.0,1.0,0.0,27.0,0.0,12.0,187.59,1.0
38.0,3572.0,1.0,1.0,0.0,6.0,0.0,6.0,239.43,1.0
39.0,3572.0,1.0,1.0,0.0,6.0,0.0,6.0,785.08,1.0
40.0,3572.0,1.0,1.0,0.0,6.0,0.0,6.0,902.89,1.0
41.0,3572.0,1.0,1.0,0.0,31.0,0.0,9.0,434.5,1.0
41.0,3572.0,1.0,1.0,0.0,27.0,0.0,12.0,482.97,1.0
43.0,3572.0,1.0,1.0,0.0,3.0,0.0,7.0,360.74,1.0
44.0,3572.0,1.0,1.0,0.0,6.0,0.0,6.0,1167.2,1.0
44.0,3572.0,1.0,1.0,0.0,22.0,0.0,12.0,288.04,1.0
45.0,3572.0,1.0,1.0,0.0,6.0,0.0,6.0,5.52,1.0
47.0,3572.0,1.0,1.0,0.0,6.0,0.0,6.0,451.19,1.0
47.0,3572.0,1.0,1.0,0.0,22.0,0.0,12.0,175.02,1.0
47.0,3572.0,1.0,1.0,0.0,22.0,0.0,12.0,312.03,1.0
48.0,3572.0,1.0,1.0,0.0,18.0,0.0,9.0,939.87,1.0
50.0,3572.0,1.0,1.0,0.0,12.0,0.0,13.0,91.98,0.0
50.0,3572.0,1.0,1.0,0.0,16.0,0.0,16.0,499.19,1.0
51.0,3572.0,1.0,1.0,0.0,6.0,0.0,6.0,172.86,1.0
52.0,3572.0,1.0,1.0,0.0,10.0,0.0,11.0,373.54,1.0
52.0,3572.0,1.0,1.0,0.0,17.0,0.0,9.0,518.76,1.0
53.0,3572.0,1.0,1.0,0.0,6.0,0.0,6.0,308.34,1.0
54.0,3572.0,1.0,1.0,0.0,13.0,0.0,14.0,45.8,1.0
54.0,3572.0,1.0,1.0,0.0,6.0,0.0,6.0,63.63,1.0
55.0,3572.0,1.0,1.0,0.0,6.0,0.0,6.0,146.51,0.0
54.0,3572.0,1.0,1.0,0.0,6.0,0.0,6.0,732.18,1.0
57.0,3572.0,1.0,1.0,0.0,22.0,0.0,12.0,845.68,1.0
57.0,3572.0,1.0,1.0,0.0,19.0,0.0,9.0,553.6,1.0
60.0,3572.0,1.0,1.0,0.0,6.0,0.0,6.0,180.4,1.0
63.0,3572.0,1.0,1.0,0.0,22.0,0.0,12.0,1069.43,1.0
65.0,3572.0,1.0,1.0,0.0,22.0,0.0,12.0,457.76,1.0
68.0,3572.0,1.0,1.0,0.0,10.0,0.0,11.0,262.61,1.0
71.0,3572.0,1.0,1.0,0.0,6.0,0.0,6.0,227.43,1.0
71.0,3572.0,1.0,1.0,0.0,41.0,0.0,19.0,262.3,1.0
72.0,3572.0,1.0,1.0,0.0,17.0,0.0,9.0,612.92,1.0
73.0,3572.0,1.0,1.0,0.0,41.0,0.0,19.0,210.95,1.0
87.0,3572.0,1.0,1.0,0.0,22.0,0.0,12.0,64.72,1.0
88.0,3572.0,1.0,1.0,0.0,3.0,0.0,7.0,296.4,1.0
91.0,3572.0,1.0,1.0,0.0,6.0,0.0,6.0,108.83,1.0
94.0,3572.0,1.0,1.0,0.0,17.0,0.0,9.0,243.98,1.0
95.0,3572.0,1.0,1.0,0.0,6.0,0.0,6.0,753.48,1.0
97.0,3572.0,1.0,1.0,0.0,22.0,0.0,12.0,650.04,1.0
102.0,3572.0,1.0,1.0,0.0,38.0,0.0,19.0,364.9,1.0
103.0,3572.0,1.0,1.0,0.0,12.0,0.0,13.0,72.64,0.0
102.0,3572.0,1.0,1.0,0.0,22.0,0.0,12.0,226.36,1.0
103.0,3572.0,1.0,1.0,0.0,20.0,0.0,13.0,147.34,0.0
104.0,3572.0,1.0,1.0,0.0,22.0,0.0,12.0,452.75,1.0
105.0,3572.0,1.0,1.0,0.0,6.0,0.0,6.0,34.06,1.0
106.0,3572.0,1.0,1.0,0.0,6.0,0.0,6.0,520.52,1.0
110.0,3572.0,1.0,1.0,0.0,30.0,0.0,16.0,88.69,0.0
108.0,3572.0,1.0,1.0,0.0,6.0,0.0,6.0,217.5,1.0
114.0,3572.0,1.0,1.0,0.0,15.0,0.0,13.0,216.44,1.0
116.0,3572.0,1.0,1.0,0.0,22.0,0.0,12.0,63.8,0.0
129.0,3572.0,1.0,1.0,0.0,22.0,0.0,12.0,300.22,1.0
131.0,3572.0,1.0,1.0,0.0,20.0,0.0,13.0,66.63,1.0
134.0,3572.0,1.0,1.0,0.0,25.0,0.0,15.0,9.76,0.0
132.0,3572.0,1.0,1.0,0.0,38.0,0.0,19.0,367.57,1.0
134.0,3572.0,1.0,1.0,0.0,45.0,0.0,18.0,2261.67,1.0
136.0,3572.0,1.0,1.0,0.0,22.0,0.0,12.0,102.17,1.0
144.0,3572.0,1.0,1.0,0.0,25.0,0.0,15.0,70.04,0.0
141.0,3572.0,1.0,1.0,0.0,35.0,0.0,18.0,1963.11,1.0
145.0,3572.0,1.0,1.0,0.0,6.0,0.0,6.0,197.95,0.0
145.0,3572.0,1.0,1.0,0.0,7.0,0.0,6.0,191.91,0.0
147.0,3572.0,1.0,1.0,0.0,18.0,0.0,9.0,193.83,1.0
148.0,3572.0,1.0,1.0,0.0,12.0,0.0,13.0,37.58,1.0
148.0,3572.0,1.0,1.0,0.0,25.0,0.0,15.0,224.04,1.0
153.0,3572.0,1.0,1.0,0.0,6.0,0.0,6.0,173.02,1.0
155.0,3572.0,1.0,1.0,0.0,15.0,0.0,13.0,397.08,1.0
166.0,3572.0,1.0,1.0,0.0,35.0,0.0,18.0,1530.11,1.0
168.0,3572.0,1.0,1.0,0.0,7.0,0.0,6.0,37.14,0.0
167.0,3572.0,1.0,1.0,0.0,6.0,0.0,6.0,902.56,1.0
168.0,3572.0,1.0,1.0,0.0,2.0,0.0,6.0,72.22,0.0
179.0,3572.0,1.0,1.0,0.0,6.0,0.0,6.0,466.35,1.0
179.0,3572.0,1.0,1.0,0.0,35.0,0.0,18.0,3631.6,1.0
96.0,3573.0,4.0,1.0,0.0,0.0,0.0,5.0,47.39,0.0
97.0,3573.0,4.0,1.0,0.0,0.0,0.0,5.0,23.39,0.0
98.0,3573.0,4.0,1.0,0.0,17.0,0.0,9.0,269.25,1.0
98.0,3573.0,4.0,1.0,0.0,0.0,0.0,5.0,36.19,0.0
99.0,3573.0,4.0,1.0,0.0,0.0,0.0,5.0,5.37,0.0
105.0,3573.0,4.0,1.0,0.0,15.0,0.0,13.0,118.21,0.0
106.0,3573.0,4.0,1.0,0.0,20.0,0.0,13.0,95.89,0.0
110.0,3573.0,4.0,1.0,0.0,25.0,0.0,15.0,27.66,1.0
131.0,3573.0,4.0,1.0,0.0,9.0,0.0,10.0,12.95,0.0
132.0,3573.0,4.0,1.0,0.0,0.0,0.0,5.0,1.37,0.0
13.0,3575.0,1.0,1.0,0.0,22.0,0.0,12.0,413.74,1.0
26.0,3575.0,1.0,1.0,0.0,6.0,0.0,6.0,11.52,0.0
51.0,3575.0,1.0,1.0,0.0,12.0,0.0,13.0,19.36,0.0
52.0,3575.0,1.0,1.0,0.0,12.0,0.0,13.0,152.75,0.0
52.0,3575.0,1.0,1.0,0.0,20.0,0.0,13.0,21.29,0.0
60.0,3575.0,1.0,1.0,0.0,9.0,0.0,10.0,164.94,1.0
65.0,3575.0,1.0,1.0,0.0,13.0,0.0,14.0,49.37,0.0
66.0,3575.0,1.0,1.0,0.0,0.0,0.0,5.0,12.76,0.0
161.0,3575.0,1.0,1.0,0.0,1.0,0.0,5.0,25.19,0.0
163.0,3575.0,1.0,1.0,0.0,1.0,0.0,5.0,20.87,0.0
165.0,3575.0,1.0,1.0,0.0,22.0,0.0,12.0,269.83,1.0
165.0,3575.0,1.0,1.0,0.0,1.0,0.0,5.0,51.29,0.0
166.0,3575.0,1.0,1.0,0.0,1.0,0.0,5.0,33.7,0.0
13.0,3576.0,2.0,1.0,0.0,22.0,0.0,12.0,27.38,0.0
18.0,3576.0,2.0,1.0,0.0,30.0,0.0,16.0,133.3,0.0
21.0,3576.0,2.0,1.0,0.0,6.0,0.0,6.0,249.43,1.0
31.0,3576.0,2.0,1.0,0.0,20.0,0.0,13.0,41.82,0.0
32.0,3576.0,2.0,1.0,0.0,41.0,0.0,19.0,390.66,1.0
35.0,3576.0,2.0,1.0,0.0,26.0,0.0,12.0,56.11,1.0
40.0,3576.0,2.0,1.0,0.0,22.0,0.0,12.0,794.27,1.0
54.0,3576.0,2.0,1.0,0.0,13.0,0.0,14.0,39.18,0.0
44.0,3576.0,2.0,1.0,0.0,16.0,0.0,16.0,373.51,1.0
55.0,3576.0,2.0,1.0,0.0,0.0,0.0,5.0,39.76,0.0
109.0,3576.0,2.0,1.0,0.0,0.0,0.0,5.0,42.64,0.0
110.0,3576.0,2.0,1.0,0.0,0.0,0.0,5.0,39.94,0.0
111.0,3576.0,2.0,1.0,0.0,16.0,0.0,16.0,411.82,1.0
113.0,3576.0,2.0,1.0,0.0,0.0,0.0,5.0,21.76,0.0
114.0,3576.0,2.0,1.0,0.0,0.0,0.0,5.0,38.46,0.0
115.0,3576.0,2.0,1.0,0.0,38.0,0.0,19.0,343.62,1.0
115.0,3576.0,2.0,1.0,0.0,0.0,0.0,5.0,4.46,0.0
116.0,3576.0,2.0,1.0,0.0,0.0,0.0,5.0,49.39,0.0
139.0,3576.0,2.0,1.0,0.0,0.0,0.0,5.0,0.99,0.0
140.0,3576.0,2.0,1.0,0.0,0.0,0.0,5.0,40.15,0.0
140.0,3576.0,2.0,1.0,0.0,6.0,0.0,6.0,361.95,1.0
141.0,3576.0,2.0,1.0,0.0,0.0,0.0,5.0,65.9,0.0
142.0,3576.0,2.0,1.0,0.0,0.0,0.0,5.0,35.15,0.0
115.0,3577.0,0.0,0.0,0.0,1.0,0.0,5.0,31.41,0.0
116.0,3577.0,0.0,0.0,0.0,1.0,0.0,5.0,1.98,0.0
116.0,3577.0,0.0,0.0,0.0,6.0,0.0,6.0,477.2,1.0
117.0,3577.0,0.0,0.0,0.0,1.0,0.0,5.0,16.99,0.0
118.0,3577.0,0.0,0.0,0.0,1.0,0.0,5.0,20.09,0.0
118.0,3577.0,0.0,0.0,0.0,6.0,0.0,6.0,1018.29,1.0
119.0,3577.0,0.0,0.0,0.0,1.0,0.0,5.0,22.09,0.0
120.0,3577.0,0.0,0.0,0.0,1.0,0.0,5.0,47.62,0.0
25.0,3581.0,1.0,0.0,0.0,12.0,0.0,13.0,93.79,0.0
34.0,3581.0,1.0,0.0,0.0,18.0,0.0,9.0,118.94,0.0
81.0,3581.0,1.0,0.0,0.0,22.0,0.0,12.0,156.57,1.0
102.0,3581.0,1.0,0.0,0.0,25.0,0.0,15.0,12.69,0.0
85.0,3581.0,1.0,0.0,0.0,6.0,0.0,6.0,492.56,1.0
105.0,3581.0,1.0,0.0,0.0,20.0,0.0,13.0,110.18,1.0
141.0,3581.0,1.0,0.0,0.0,25.0,0.0,15.0,127.37,0.0
146.0,3581.0,1.0,0.0,0.0,6.0,0.0,6.0,219.88,1.0
158.0,3581.0,1.0,0.0,0.0,12.0,0.0,13.0,27.77,0.0
158.0,3581.0,1.0,0.0,0.0,20.0,0.0,13.0,63.8,0.0
13.0,3582.0,0.0,0.0,0.0,13.0,0.0,14.0,191.17,1.0
17.0,3582.0,0.0,0.0,0.0,9.0,0.0,10.0,10.43,0.0
18.0,3582.0,0.0,0.0,0.0,0.0,0.0,5.0,26.7,0.0
26.0,3582.0,0.0,0.0,0.0,0.0,0.0,5.0,43.76,0.0
27.0,3582.0,0.0,0.0,0.0,13.0,0.0,14.0,86.99,0.0
28.0,3582.0,0.0,0.0,0.0,6.0,0.0,6.0,241.7,1.0
28.0,3582.0,0.0,0.0,0.0,0.0,0.0,5.0,45.76,0.0
29.0,3582.0,0.0,0.0,0.0,0.0,0.0,5.0,12.54,0.0
30.0,3582.0,0.0,0.0,0.0,9.0,0.0,10.0,62.45,0.0
30.0,3582.0,0.0,0.0,0.0,6.0,0.0,6.0,559.56,1.0
31.0,3582.0,0.0,0.0,0.0,0.0,0.0,5.0,4.52,0.0
32.0,3582.0,0.0,0.0,0.0,0.0,0.0,5.0,42.43,0.0
58.0,3582.0,0.0,0.0,0.0,0.0,0.0,5.0,36.87,0.0
59.0,3582.0,0.0,0.0,0.0,0.0,0.0,5.0,52.34,0.0
60.0,3582.0,0.0,0.0,0.0,18.0,0.0,9.0,383.12,1.0
60.0,3582.0,0.0,0.0,0.0,0.0,0.0,5.0,27.84,0.0
61.0,3582.0,0.0,0.0,0.0,0.0,0.0,5.0,6.45,0.0
13.0,3583.0,0.0,0.0,0.0,6.0,0.0,6.0,25.84,0.0
34.0,3583.0,0.0,0.0,0.0,25.0,0.0,15.0,109.84,0.0
86.0,3583.0,0.0,0.0,0.0,22.0,0.0,12.0,350.71,1.0
87.0,3583.0,0.0,0.0,0.0,6.0,0.0,6.0,215.62,0.0
87.0,3583.0,0.0,0.0,0.0,7.0,0.0,6.0,119.54,0.0
135.0,3583.0,0.0,0.0,0.0,7.0,0.0,6.0,37.77,0.0
135.0,3583.0,0.0,0.0,0.0,2.0,0.0,6.0,194.37,0.0
138.0,3583.0,0.0,0.0,0.0,25.0,0.0,15.0,131.14,1.0
144.0,3583.0,0.0,0.0,0.0,6.0,0.0,6.0,236.19,0.0
144.0,3583.0,0.0,0.0,0.0,7.0,0.0,6.0,180.91,0.0
144.0,3583.0,0.0,0.0,0.0,2.0,0.0,6.0,111.55,0.0
168.0,3583.0,0.0,0.0,0.0,31.0,0.0,9.0,795.3,1.0
13.0,3587.0,1.0,0.0,0.0,20.0,0.0,13.0,223.42,1.0
27.0,3587.0,1.0,0.0,0.0,25.0,0.0,15.0,24.66,0.0
38.0,3587.0,1.0,0.0,0.0,38.0,0.0,19.0,417.68,1.0
58.0,3587.0,1.0,0.0,0.0,6.0,0.0,6.0,15.74,0.0
64.0,3587.0,1.0,0.0,0.0,12.0,0.0,13.0,34.3,0.0
81.0,3587.0,1.0,0.0,0.0,0.0,0.0,5.0,18.98,0.0
82.0,3587.0,1.0,0.0,0.0,0.0,0.0,5.0,85.3,0.0
83.0,3587.0,1.0,0.0,0.0,10.0,0.0,11.0,213.38,1.0
83.0,3587.0,1.0,0.0,0.0,0.0,0.0,5.0,25.14,0.0
84.0,3587.0,1.0,0.0,0.0,0.0,0.0,5.0,21.3,0.0
79.0,3588.0,4.0,1.0,0.0,2.0,0.0,6.0,153.61,0.0
125.0,3588.0,4.0,1.0,0.0,12.0,0.0,13.0,72.07,0.0
138.0,3588.0,4.0,1.0,0.0,22.0,0.0,12.0,216.45,1.0
142.0,3588.0,4.0,1.0,0.0,25.0,0.0,15.0,130.71,0.0
90.0,3589.0,1.0,0.0,0.0,7.0,0.0,6.0,243.25,0.0
90.0,3589.0,1.0,0.0,0.0,2.0,0.0,6.0,22.31,0.0
105.0,3589.0,1.0,0.0,0.0,10.0,0.0,11.0,547.66,1.0
113.0,3589.0,1.0,0.0,0.0,30.0,0.0,16.0,115.78,0.0
114.0,3589.0,1.0,0.0,0.0,13.0,0.0,14.0,20.46,0.0
128.0,3589.0,1.0,0.0,0.0,13.0,0.0,14.0,4.78,0.0
129.0,3589.0,1.0,0.0,0.0,0.0,0.0,5.0,0.4,0.0
130.0,3589.0,1.0,0.0,0.0,22.0,0.0,12.0,358.37,1.0
130.0,3589.0,1.0,0.0,0.0,0.0,0.0,5.0,1.6,0.0
131.0,3589.0,1.0,0.0,0.0,0.0,0.0,5.0,24.76,0.0
32.0,3590.0,1.0,0.0,0.0,0.0,0.0,5.0,34.52,0.0
33.0,3590.0,1.0,0.0,0.0,0.0,0.0,5.0,27.91,0.0
33.0,3590.0,1.0,0.0,0.0,35.0,0.0,18.0,2502.26,1.0
34.0,3590.0,1.0,0.0,0.0,0.0,0.0,5.0,1.17,0.0
35.0,3590.0,1.0,0.0,0.0,0.0,0.0,5.0,19.34,0.0
39.0,3590.0,1.0,0.0,0.0,0.0,0.0,5.0,17.84,0.0
41.0,3590.0,1.0,0.0,0.0,36.0,0.0,15.0,1.53,0.0
42.0,3590.0,1.0,0.0,0.0,9.0,0.0,10.0,294.82,1.0
42.0,3590.0,1.0,0.0,0.0,0.0,0.0,5.0,88.54,0.0
42.0,3590.0,1.0,0.0,0.0,1.0,0.0,5.0,14.96,0.0
43.0,3590.0,1.0,0.0,0.0,1.0,0.0,5.0,28.76,0.0
44.0,3590.0,1.0,0.0,0.0,10.0,0.0,11.0,202.54,1.0
44.0,3590.0,1.0,0.0,0.0,1.0,0.0,5.0,37.21,0.0
45.0,3590.0,1.0,0.0,0.0,1.0,0.0,5.0,21.48,0.0
75.0,3590.0,1.0,0.0,0.0,1.0,0.0,5.0,61.74,0.0
76.0,3590.0,1.0,0.0,0.0,1.0,0.0,5.0,3.94,0.0
76.0,3590.0,1.0,0.0,0.0,19.0,0.0,9.0,68.34,1.0
77.0,3590.0,1.0,0.0,0.0,1.0,0.0,5.0,55.24,0.0
78.0,3590.0,1.0,0.0,0.0,1.0,0.0,5.0,9.51,0.0
90.0,3590.0,1.0,0.0,0.0,1.0,0.0,5.0,30.95,0.0
91.0,3590.0,1.0,0.0,0.0,1.0,0.0,5.0,46.12,0.0
92.0,3590.0,1.0,0.0,0.0,22.0,0.0,12.0,631.94,1.0
92.0,3590.0,1.0,0.0,0.0,1.0,0.0,5.0,48.92,0.0
93.0,3590.0,1.0,0.0,0.0,5.0,0.0,8.0,21.62,0.0
147.0,3590.0,1.0,0.0,0.0,0.0,0.0,5.0,10.58,0.0
148.0,3590.0,1.0,0.0,0.0,0.0,0.0,5.0,35.14,0.0
149.0,3590.0,1.0,0.0,0.0,13.0,0.0,14.0,190.55,1.0
149.0,3590.0,1.0,0.0,0.0,13.0,0.0,14.0,20.42,0.0
150.0,3590.0,1.0,0.0,0.0,0.0,0.0,5.0,17.59,0.0
73.0,3592.0,1.0,1.0,0.0,6.0,0.0,6.0,101.82,0.0
73.0,3592.0,1.0,1.0,0.0,2.0,0.0,6.0,222.99,0.0
105.0,3592.0,1.0,1.0,0.0,35.0,0.0,18.0,4490.54,1.0
134.0,3592.0,1.0,1.0,0.0,22.0,0.0,12.0,124.94,0.0
152.0,3592.0,1.0,1.0,0.0,20.0,0.0,13.0,186.5,0.0
13.0,3594.0,0.0,0.0,0.0,18.0,0.0,9.0,336.25,1.0
26.0,3594.0,0.0,0.0,0.0,20.0,0.0,13.0,23.62,0.0
27.0,3594.0,0.0,0.0,0.0,9.0,0.0,10.0,24.05,0.0
71.0,3594.0,0.0,0.0,0.0,0.0,0.0,5.0,1.57,0.0
72.0,3594.0,0.0,0.0,0.0,0.0,0.0,5.0,12.08,0.0
73.0,3594.0,0.0,0.0,0.0,6.0,0.0,6.0,286.21,1.0
73.0,3594.0,0.0,0.0,0.0,0.0,0.0,5.0,46.64,0.0
74.0,3594.0,0.0,0.0,0.0,0.0,0.0,5.0,17.77,0.0
120.0,3594.0,0.0,0.0,0.0,5.0,0.0,8.0,11.68,0.0
121.0,3594.0,0.0,0.0,0.0,1.0,0.0,5.0,17.91,0.0
122.0,3594.0,0.0,0.0,0.0,35.0,0.0,18.0,1945.45,1.0
122.0,3594.0,0.0,0.0,0.0,1.0,0.0,5.0,65.7,0.0
123.0,3594.0,0.0,0.0,0.0,1.0,0.0,5.0,45.28,0.0
135.0,3594.0,0.0,0.0,0.0,1.0,0.0,5.0,14.21,0.0
136.0,3594.0,0.0,0.0,0.0,1.0,0.0,5.0,17.45,0.0
137.0,3594.0,0.0,0.0,0.0,35.0,0.0,18.0,5244.58,1.0
137.0,3594.0,0.0,0.0,0.0,1.0,0.0,5.0,6.35,0.0
138.0,3594.0,0.0,0.0,0.0,1.0,0.0,5.0,50.88,0.0
159.0,3595.0,2.0,1.0,0.0,1.0,0.0,5.0,69.71,0.0
160.0,3595.0,2.0,1.0,0.0,1.0,0.0,5.0,17.3,0.0
161.0,3595.0,2.0,1.0,0.0,6.0,0.0,6.0,889.8,1.0
161.0,3595.0,2.0,1.0,0.0,1.0,0.0,5.0,33.98,0.0
162.0,3595.0,2.0,1.0,0.0,1.0,0.0,5.0,69.43,0.0
163.0,3595.0,2.0,1.0,0.0,1.0,0.0,5.0,25.87,0.0
163.0,3595.0,2.0,1.0,0.0,6.0,0.0,6.0,662.81,1.0
164.0,3595.0,2.0,1.0,0.0,1.0,0.0,5.0,18.05,0.0
165.0,3595.0,2.0,1.0,0.0,1.0,0.0,5.0,16.83,0.0
13.0,3599.0,0.0,0.0,0.0,22.0,0.0,12.0,364.07,1.0
27.0,3599.0,0.0,0.0,0.0,3.0,0.0,7.0,71.34,0.0
34.0,3599.0,0.0,0.0,0.0,13.0,0.0,14.0,58.39,0.0
37.0,3599.0,0.0,0.0,0.0,0.0,0.0,5.0,13.8,0.0
39.0,3599.0,0.0,0.0,0.0,0.0,0.0,5.0,57.87,0.0
39.0,3599.0,0.0,0.0,0.0,22.0,0.0,12.0,212.29,1.0
40.0,3599.0,0.0,0.0,0.0,0.0,0.0,5.0,25.11,0.0
41.0,3599.0,0.0,0.0,0.0,0.0,0.0,5.0,37.18,0.0
61.0,3599.0,0.0,0.0,0.0,0.0,0.0,5.0,12.83,0.0
63.0,3599.0,0.0,0.0,0.0,0.0,0.0,5.0,29.11,0.0
64.0,3599.0,0.0,0.0,0.0,22.0,0.0,12.0,508.81,1.0
64.0,3599.0,0.0,0.0,0.0,13.0,0.0,14.0,40.65,0.0
65.0,3599.0,0.0,0.0,0.0,0.0,0.0,5.0,22.46,0.0
146.0,3599.0,0.0,0.0,0.0,1.0,0.0,5.0,24.2,0.0
147.0,3599.0,0.0,0.0,0.0,1.0,0.0,5.0,67.15,0.0
147.0,3599.0,0.0,0.0,0.0,16.0,0.0,16.0,1449.53,1.0
149.0,3599.0,0.0,0.0,0.0,1.0,0.0,5.0,45.18,0.0
150.0,3599.0,0.0,0.0,0.0,1.0,0.0,5.0,5.9,0.0
38.0,3600.0,1.0,1.0,0.0,20.0,0.0,13.0,41.6,0.0
38.0,3600.0,1.0,1.0,0.0,21.0,0.0,13.0,111.18,0.0
44.0,3600.0,1.0,1.0,0.0,6.0,0.0,6.0,87.27,1.0
45.0,3600.0,1.0,1.0,0.0,13.0,0.0,14.0,53.89,0.0
46.0,3600.0,1.0,1.0,0.0,0.0,0.0,5.0,38.86,0.0
58.0,3600.0,1.0,1.0,0.0,0.0,0.0,5.0,11.79,0.0
59.0,3600.0,1.0,1.0,0.0,0.0,0.0,5.0,10.12,0.0
59.0,3600.0,1.0,1.0,0.0,17.0,0.0,9.0,170.17,1.0
62.0,3600.0,1.0,1.0,0.0,0.0,0.0,5.0,41.47,0.0
63.0,3600.0,1.0,1.0,0.0,0.0,0.0,5.0,32.36,0.0
73.0,3600.0,1.0,1.0,0.0,0.0,0.0,5.0,31.47,0.0
74.0,3600.0,1.0,1.0,0.0,0.0,0.0,5.0,7.17,0.0
75.0,3600.0,1.0,1.0,0.0,22.0,0.0,12.0,54.44,1.0
76.0,3600.0,1.0,1.0,0.0,0.0,0.0,5.0,11.06,0.0
76.0,3600.0,1.0,1.0,0.0,22.0,0.0,12.0,363.31,1.0
78.0,3600.0,1.0,1.0,0.0,0.0,0.0,5.0,4.97,0.0
108.0,3600.0,1.0,1.0,0.0,0.0,0.0,5.0,28.28,0.0
109.0,3600.0,1.0,1.0,0.0,0.0,0.0,5.0,31.52,0.0
109.0,3600.0,1.0,1.0,0.0,22.0,0.0,12.0,274.76,1.0
110.0,3600.0,1.0,1.0,0.0,0.0,0.0,5.0,58.74,0.0
112.0,3600.0,1.0,1.0,0.0,0.0,0.0,5.0,25.17,0.0
130.0,3600.0,1.0,1.0,0.0,0.0,0.0,5.0,73.41,0.0
130.0,3600.0,1.0,1.0,0.0,1.0,0.0,5.0,55.91,0.0
130.0,3600.0,1.0,1.0,0.0,17.0,0.0,9.0,185.85,1.0
131.0,3600.0,1.0,1.0,0.0,1.0,0.0,5.0,1.14,0.0
131.0,3600.0,1.0,1.0,0.0,31.0,0.0,9.0,1298.08,1.0
132.0,3600.0,1.0,1.0,0.0,1.0,0.0,5.0,52.95,0.0
133.0,3600.0,1.0,1.0,0.0,1.0,0.0,5.0,36.85,0.0
68.0,3603.0,4.0,0.0,0.0,0.0,0.0,5.0,80.01,0.0
69.0,3603.0,4.0,0.0,0.0,0.0,0.0,5.0,40.44,0.0
70.0,3603.0,4.0,0.0,0.0,6.0,0.0,6.0,278.99,1.0
70.0,3603.0,4.0,0.0,0.0,15.0,0.0,13.0,31.85,0.0
71.0,3603.0,4.0,0.0,0.0,0.0,0.0,5.0,4.72,0.0
172.0,3603.0,4.0,0.0,0.0,1.0,0.0,5.0,17.45,0.0
173.0,3603.0,4.0,0.0,0.0,1.0,0.0,5.0,40.4,0.0
173.0,3603.0,4.0,0.0,0.0,22.0,0.0,12.0,96.73,1.0
174.0,3603.0,4.0,0.0,0.0,1.0,0.0,5.0,47.82,0.0
175.0,3603.0,4.0,0.0,0.0,5.0,0.0,8.0,37.33,0.0
53.0,3605.0,0.0,0.0,0.0,0.0,0.0,5.0,52.59,0.0
54.0,3605.0,0.0,0.0,0.0,0.0,0.0,5.0,14.48,0.0
55.0,3605.0,0.0,0.0,0.0,22.0,0.0,12.0,115.16,1.0
55.0,3605.0,0.0,0.0,0.0,0.0,0.0,5.0,53.93,0.0
56.0,3605.0,0.0,0.0,0.0,0.0,0.0,5.0,30.86,0.0
84.0,3605.0,0.0,0.0,0.0,0.0,0.0,5.0,70.01,0.0
85.0,3605.0,0.0,0.0,0.0,0.0,0.0,5.0,38.32,0.0
86.0,3605.0,0.0,0.0,0.0,38.0,0.0,19.0,313.26,1.0
87.0,3605.0,0.0,0.0,0.0,0.0,0.0,5.0,74.78,0.0
86.0,3605.0,0.0,0.0,0.0,35.0,0.0,18.0,714.97,1.0
88.0,3605.0,0.0,0.0,0.0,0.0,0.0,5.0,60.78,0.0
19.0,3607.0,1.0,0.0,0.0,6.0,0.0,6.0,107.9,0.0
55.0,3607.0,1.0,0.0,0.0,25.0,0.0,15.0,138.4,0.0
96.0,3607.0,1.0,0.0,0.0,3.0,0.0,7.0,70.84,1.0
111.0,3607.0,1.0,0.0,0.0,6.0,0.0,6.0,906.96,1.0
125.0,3607.0,1.0,0.0,0.0,6.0,0.0,6.0,118.63,1.0
135.0,3607.0,1.0,0.0,0.0,22.0,0.0,12.0,116.07,1.0
136.0,3607.0,1.0,0.0,0.0,25.0,0.0,15.0,145.1,0.0
136.0,3607.0,1.0,0.0,0.0,6.0,0.0,6.0,695.01,1.0
137.0,3607.0,1.0,0.0,0.0,12.0,0.0,13.0,34.28,0.0
137.0,3607.0,1.0,0.0,0.0,20.0,0.0,13.0,36.86,0.0
138.0,3607.0,1.0,0.0,0.0,17.0,0.0,9.0,265.16,1.0
143.0,3607.0,1.0,0.0,0.0,9.0,0.0,10.0,57.58,0.0
142.0,3607.0,1.0,0.0,0.0,3.0,0.0,7.0,231.57,1.0
144.0,3607.0,1.0,0.0,0.0,0.0,0.0,5.0,20.65,0.0
146.0,3607.0,1.0,0.0,0.0,0.0,0.0,5.0,10.69,0.0
147.0,3607.0,1.0,0.0,0.0,0.0,0.0,5.0,28.53,0.0
147.0,3607.0,1.0,0.0,0.0,16.0,0.0,16.0,558.04,1.0
148.0,3607.0,1.0,0.0,0.0,13.0,0.0,14.0,23.18,0.0
148.0,3607.0,1.0,0.0,0.0,38.0,0.0,19.0,392.87,1.0
149.0,3607.0,1.0,0.0,0.0,0.0,0.0,5.0,19.04,0.0
150.0,3607.0,1.0,0.0,0.0,0.0,0.0,5.0,43.47,0.0
150.0,3607.0,1.0,0.0,0.0,22.0,0.0,12.0,1078.75,1.0
152.0,3607.0,1.0,0.0,0.0,0.0,0.0,5.0,36.37,0.0
153.0,3607.0,1.0,0.0,0.0,0.0,0.0,5.0,1.09,0.0
154.0,3607.0,1.0,0.0,0.0,22.0,0.0,12.0,5.49,1.0
154.0,3607.0,1.0,0.0,0.0,0.0,0.0,5.0,29.44,0.0
156.0,3607.0,1.0,0.0,0.0,0.0,0.0,5.0,6.51,0.0
159.0,3607.0,1.0,0.0,0.0,0.0,0.0,5.0,16.43,0.0
160.0,3607.0,1.0,0.0,0.0,0.0,0.0,5.0,92.89,0.0
161.0,3607.0,1.0,0.0,0.0,6.0,0.0,6.0,244.6,1.0
161.0,3607.0,1.0,0.0,0.0,0.0,0.0,5.0,29.91,0.0
161.0,3607.0,1.0,0.0,0.0,22.0,0.0,12.0,58.14,1.0
162.0,3607.0,1.0,0.0,0.0,0.0,0.0,5.0,20.87,0.0
163.0,3607.0,1.0,0.0,0.0,22.0,0.0,12.0,697.61,1.0
163.0,3607.0,1.0,0.0,0.0,15.0,0.0,13.0,38.54,0.0
165.0,3607.0,1.0,0.0,0.0,0.0,0.0,5.0,51.85,0.0
170.0,3607.0,1.0,0.0,0.0,15.0,0.0,13.0,28.58,0.0
170.0,3607.0,1.0,0.0,0.0,44.0,0.0,13.0,25.44,0.0
171.0,3607.0,1.0,0.0,0.0,17.0,0.0,9.0,834.32,1.0
171.0,3607.0,1.0,0.0,0.0,0.0,0.0,5.0,24.16,0.0
173.0,3607.0,1.0,0.0,0.0,6.0,0.0,6.0,66.31,1.0
173.0,3607.0,1.0,0.0,0.0,16.0,0.0,16.0,178.53,0.0
176.0,3607.0,1.0,0.0,0.0,0.0,0.0,5.0,12.03,0.0
176.0,3607.0,1.0,0.0,0.0,41.0,0.0,19.0,247.44,1.0
178.0,3607.0,1.0,0.0,0.0,0.0,0.0,5.0,40.45,0.0
179.0,3607.0,1.0,0.0,0.0,0.0,0.0,5.0,6.93,0.0
13.0,3608.0,2.0,1.0,0.0,12.0,0.0,13.0,173.83,0.0
13.0,3608.0,2.0,1.0,0.0,11.0,0.0,12.0,785.45,1.0
16.0,3608.0,2.0,1.0,0.0,3.0,0.0,7.0,23.14,0.0
37.0,3608.0,2.0,1.0,0.0,27.0,0.0,12.0,376.97,1.0
52.0,3608.0,2.0,1.0,0.0,13.0,0.0,14.0,44.87,0.0
53.0,3608.0,2.0,1.0,0.0,0.0,0.0,5.0,18.74,0.0
138.0,3608.0,2.0,1.0,0.0,0.0,0.0,5.0,21.72,0.0
139.0,3608.0,2.0,1.0,0.0,0.0,0.0,5.0,16.02,0.0
139.0,3608.0,2.0,1.0,0.0,20.0,0.0,13.0,168.48,1.0
140.0,3608.0,2.0,1.0,0.0,0.0,0.0,5.0,35.16,0.0
141.0,3608.0,2.0,1.0,0.0,0.0,0.0,5.0,23.14,0.0
13.0,3610.0,2.0,1.0,0.0,11.0,0.0,12.0,157.12,0.0
23.0,3610.0,2.0,1.0,0.0,9.0,0.0,10.0,49.66,1.0
49.0,3610.0,2.0,1.0,0.0,11.0,0.0,12.0,87.0,0.0
49.0,3610.0,2.0,1.0,0.0,26.0,0.0,12.0,44.6,0.0
72.0,3610.0,2.0,1.0,0.0,1.0,0.0,5.0,26.58,0.0
73.0,3610.0,2.0,1.0,0.0,1.0,0.0,5.0,77.13,0.0
74.0,3610.0,2.0,1.0,0.0,11.0,0.0,12.0,101.54,1.0
74.0,3610.0,2.0,1.0,0.0,1.0,0.0,5.0,45.9,0.0
75.0,3610.0,2.0,1.0,0.0,1.0,0.0,5.0,23.72,0.0
170.0,3612.0,4.0,0.0,0.0,0.0,0.0,5.0,56.79,0.0
171.0,3612.0,4.0,0.0,0.0,0.0,0.0,5.0,7.39,0.0
171.0,3612.0,4.0,0.0,0.0,12.0,0.0,13.0,303.92,1.0
172.0,3612.0,4.0,0.0,0.0,0.0,0.0,5.0,46.28,0.0
173.0,3612.0,4.0,0.0,0.0,0.0,0.0,5.0,17.54,0.0
14.0,3616.0,1.0,1.0,0.0,20.0,0.0,13.0,4.53,0.0
15.0,3616.0,1.0,1.0,0.0,12.0,0.0,13.0,99.7,0.0
18.0,3616.0,1.0,1.0,0.0,6.0,0.0,6.0,370.59,1.0
30.0,3616.0,1.0,1.0,0.0,12.0,0.0,13.0,9.94,0.0
30.0,3616.0,1.0,1.0,0.0,20.0,0.0,13.0,0.06,0.0
30.0,3616.0,1.0,1.0,0.0,21.0,0.0,13.0,4.23,0.0
33.0,3616.0,1.0,1.0,0.0,6.0,0.0,6.0,104.58,0.0
37.0,3616.0,1.0,1.0,0.0,13.0,0.0,14.0,390.99,1.0
47.0,3616.0,1.0,1.0,0.0,6.0,0.0,6.0,166.9,0.0
47.0,3616.0,1.0,1.0,0.0,2.0,0.0,6.0,181.62,0.0
55.0,3616.0,1.0,1.0,0.0,12.0,0.0,13.0,198.98,1.0
59.0,3616.0,1.0,1.0,0.0,25.0,0.0,15.0,31.08,0.0
60.0,3616.0,1.0,1.0,0.0,12.0,0.0,13.0,115.4,0.0
91.0,3616.0,1.0,1.0,0.0,0.0,0.0,5.0,24.47,0.0
93.0,3616.0,1.0,1.0,0.0,0.0,0.0,5.0,6.51,0.0
93.0,3616.0,1.0,1.0,0.0,41.0,0.0,19.0,374.24,1.0
94.0,3616.0,1.0,1.0,0.0,0.0,0.0,5.0,29.23,0.0
95.0,3616.0,1.0,1.0,0.0,0.0,0.0,5.0,19.39,0.0
160.0,3616.0,1.0,1.0,0.0,0.0,0.0,5.0,12.4,0.0
161.0,3616.0,1.0,1.0,0.0,0.0,0.0,5.0,29.23,0.0
162.0,3616.0,1.0,1.0,0.0,9.0,0.0,10.0,117.95,1.0
162.0,3616.0,1.0,1.0,0.0,0.0,0.0,5.0,4.79,0.0
163.0,3616.0,1.0,1.0,0.0,0.0,0.0,5.0,31.27,0.0
124.0,3617.0,2.0,1.0,0.0,16.0,0.0,16.0,107.3,0.0
126.0,3617.0,2.0,1.0,0.0,16.0,0.0,16.0,82.54,0.0
128.0,3617.0,2.0,1.0,0.0,22.0,0.0,12.0,33.79,1.0
129.0,3617.0,2.0,1.0,0.0,0.0,0.0,5.0,7.39,0.0
130.0,3617.0,2.0,1.0,0.0,0.0,0.0,5.0,2.23,0.0
149.0,3617.0,2.0,1.0,0.0,0.0,0.0,5.0,25.59,0.0
150.0,3617.0,2.0,1.0,0.0,0.0,0.0,5.0,29.9,0.0
151.0,3617.0,2.0,1.0,0.0,41.0,0.0,19.0,334.12,1.0
152.0,3617.0,2.0,1.0,0.0,0.0,0.0,5.0,29.6,0.0
153.0,3617.0,2.0,1.0,0.0,0.0,0.0,5.0,39.22,0.0
160.0,3617.0,2.0,1.0,0.0,9.0,0.0,10.0,20.82,0.0
161.0,3617.0,2.0,1.0,0.0,0.0,0.0,5.0,23.21,0.0
161.0,3617.0,2.0,1.0,0.0,22.0,0.0,12.0,171.17,1.0
162.0,3617.0,2.0,1.0,0.0,0.0,0.0,5.0,6.86,0.0
164.0,3617.0,2.0,1.0,0.0,0.0,0.0,5.0,12.13,0.0
14.0,3618.0,0.0,1.0,0.0,6.0,0.0,6.0,126.34,1.0
18.0,3618.0,0.0,1.0,0.0,22.0,0.0,12.0,154.36,1.0
24.0,3618.0,0.0,1.0,0.0,18.0,0.0,9.0,85.13,1.0
27.0,3618.0,0.0,1.0,0.0,0.0,0.0,5.0,22.83,0.0
26.0,3618.0,0.0,1.0,0.0,22.0,0.0,12.0,718.43,1.0
28.0,3618.0,0.0,1.0,0.0,0.0,0.0,5.0,9.42,0.0
80.0,3618.0,0.0,1.0,0.0,1.0,0.0,5.0,0.26,0.0
81.0,3618.0,0.0,1.0,0.0,5.0,0.0,8.0,10.62,0.0
82.0,3618.0,0.0,1.0,0.0,13.0,0.0,14.0,31.47,1.0
82.0,3618.0,0.0,1.0,0.0,1.0,0.0,5.0,32.08,0.0
83.0,3618.0,0.0,1.0,0.0,1.0,0.0,5.0,14.04,0.0
18.0,3620.0,2.0,1.0,0.0,6.0,0.0,6.0,69.58,0.0
58.0,3620.0,2.0,1.0,0.0,12.0,0.0,13.0,22.42,0.0
63.0,3620.0,2.0,1.0,0.0,25.0,0.0,15.0,188.22,1.0
75.0,3620.0,2.0,1.0,0.0,35.0,0.0,18.0,2220.77,1.0
86.0,3620.0,2.0,1.0,0.0,3.0,0.0,7.0,72.88,0.0
79.0,3620.0,2.0,1.0,0.0,22.0,0.0,12.0,480.55,1.0
88.0,3620.0,2.0,1.0,0.0,6.0,0.0,6.0,396.11,1.0
91.0,3620.0,2.0,1.0,0.0,12.0,0.0,13.0,90.26,0.0
91.0,3620.0,2.0,1.0,0.0,21.0,0.0,13.0,40.63,0.0
97.0,3620.0,2.0,1.0,0.0,35.0,0.0,18.0,1242.08,1.0
98.0,3620.0,2.0,1.0,0.0,13.0,0.0,14.0,15.8,0.0
99.0,3620.0,2.0,1.0,0.0,0.0,0.0,5.0,35.17,0.0
165.0,3620.0,2.0,1.0,0.0,1.0,0.0,5.0,37.95,0.0
166.0,3620.0,2.0,1.0,0.0,1.0,0.0,5.0,2.9,0.0
166.0,3620.0,2.0,1.0,0.0,22.0,0.0,12.0,46.16,1.0
168.0,3620.0,2.0,1.0,0.0,1.0,0.0,5.0,27.11,0.0
169.0,3620.0,2.0,1.0,0.0,1.0,0.0,5.0,1.92,0.0
93.0,3621.0,2.0,1.0,0.0,1.0,0.0,5.0,51.08,0.0
95.0,3621.0,2.0,1.0,0.0,1.0,0.0,5.0,44.11,0.0
96.0,3621.0,2.0,1.0,0.0,3.0,0.0,7.0,385.46,1.0
96.0,3621.0,2.0,1.0,0.0,28.0,0.0,13.0,46.47,0.0
97.0,3621.0,2.0,1.0,0.0,0.0,0.0,5.0,62.93,0.0
45.0,3624.0,1.0,0.0,0.0,12.0,0.0,13.0,54.41,0.0
45.0,3624.0,1.0,0.0,0.0,20.0,0.0,13.0,48.37,0.0
57.0,3624.0,1.0,0.0,0.0,22.0,0.0,12.0,179.14,1.0
60.0,3624.0,1.0,0.0,0.0,0.0,0.0,5.0,15.9,0.0
62.0,3624.0,1.0,0.0,0.0,0.0,0.0,5.0,45.98,0.0
69.0,3624.0,1.0,0.0,0.0,1.0,0.0,5.0,2.27,0.0
70.0,3624.0,1.0,0.0,0.0,1.0,0.0,5.0,54.22,0.0
71.0,3624.0,1.0,0.0,0.0,16.0,0.0,16.0,285.16,1.0
71.0,3624.0,1.0,0.0,0.0,1.0,0.0,5.0,20.97,0.0
73.0,3624.0,1.0,0.0,0.0,1.0,0.0,5.0,30.23,0.0
108.0,3624.0,1.0,0.0,0.0,1.0,0.0,5.0,22.84,0.0
109.0,3624.0,1.0,0.0,0.0,1.0,0.0,5.0,24.43,0.0
109.0,3624.0,1.0,0.0,0.0,6.0,0.0,6.0,872.55,1.0
110.0,3624.0,1.0,0.0,0.0,1.0,0.0,5.0,24.66,0.0
111.0,3624.0,1.0,0.0,0.0,1.0,0.0,5.0,34.28,0.0
151.0,3624.0,1.0,0.0,0.0,42.0,0.0,6.0,51.0,0.0
152.0,3624.0,1.0,0.0,0.0,1.0,0.0,5.0,33.19,0.0
152.0,3624.0,1.0,0.0,0.0,22.0,0.0,12.0,376.0,1.0
153.0,3624.0,1.0,0.0,0.0,1.0,0.0,5.0,28.81,0.0
154.0,3624.0,1.0,0.0,0.0,5.0,0.0,8.0,41.57,0.0
156.0,3624.0,1.0,0.0,0.0,1.0,0.0,5.0,20.24,0.0
156.0,3624.0,1.0,0.0,0.0,27.0,0.0,12.0,8.0,1.0
157.0,3624.0,1.0,0.0,0.0,1.0,0.0,5.0,32.0,0.0
158.0,3624.0,1.0,0.0,0.0,1.0,0.0,5.0,11.93,0.0
164.0,3624.0,1.0,0.0,0.0,1.0,0.0,5.0,30.97,0.0
165.0,3624.0,1.0,0.0,0.0,1.0,0.0,5.0,49.97,0.0
166.0,3624.0,1.0,0.0,0.0,22.0,0.0,12.0,90.46,1.0
167.0,3624.0,1.0,0.0,0.0,1.0,0.0,5.0,15.0,0.0
168.0,3624.0,1.0,0.0,0.0,1.0,0.0,5.0,10.56,0.0
51.0,3625.0,0.0,0.0,0.0,1.0,0.0,5.0,34.24,0.0
52.0,3625.0,0.0,0.0,0.0,1.0,0.0,5.0,48.21,0.0
53.0,3625.0,0.0,0.0,0.0,16.0,0.0,16.0,1102.37,1.0
54.0,3625.0,0.0,0.0,0.0,1.0,0.0,5.0,18.63,0.0
55.0,3625.0,0.0,0.0,0.0,1.0,0.0,5.0,27.94,0.0
14.0,3626.0,4.0,0.0,0.0,17.0,0.0,9.0,126.94,0.0
27.0,3626.0,4.0,0.0,0.0,22.0,0.0,12.0,68.92,1.0
31.0,3626.0,4.0,0.0,0.0,9.0,0.0,10.0,3.02,0.0
32.0,3626.0,4.0,0.0,0.0,0.0,0.0,5.0,56.61,0.0
113.0,3626.0,4.0,0.0,0.0,0.0,0.0,5.0,25.61,0.0
114.0,3626.0,4.0,0.0,0.0,0.0,0.0,5.0,36.29,0.0
115.0,3626.0,4.0,0.0,0.0,41.0,0.0,19.0,327.41,1.0
115.0,3626.0,4.0,0.0,0.0,0.0,0.0,5.0,67.23,0.0
116.0,3626.0,4.0,0.0,0.0,0.0,0.0,5.0,70.81,0.0
55.0,3627.0,0.0,0.0,0.0,6.0,0.0,6.0,43.22,0.0
55.0,3627.0,0.0,0.0,0.0,2.0,0.0,6.0,0.28,0.0
64.0,3627.0,0.0,0.0,0.0,22.0,0.0,12.0,406.05,1.0
69.0,3627.0,0.0,0.0,0.0,6.0,0.0,6.0,178.06,0.0
69.0,3627.0,0.0,0.0,0.0,7.0,0.0,6.0,96.07,0.0
101.0,3627.0,0.0,0.0,0.0,3.0,0.0,7.0,137.85,1.0
122.0,3627.0,0.0,0.0,0.0,20.0,0.0,13.0,38.2,0.0
102.0,3627.0,0.0,0.0,0.0,38.0,0.0,19.0,307.92,1.0
140.0,3627.0,0.0,0.0,0.0,9.0,0.0,10.0,36.38,0.0
173.0,3627.0,0.0,0.0,0.0,1.0,0.0,5.0,45.32,0.0
174.0,3627.0,0.0,0.0,0.0,5.0,0.0,8.0,71.38,0.0
174.0,3627.0,0.0,0.0,0.0,10.0,0.0,11.0,913.52,1.0
175.0,3627.0,0.0,0.0,0.0,1.0,0.0,5.0,29.4,0.0
176.0,3627.0,0.0,0.0,0.0,1.0,0.0,5.0,9.58,0.0
14.0,3629.0,1.0,0.0,0.0,13.0,0.0,14.0,69.16,0.0
15.0,3629.0,1.0,0.0,0.0,0.0,0.0,5.0,13.22,0.0
16.0,3629.0,1.0,0.0,0.0,39.0,0.0,18.0,5577.33,1.0
16.0,3629.0,1.0,0.0,0.0,0.0,0.0,5.0,52.43,0.0
18.0,3629.0,1.0,0.0,0.0,0.0,0.0,5.0,25.65,0.0
23.0,3629.0,1.0,0.0,0.0,0.0,0.0,5.0,32.74,0.0
24.0,3629.0,1.0,0.0,0.0,0.0,0.0,5.0,45.04,0.0
24.0,3629.0,1.0,0.0,0.0,27.0,0.0,12.0,419.51,1.0
25.0,3629.0,1.0,0.0,0.0,0.0,0.0,5.0,44.64,0.0
26.0,3629.0,1.0,0.0,0.0,13.0,0.0,14.0,38.88,0.0
37.0,3629.0,1.0,0.0,0.0,0.0,0.0,5.0,30.45,0.0
38.0,3629.0,1.0,0.0,0.0,16.0,0.0,16.0,23.4,0.0
45.0,3629.0,1.0,0.0,0.0,6.0,0.0,6.0,845.7,1.0
47.0,3629.0,1.0,0.0,0.0,0.0,0.0,5.0,33.14,0.0
48.0,3629.0,1.0,0.0,0.0,0.0,0.0,5.0,10.44,0.0
50.0,3629.0,1.0,0.0,0.0,0.0,0.0,5.0,5.87,0.0
51.0,3629.0,1.0,0.0,0.0,0.0,0.0,5.0,33.37,0.0
52.0,3629.0,1.0,0.0,0.0,30.0,0.0,16.0,223.13,1.0
53.0,3629.0,1.0,0.0,0.0,0.0,0.0,5.0,9.36,0.0
54.0,3629.0,1.0,0.0,0.0,0.0,0.0,5.0,19.14,0.0
119.0,3629.0,1.0,0.0,0.0,1.0,0.0,5.0,30.78,0.0
120.0,3629.0,1.0,0.0,0.0,1.0,0.0,5.0,2.99,0.0
121.0,3629.0,1.0,0.0,0.0,17.0,0.0,9.0,133.51,1.0
121.0,3629.0,1.0,0.0,0.0,1.0,0.0,5.0,24.27,0.0
122.0,3629.0,1.0,0.0,0.0,1.0,0.0,5.0,8.68,0.0
80.0,3630.0,2.0,1.0,0.0,0.0,0.0,5.0,12.79,0.0
80.0,3630.0,2.0,1.0,0.0,1.0,0.0,5.0,34.77,0.0
80.0,3630.0,2.0,1.0,0.0,6.0,0.0,6.0,143.13,1.0
81.0,3630.0,2.0,1.0,0.0,1.0,0.0,5.0,48.02,0.0
82.0,3630.0,2.0,1.0,0.0,43.0,0.0,9.0,120.65,0.0
90.0,3630.0,2.0,1.0,0.0,1.0,0.0,5.0,3.75,0.0
92.0,3630.0,2.0,1.0,0.0,1.0,0.0,5.0,24.68,0.0
92.0,3630.0,2.0,1.0,0.0,9.0,0.0,10.0,68.57,1.0
93.0,3630.0,2.0,1.0,0.0,1.0,0.0,5.0,62.04,0.0
94.0,3630.0,2.0,1.0,0.0,1.0,0.0,5.0,10.67,0.0
27.0,3633.0,0.0,1.0,0.0,0.0,0.0,5.0,11.01,0.0
28.0,3633.0,0.0,1.0,0.0,0.0,0.0,5.0,14.48,0.0
28.0,3633.0,0.0,1.0,0.0,15.0,0.0,13.0,244.8,1.0
29.0,3633.0,0.0,1.0,0.0,0.0,0.0,5.0,30.0,0.0
30.0,3633.0,0.0,1.0,0.0,37.0,0.0,16.0,221.7,0.0
72.0,3633.0,0.0,1.0,0.0,1.0,0.0,5.0,10.44,0.0
73.0,3633.0,0.0,1.0,0.0,1.0,0.0,5.0,33.2,0.0
73.0,3633.0,0.0,1.0,0.0,20.0,0.0,13.0,57.11,1.0
74.0,3633.0,0.0,1.0,0.0,1.0,0.0,5.0,43.15,0.0
75.0,3633.0,0.0,1.0,0.0,1.0,0.0,5.0,10.43,0.0
94.0,3634.0,1.0,1.0,0.0,0.0,0.0,5.0,40.66,0.0
95.0,3634.0,1.0,1.0,0.0,0.0,0.0,5.0,69.66,0.0
96.0,3634.0,1.0,1.0,0.0,3.0,0.0,7.0,28.69,1.0
96.0,3634.0,1.0,1.0,0.0,0.0,0.0,5.0,1.14,0.0
97.0,3634.0,1.0,1.0,0.0,0.0,0.0,5.0,10.96,0.0
18.0,3637.0,2.0,1.0,0.0,0.0,0.0,5.0,15.01,0.0
19.0,3637.0,2.0,1.0,0.0,0.0,0.0,5.0,35.98,0.0
19.0,3637.0,2.0,1.0,0.0,15.0,0.0,13.0,281.69,1.0
20.0,3637.0,2.0,1.0,0.0,0.0,0.0,5.0,39.0,0.0
21.0,3637.0,2.0,1.0,0.0,0.0,0.0,5.0,21.3,0.0
116.0,3639.0,2.0,0.0,0.0,9.0,0.0,10.0,39.61,0.0
117.0,3639.0,2.0,0.0,0.0,7.0,0.0,6.0,11.74,0.0
120.0,3639.0,2.0,0.0,0.0,6.0,0.0,6.0,171.82,1.0
124.0,3639.0,2.0,0.0,0.0,20.0,0.0,13.0,84.66,0.0
129.0,3639.0,2.0,0.0,0.0,9.0,0.0,10.0,65.9,0.0
65.0,3640.0,3.0,1.0,0.0,44.0,0.0,13.0,179.54,0.0
65.0,3640.0,3.0,1.0,0.0,29.0,0.0,13.0,48.41,0.0
65.0,3640.0,3.0,1.0,0.0,22.0,0.0,12.0,428.1,1.0
66.0,3640.0,3.0,1.0,0.0,0.0,0.0,5.0,4.62,0.0
67.0,3640.0,3.0,1.0,0.0,0.0,0.0,5.0,49.35,0.0
138.0,3640.0,3.0,1.0,0.0,1.0,0.0,5.0,42.23,0.0
139.0,3640.0,3.0,1.0,0.0,1.0,0.0,5.0,18.0,0.0
140.0,3640.0,3.0,1.0,0.0,6.0,0.0,6.0,26.21,1.0
140.0,3640.0,3.0,1.0,0.0,1.0,0.0,5.0,29.97,0.0
141.0,3640.0,3.0,1.0,0.0,1.0,0.0,5.0,31.11,0.0
151.0,3642.0,4.0,1.0,0.0,5.0,0.0,8.0,63.42,0.0
152.0,3642.0,4.0,1.0,0.0,1.0,0.0,5.0,21.98,0.0
153.0,3642.0,4.0,1.0,0.0,38.0,0.0,19.0,180.97,1.0
153.0,3642.0,4.0,1.0,0.0,1.0,0.0,5.0,50.0,0.0
154.0,3642.0,4.0,1.0,0.0,1.0,0.0,5.0,38.82,0.0
83.0,3643.0,0.0,0.0,0.0,20.0,0.0,13.0,148.28,0.0
83.0,3643.0,0.0,0.0,0.0,21.0,0.0,13.0,79.3,0.0
84.0,3643.0,0.0,0.0,0.0,22.0,0.0,12.0,64.21,1.0
103.0,3643.0,0.0,0.0,0.0,6.0,0.0,6.0,127.59,0.0
101.0,3643.0,0.0,0.0,0.0,6.0,0.0,6.0,499.18,1.0
107.0,3643.0,0.0,0.0,0.0,3.0,0.0,7.0,66.76,0.0
147.0,3643.0,0.0,0.0,0.0,1.0,0.0,5.0,44.53,0.0
148.0,3643.0,0.0,0.0,0.0,1.0,0.0,5.0,6.4,0.0
149.0,3643.0,0.0,0.0,0.0,22.0,0.0,12.0,539.54,1.0
149.0,3643.0,0.0,0.0,0.0,1.0,0.0,5.0,25.15,0.0
150.0,3643.0,0.0,0.0,0.0,1.0,0.0,5.0,20.32,0.0
165.0,3643.0,0.0,0.0,0.0,1.0,0.0,5.0,27.67,0.0
166.0,3643.0,0.0,0.0,0.0,1.0,0.0,5.0,4.77,0.0
168.0,3643.0,0.0,0.0,0.0,12.0,0.0,13.0,197.62,1.0
168.0,3643.0,0.0,0.0,0.0,1.0,0.0,5.0,18.35,0.0
170.0,3643.0,0.0,0.0,0.0,1.0,0.0,5.0,3.7,0.0
54.0,3644.0,0.0,1.0,0.0,1.0,0.0,5.0,37.7,0.0
55.0,3644.0,0.0,1.0,0.0,5.0,0.0,8.0,18.39,0.0
56.0,3644.0,0.0,1.0,0.0,30.0,0.0,16.0,325.41,1.0
56.0,3644.0,0.0,1.0,0.0,1.0,0.0,5.0,63.78,0.0
57.0,3644.0,0.0,1.0,0.0,1.0,0.0,5.0,5.72,0.0
93.0,3644.0,0.0,1.0,0.0,1.0,0.0,5.0,2.42,0.0
94.0,3644.0,0.0,1.0,0.0,1.0,0.0,5.0,2.61,0.0
95.0,3644.0,0.0,1.0,0.0,22.0,0.0,12.0,148.87,1.0
95.0,3644.0,0.0,1.0,0.0,1.0,0.0,5.0,0.54,0.0
96.0,3644.0,0.0,1.0,0.0,1.0,0.0,5.0,28.17,0.0
32.0,3648.0,2.0,0.0,0.0,0.0,0.0,5.0,12.65,0.0
33.0,3648.0,2.0,0.0,0.0,0.0,0.0,5.0,43.86,0.0
34.0,3648.0,2.0,0.0,0.0,11.0,0.0,12.0,528.45,1.0
34.0,3648.0,2.0,0.0,0.0,0.0,0.0,5.0,27.94,0.0
35.0,3648.0,2.0,0.0,0.0,13.0,0.0,14.0,69.03,0.0
153.0,3648.0,2.0,0.0,0.0,5.0,0.0,8.0,88.15,0.0
154.0,3648.0,2.0,0.0,0.0,1.0,0.0,5.0,50.03,0.0
154.0,3648.0,2.0,0.0,0.0,38.0,0.0,19.0,357.18,1.0
155.0,3648.0,2.0,0.0,0.0,1.0,0.0,5.0,19.9,0.0
156.0,3648.0,2.0,0.0,0.0,1.0,0.0,5.0,31.95,0.0
120.0,3650.0,0.0,0.0,0.0,0.0,0.0,5.0,6.92,0.0
121.0,3650.0,0.0,0.0,0.0,0.0,0.0,5.0,12.68,0.0
122.0,3650.0,0.0,0.0,0.0,22.0,0.0,12.0,48.96,1.0
122.0,3650.0,0.0,0.0,0.0,0.0,0.0,5.0,55.81,0.0
123.0,3650.0,0.0,0.0,0.0,0.0,0.0,5.0,24.55,0.0
15.0,3652.0,2.0,1.0,0.0,13.0,0.0,14.0,112.06,1.0
15.0,3652.0,2.0,1.0,0.0,39.0,0.0,18.0,285.21,0.0
16.0,3652.0,2.0,1.0,0.0,6.0,0.0,6.0,107.49,0.0
27.0,3652.0,2.0,1.0,0.0,10.0,0.0,11.0,158.89,1.0
66.0,3652.0,2.0,1.0,0.0,12.0,0.0,13.0,35.76,0.0
49.0,3652.0,2.0,1.0,0.0,16.0,0.0,16.0,138.35,1.0
87.0,3652.0,2.0,1.0,0.0,6.0,0.0,6.0,237.16,0.0
89.0,3654.0,4.0,0.0,0.0,9.0,0.0,10.0,32.7,0.0
90.0,3654.0,4.0,0.0,0.0,0.0,0.0,5.0,15.11,0.0
91.0,3654.0,4.0,0.0,0.0,22.0,0.0,12.0,190.21,1.0
91.0,3654.0,4.0,0.0,0.0,0.0,0.0,5.0,29.74,0.0
92.0,3654.0,4.0,0.0,0.0,0.0,0.0,5.0,32.11,0.0
107.0,3654.0,4.0,0.0,0.0,1.0,0.0,5.0,1.53,0.0
108.0,3654.0,4.0,0.0,0.0,1.0,0.0,5.0,28.53,0.0
109.0,3654.0,4.0,0.0,0.0,17.0,0.0,9.0,616.0,1.0
109.0,3654.0,4.0,0.0,0.0,1.0,0.0,5.0,10.43,0.0
111.0,3654.0,4.0,0.0,0.0,1.0,0.0,5.0,32.41,0.0
112.0,3654.0,4.0,0.0,0.0,1.0,0.0,5.0,34.02,0.0
112.0,3654.0,4.0,0.0,0.0,12.0,0.0,13.0,126.08,1.0
113.0,3654.0,4.0,0.0,0.0,1.0,0.0,5.0,36.48,0.0
114.0,3654.0,4.0,0.0,0.0,1.0,0.0,5.0,57.53,0.0
124.0,3654.0,4.0,0.0,0.0,1.0,0.0,5.0,18.01,0.0
125.0,3654.0,4.0,0.0,0.0,1.0,0.0,5.0,34.94,0.0
125.0,3654.0,4.0,0.0,0.0,35.0,0.0,18.0,236.55,1.0
126.0,3654.0,4.0,0.0,0.0,1.0,0.0,5.0,20.04,0.0
127.0,3654.0,4.0,0.0,0.0,1.0,0.0,5.0,40.06,0.0
155.0,3654.0,4.0,0.0,0.0,34.0,0.0,17.0,85.86,0.0
156.0,3654.0,4.0,0.0,0.0,1.0,0.0,5.0,46.93,0.0
157.0,3654.0,4.0,0.0,0.0,13.0,0.0,14.0,239.05,1.0
157.0,3654.0,4.0,0.0,0.0,1.0,0.0,5.0,12.36,0.0
158.0,3654.0,4.0,0.0,0.0,1.0,0.0,5.0,9.37,0.0
15.0,3655.0,7.0,1.0,0.0,22.0,0.0,12.0,437.59,1.0
16.0,3655.0,7.0,1.0,0.0,25.0,0.0,15.0,46.42,0.0
18.0,3655.0,7.0,1.0,0.0,30.0,0.0,16.0,48.26,0.0
32.0,3655.0,7.0,1.0,0.0,35.0,0.0,18.0,2909.97,1.0
37.0,3655.0,7.0,1.0,0.0,30.0,0.0,16.0,76.12,0.0
38.0,3655.0,7.0,1.0,0.0,38.0,0.0,19.0,395.07,1.0
41.0,3655.0,7.0,1.0,0.0,20.0,0.0,13.0,22.99,0.0
39.0,3655.0,7.0,1.0,0.0,6.0,0.0,6.0,372.5,1.0
45.0,3655.0,7.0,1.0,0.0,22.0,0.0,12.0,184.8,1.0
47.0,3655.0,7.0,1.0,0.0,12.0,0.0,13.0,37.52,0.0
50.0,3655.0,7.0,1.0,0.0,15.0,0.0,13.0,489.86,1.0
66.0,3655.0,7.0,1.0,0.0,3.0,0.0,7.0,154.41,0.0
83.0,3655.0,7.0,1.0,0.0,13.0,0.0,14.0,18.48,0.0
94.0,3655.0,7.0,1.0,0.0,0.0,0.0,5.0,44.64,0.0
95.0,3655.0,7.0,1.0,0.0,0.0,0.0,5.0,47.78,0.0
97.0,3655.0,7.0,1.0,0.0,22.0,0.0,12.0,308.69,1.0
98.0,3655.0,7.0,1.0,0.0,0.0,0.0,5.0,36.99,0.0
99.0,3655.0,7.0,1.0,0.0,0.0,0.0,5.0,45.26,0.0
114.0,3655.0,7.0,1.0,0.0,0.0,0.0,5.0,6.82,0.0
115.0,3655.0,7.0,1.0,0.0,0.0,0.0,5.0,28.79,0.0
116.0,3655.0,7.0,1.0,0.0,20.0,0.0,13.0,55.78,1.0
116.0,3655.0,7.0,1.0,0.0,0.0,0.0,5.0,9.84,0.0
117.0,3655.0,7.0,1.0,0.0,13.0,0.0,14.0,52.2,0.0
122.0,3655.0,7.0,1.0,0.0,1.0,0.0,5.0,7.01,0.0
123.0,3655.0,7.0,1.0,0.0,28.0,0.0,13.0,63.99,0.0
123.0,3655.0,7.0,1.0,0.0,17.0,0.0,9.0,267.74,1.0
124.0,3655.0,7.0,1.0,0.0,0.0,0.0,5.0,20.28,0.0
124.0,3655.0,7.0,1.0,0.0,1.0,0.0,5.0,67.99,0.0
130.0,3655.0,7.0,1.0,0.0,1.0,0.0,5.0,16.51,0.0
132.0,3655.0,7.0,1.0,0.0,1.0,0.0,5.0,24.18,0.0
132.0,3655.0,7.0,1.0,0.0,6.0,0.0,6.0,844.13,1.0
133.0,3655.0,7.0,1.0,0.0,5.0,0.0,8.0,35.47,0.0
134.0,3655.0,7.0,1.0,0.0,1.0,0.0,5.0,33.4,0.0
25.0,3657.0,1.0,1.0,0.0,6.0,0.0,6.0,84.98,0.0
47.0,3657.0,1.0,1.0,0.0,25.0,0.0,15.0,81.65,0.0
97.0,3657.0,1.0,1.0,0.0,27.0,0.0,12.0,172.46,1.0
109.0,3657.0,1.0,1.0,0.0,15.0,0.0,13.0,181.45,1.0
110.0,3657.0,1.0,1.0,0.0,17.0,0.0,9.0,855.7,1.0
112.0,3657.0,1.0,1.0,0.0,6.0,0.0,6.0,584.52,1.0
115.0,3657.0,1.0,1.0,0.0,35.0,0.0,18.0,565.32,1.0
116.0,3657.0,1.0,1.0,0.0,10.0,0.0,11.0,86.95,1.0
117.0,3657.0,1.0,1.0,0.0,6.0,0.0,6.0,269.68,1.0
117.0,3657.0,1.0,1.0,0.0,6.0,0.0,6.0,277.75,1.0
119.0,3657.0,1.0,1.0,0.0,30.0,0.0,16.0,437.25,1.0
119.0,3657.0,1.0,1.0,0.0,6.0,0.0,6.0,20.26,1.0
119.0,3657.0,1.0,1.0,0.0,6.0,0.0,6.0,268.03,1.0
121.0,3657.0,1.0,1.0,0.0,22.0,0.0,12.0,125.93,1.0
123.0,3657.0,1.0,1.0,0.0,17.0,0.0,9.0,405.75,1.0
127.0,3657.0,1.0,1.0,0.0,12.0,0.0,13.0,1.11,0.0
125.0,3657.0,1.0,1.0,0.0,41.0,0.0,19.0,81.38,1.0
129.0,3657.0,1.0,1.0,0.0,30.0,0.0,16.0,18.41,1.0
132.0,3657.0,1.0,1.0,0.0,12.0,0.0,13.0,36.79,0.0
132.0,3657.0,1.0,1.0,0.0,20.0,0.0,13.0,145.71,0.0
133.0,3657.0,1.0,1.0,0.0,9.0,0.0,10.0,331.63,1.0
136.0,3657.0,1.0,1.0,0.0,6.0,0.0,6.0,467.0,1.0
137.0,3657.0,1.0,1.0,0.0,25.0,0.0,15.0,139.67,0.0
137.0,3657.0,1.0,1.0,0.0,13.0,0.0,14.0,174.62,1.0
138.0,3657.0,1.0,1.0,0.0,12.0,0.0,13.0,36.43,0.0
138.0,3657.0,1.0,1.0,0.0,20.0,0.0,13.0,71.67,0.0
140.0,3657.0,1.0,1.0,0.0,35.0,0.0,18.0,3060.24,1.0
141.0,3657.0,1.0,1.0,0.0,6.0,0.0,6.0,105.18,1.0
141.0,3657.0,1.0,1.0,0.0,16.0,0.0,16.0,380.08,1.0
141.0,3657.0,1.0,1.0,0.0,18.0,0.0,9.0,51.99,1.0
143.0,3657.0,1.0,1.0,0.0,6.0,0.0,6.0,299.59,1.0
143.0,3657.0,1.0,1.0,0.0,6.0,0.0,6.0,1.53,1.0
144.0,3657.0,1.0,1.0,0.0,13.0,0.0,14.0,305.46,1.0
146.0,3657.0,1.0,1.0,0.0,38.0,0.0,19.0,389.82,1.0
148.0,3657.0,1.0,1.0,0.0,16.0,0.0,16.0,201.43,1.0
150.0,3657.0,1.0,1.0,0.0,9.0,0.0,10.0,78.19,1.0
150.0,3657.0,1.0,1.0,0.0,6.0,0.0,6.0,186.69,1.0
151.0,3657.0,1.0,1.0,0.0,18.0,0.0,9.0,875.47,1.0
152.0,3657.0,1.0,1.0,0.0,9.0,0.0,10.0,6.73,0.0
151.0,3657.0,1.0,1.0,0.0,22.0,0.0,12.0,170.92,1.0
153.0,3657.0,1.0,1.0,0.0,35.0,0.0,18.0,6110.23,1.0
153.0,3657.0,1.0,1.0,0.0,0.0,0.0,5.0,27.74,0.0
154.0,3657.0,1.0,1.0,0.0,0.0,0.0,5.0,0.11,0.0
156.0,3657.0,1.0,1.0,0.0,0.0,0.0,5.0,8.96,0.0
157.0,3657.0,1.0,1.0,0.0,0.0,0.0,5.0,16.42,0.0
157.0,3657.0,1.0,1.0,0.0,25.0,0.0,15.0,236.27,1.0
158.0,3657.0,1.0,1.0,0.0,0.0,0.0,5.0,65.37,0.0
158.0,3657.0,1.0,1.0,0.0,20.0,0.0,13.0,121.71,1.0
159.0,3657.0,1.0,1.0,0.0,6.0,0.0,6.0,263.52,1.0
159.0,3657.0,1.0,1.0,0.0,15.0,0.0,13.0,22.03,0.0
160.0,3657.0,1.0,1.0,0.0,0.0,0.0,5.0,50.08,0.0
161.0,3657.0,1.0,1.0,0.0,0.0,0.0,5.0,10.62,0.0
162.0,3657.0,1.0,1.0,0.0,0.0,0.0,5.0,1.9,0.0
163.0,3657.0,1.0,1.0,0.0,3.0,0.0,7.0,154.11,1.0
163.0,3657.0,1.0,1.0,0.0,0.0,0.0,5.0,14.49,0.0
164.0,3657.0,1.0,1.0,0.0,0.0,0.0,5.0,20.13,0.0
165.0,3657.0,1.0,1.0,0.0,0.0,0.0,5.0,19.92,0.0
166.0,3657.0,1.0,1.0,0.0,6.0,0.0,6.0,1097.89,1.0
166.0,3657.0,1.0,1.0,0.0,33.0,0.0,17.0,7.67,0.0
167.0,3657.0,1.0,1.0,0.0,0.0,0.0,5.0,9.48,0.0
167.0,3657.0,1.0,1.0,0.0,1.0,0.0,5.0,6.29,0.0
168.0,3657.0,1.0,1.0,0.0,26.0,0.0,12.0,68.83,1.0
168.0,3657.0,1.0,1.0,0.0,1.0,0.0,5.0,14.6,0.0
169.0,3657.0,1.0,1.0,0.0,1.0,0.0,5.0,34.83,0.0
169.0,3657.0,1.0,1.0,0.0,26.0,0.0,12.0,146.65,1.0
170.0,3657.0,1.0,1.0,0.0,1.0,0.0,5.0,11.57,0.0
170.0,3657.0,1.0,1.0,0.0,20.0,0.0,13.0,339.73,1.0
170.0,3657.0,1.0,1.0,0.0,6.0,0.0,6.0,92.55,1.0
171.0,3657.0,1.0,1.0,0.0,1.0,0.0,5.0,43.95,0.0
172.0,3657.0,1.0,1.0,0.0,1.0,0.0,5.0,20.12,0.0
173.0,3657.0,1.0,1.0,0.0,1.0,0.0,5.0,40.42,0.0
173.0,3657.0,1.0,1.0,0.0,35.0,0.0,18.0,4031.69,1.0
174.0,3657.0,1.0,1.0,0.0,1.0,0.0,5.0,4.11,0.0
175.0,3657.0,1.0,1.0,0.0,5.0,0.0,8.0,12.18,0.0
176.0,3657.0,1.0,1.0,0.0,1.0,0.0,5.0,57.12,0.0
176.0,3657.0,1.0,1.0,0.0,6.0,0.0,6.0,198.89,1.0
177.0,3657.0,1.0,1.0,0.0,20.0,0.0,13.0,145.5,1.0
177.0,3657.0,1.0,1.0,0.0,1.0,0.0,5.0,21.36,0.0
177.0,3657.0,1.0,1.0,0.0,6.0,0.0,6.0,57.05,1.0
178.0,3657.0,1.0,1.0,0.0,1.0,0.0,5.0,40.14,0.0
179.0,3657.0,1.0,1.0,0.0,1.0,0.0,5.0,42.56,0.0
179.0,3657.0,1.0,1.0,0.0,6.0,0.0,6.0,459.82,1.0
16.0,3659.0,0.0,0.0,0.0,25.0,0.0,15.0,56.98,0.0
23.0,3659.0,0.0,0.0,0.0,25.0,0.0,15.0,108.61,0.0
43.0,3659.0,0.0,0.0,0.0,3.0,0.0,7.0,248.04,1.0
54.0,3659.0,0.0,0.0,0.0,12.0,0.0,13.0,27.06,0.0
51.0,3659.0,0.0,0.0,0.0,6.0,0.0,6.0,73.8,1.0
54.0,3659.0,0.0,0.0,0.0,20.0,0.0,13.0,189.98,0.0
56.0,3659.0,0.0,0.0,0.0,6.0,0.0,6.0,263.24,1.0
69.0,3659.0,0.0,0.0,0.0,6.0,0.0,6.0,119.96,0.0
73.0,3659.0,0.0,0.0,0.0,6.0,0.0,6.0,198.15,0.0
122.0,3659.0,0.0,0.0,0.0,13.0,0.0,14.0,5.21,0.0
123.0,3659.0,0.0,0.0,0.0,0.0,0.0,5.0,61.8,0.0
124.0,3659.0,0.0,0.0,0.0,6.0,0.0,6.0,522.43,1.0
125.0,3659.0,0.0,0.0,0.0,0.0,0.0,5.0,40.44,0.0
127.0,3659.0,0.0,0.0,0.0,0.0,0.0,5.0,28.72,0.0
166.0,3659.0,0.0,0.0,0.0,0.0,0.0,5.0,28.05,0.0
167.0,3659.0,0.0,0.0,0.0,0.0,0.0,5.0,29.56,0.0
168.0,3659.0,0.0,0.0,0.0,6.0,0.0,6.0,272.97,1.0
168.0,3659.0,0.0,0.0,0.0,0.0,0.0,5.0,22.03,0.0
169.0,3659.0,0.0,0.0,0.0,0.0,0.0,5.0,23.87,0.0
175.0,3659.0,0.0,0.0,0.0,0.0,0.0,5.0,5.96,0.0
176.0,3659.0,0.0,0.0,0.0,13.0,0.0,14.0,29.09,0.0
176.0,3659.0,0.0,0.0,0.0,12.0,0.0,13.0,76.94,1.0
177.0,3659.0,0.0,0.0,0.0,0.0,0.0,5.0,38.11,0.0
178.0,3659.0,0.0,0.0,0.0,27.0,0.0,12.0,21.49,0.0
121.0,3660.0,3.0,1.0,0.0,0.0,0.0,5.0,9.33,0.0
122.0,3660.0,3.0,1.0,0.0,0.0,0.0,5.0,23.48,0.0
123.0,3660.0,3.0,1.0,0.0,6.0,0.0,6.0,937.28,1.0
123.0,3660.0,3.0,1.0,0.0,0.0,0.0,5.0,36.92,0.0
124.0,3660.0,3.0,1.0,0.0,0.0,0.0,5.0,7.64,0.0
147.0,3660.0,3.0,1.0,0.0,0.0,0.0,5.0,28.71,0.0
148.0,3660.0,3.0,1.0,0.0,0.0,0.0,5.0,20.45,0.0
149.0,3660.0,3.0,1.0,0.0,6.0,0.0,6.0,623.88,1.0
150.0,3660.0,3.0,1.0,0.0,0.0,0.0,5.0,17.71,0.0
152.0,3660.0,3.0,1.0,0.0,0.0,0.0,5.0,17.35,0.0
128.0,3661.0,3.0,1.0,0.0,0.0,0.0,5.0,29.16,0.0
129.0,3661.0,3.0,1.0,0.0,0.0,0.0,5.0,9.33,0.0
130.0,3661.0,3.0,1.0,0.0,17.0,0.0,9.0,46.36,1.0
130.0,3661.0,3.0,1.0,0.0,0.0,0.0,5.0,41.19,0.0
131.0,3661.0,3.0,1.0,0.0,0.0,0.0,5.0,47.01,0.0
26.0,3665.0,0.0,0.0,0.0,6.0,0.0,6.0,45.38,0.0
26.0,3665.0,0.0,0.0,0.0,2.0,0.0,6.0,114.57,0.0
43.0,3665.0,0.0,0.0,0.0,35.0,0.0,18.0,4043.96,1.0
49.0,3665.0,0.0,0.0,0.0,6.0,0.0,6.0,135.19,0.0
49.0,3665.0,0.0,0.0,0.0,2.0,0.0,6.0,177.59,0.0
109.0,3665.0,0.0,0.0,0.0,22.0,0.0,12.0,95.43,0.0
109.0,3665.0,0.0,0.0,0.0,48.0,0.0,12.0,18.46,0.0
111.0,3665.0,0.0,0.0,0.0,3.0,0.0,7.0,211.09,1.0
178.0,3665.0,0.0,0.0,0.0,20.0,0.0,13.0,81.03,0.0
176.0,3665.0,0.0,0.0,0.0,13.0,0.0,14.0,1.68,1.0
51.0,3666.0,0.0,1.0,0.0,25.0,0.0,15.0,14.99,0.0
71.0,3666.0,0.0,1.0,0.0,22.0,0.0,12.0,4.76,0.0
74.0,3666.0,0.0,1.0,0.0,38.0,0.0,19.0,313.24,1.0
75.0,3666.0,0.0,1.0,0.0,7.0,0.0,6.0,199.51,0.0
85.0,3666.0,0.0,1.0,0.0,22.0,0.0,12.0,181.9,0.0
85.0,3666.0,0.0,1.0,0.0,48.0,0.0,12.0,9.07,0.0
111.0,3666.0,0.0,1.0,0.0,20.0,0.0,13.0,172.12,1.0
128.0,3666.0,0.0,1.0,0.0,7.0,0.0,6.0,299.19,0.0
153.0,3666.0,0.0,1.0,0.0,25.0,0.0,15.0,15.91,0.0
167.0,3666.0,0.0,1.0,0.0,6.0,0.0,6.0,183.53,1.0
167.0,3666.0,0.0,1.0,0.0,16.0,0.0,16.0,462.04,1.0
37.0,3667.0,2.0,0.0,0.0,3.0,0.0,7.0,150.0,0.0
39.0,3667.0,2.0,0.0,0.0,12.0,0.0,13.0,53.28,0.0
82.0,3667.0,2.0,0.0,0.0,22.0,0.0,12.0,491.43,1.0
97.0,3667.0,2.0,0.0,0.0,25.0,0.0,15.0,37.71,0.0
98.0,3667.0,2.0,0.0,0.0,12.0,0.0,13.0,33.97,0.0
106.0,3667.0,2.0,0.0,0.0,0.0,0.0,5.0,38.42,0.0
107.0,3667.0,2.0,0.0,0.0,0.0,0.0,5.0,3.62,0.0
107.0,3667.0,2.0,0.0,0.0,13.0,0.0,14.0,202.61,1.0
108.0,3667.0,2.0,0.0,0.0,0.0,0.0,5.0,12.77,0.0
109.0,3667.0,2.0,0.0,0.0,0.0,0.0,5.0,28.06,0.0
151.0,3667.0,2.0,0.0,0.0,9.0,0.0,10.0,16.65,0.0
152.0,3667.0,2.0,0.0,0.0,0.0,0.0,5.0,28.55,0.0
152.0,3667.0,2.0,0.0,0.0,35.0,0.0,18.0,4265.41,1.0
153.0,3667.0,2.0,0.0,0.0,0.0,0.0,5.0,1.85,0.0
154.0,3667.0,2.0,0.0,0.0,0.0,0.0,5.0,27.55,0.0
15.0,3669.0,1.0,0.0,0.0,20.0,0.0,13.0,66.57,0.0
36.0,3669.0,1.0,0.0,0.0,12.0,0.0,13.0,105.48,0.0
82.0,3669.0,1.0,0.0,0.0,2.0,0.0,6.0,176.33,1.0
117.0,3669.0,1.0,0.0,0.0,6.0,0.0,6.0,167.67,0.0
122.0,3669.0,1.0,0.0,0.0,22.0,0.0,12.0,194.36,1.0
138.0,3669.0,1.0,0.0,0.0,6.0,0.0,6.0,74.67,0.0
138.0,3669.0,1.0,0.0,0.0,2.0,0.0,6.0,218.35,0.0
158.0,3669.0,1.0,0.0,0.0,20.0,0.0,13.0,45.8,0.0
175.0,3669.0,1.0,0.0,0.0,22.0,0.0,12.0,69.07,0.0
176.0,3669.0,1.0,0.0,0.0,22.0,0.0,12.0,4.49,1.0
178.0,3669.0,1.0,0.0,0.0,20.0,0.0,13.0,79.85,0.0
15.0,3671.0,5.0,1.0,0.0,30.0,0.0,16.0,69.62,1.0
19.0,3671.0,5.0,1.0,0.0,20.0,0.0,13.0,0.94,0.0
22.0,3671.0,5.0,1.0,0.0,22.0,0.0,12.0,454.4,1.0
53.0,3671.0,5.0,1.0,0.0,0.0,0.0,5.0,11.0,0.0
54.0,3671.0,5.0,1.0,0.0,0.0,0.0,5.0,43.82,0.0
61.0,3671.0,5.0,1.0,0.0,0.0,0.0,5.0,20.73,0.0
62.0,3671.0,5.0,1.0,0.0,0.0,0.0,5.0,38.23,0.0
62.0,3671.0,5.0,1.0,0.0,6.0,0.0,6.0,499.58,1.0
63.0,3671.0,5.0,1.0,0.0,0.0,0.0,5.0,41.93,0.0
64.0,3671.0,5.0,1.0,0.0,0.0,0.0,5.0,30.53,0.0
98.0,3671.0,5.0,1.0,0.0,1.0,0.0,5.0,16.76,0.0
99.0,3671.0,5.0,1.0,0.0,1.0,0.0,5.0,43.42,0.0
99.0,3671.0,5.0,1.0,0.0,38.0,0.0,19.0,158.75,1.0
100.0,3671.0,5.0,1.0,0.0,5.0,0.0,8.0,7.55,0.0
101.0,3671.0,5.0,1.0,0.0,1.0,0.0,5.0,24.2,0.0
109.0,3671.0,5.0,1.0,0.0,1.0,0.0,5.0,52.61,0.0
110.0,3671.0,5.0,1.0,0.0,1.0,0.0,5.0,42.43,0.0
111.0,3671.0,5.0,1.0,0.0,25.0,0.0,15.0,360.99,1.0
111.0,3671.0,5.0,1.0,0.0,1.0,0.0,5.0,28.58,0.0
112.0,3671.0,5.0,1.0,0.0,1.0,0.0,5.0,11.18,0.0
129.0,3671.0,5.0,1.0,0.0,5.0,0.0,8.0,3.8,0.0
130.0,3671.0,5.0,1.0,0.0,1.0,0.0,5.0,38.89,0.0
131.0,3671.0,5.0,1.0,0.0,22.0,0.0,12.0,69.77,1.0
131.0,3671.0,5.0,1.0,0.0,1.0,0.0,5.0,26.46,0.0
132.0,3671.0,5.0,1.0,0.0,1.0,0.0,5.0,4.13,0.0
175.0,3671.0,5.0,1.0,0.0,4.0,0.0,6.0,72.48,0.0
176.0,3671.0,5.0,1.0,0.0,1.0,0.0,5.0,13.47,0.0
176.0,3671.0,5.0,1.0,0.0,22.0,0.0,12.0,105.81,1.0
177.0,3671.0,5.0,1.0,0.0,43.0,0.0,9.0,114.12,0.0
178.0,3671.0,5.0,1.0,0.0,0.0,0.0,5.0,12.35,0.0
168.0,3674.0,4.0,1.0,0.0,1.0,0.0,5.0,1.85,0.0
169.0,3674.0,4.0,1.0,0.0,1.0,0.0,5.0,14.41,0.0
170.0,3674.0,4.0,1.0,0.0,12.0,0.0,13.0,59.57,1.0
170.0,3674.0,4.0,1.0,0.0,1.0,0.0,5.0,29.74,0.0
171.0,3674.0,4.0,1.0,0.0,5.0,0.0,8.0,47.65,0.0
137.0,3675.0,1.0,0.0,0.0,1.0,0.0,5.0,10.49,0.0
138.0,3675.0,1.0,0.0,0.0,1.0,0.0,5.0,47.2,0.0
138.0,3675.0,1.0,0.0,0.0,16.0,0.0,16.0,46.03,1.0
139.0,3675.0,1.0,0.0,0.0,1.0,0.0,5.0,41.96,0.0
140.0,3675.0,1.0,0.0,0.0,1.0,0.0,5.0,65.67,0.0
15.0,3676.0,2.0,1.0,0.0,12.0,0.0,13.0,9.3,0.0
20.0,3676.0,2.0,1.0,0.0,25.0,0.0,15.0,178.0,1.0
21.0,3676.0,2.0,1.0,0.0,3.0,0.0,7.0,89.03,0.0
25.0,3676.0,2.0,1.0,0.0,35.0,0.0,18.0,3240.69,1.0
29.0,3676.0,2.0,1.0,0.0,16.0,0.0,16.0,32.1,0.0
31.0,3676.0,2.0,1.0,0.0,0.0,0.0,5.0,38.85,0.0
100.0,3676.0,2.0,1.0,0.0,1.0,0.0,5.0,19.06,0.0
101.0,3676.0,2.0,1.0,0.0,1.0,0.0,5.0,27.08,0.0
102.0,3676.0,2.0,1.0,0.0,20.0,0.0,13.0,53.57,1.0
103.0,3676.0,2.0,1.0,0.0,1.0,0.0,5.0,19.13,0.0
104.0,3676.0,2.0,1.0,0.0,1.0,0.0,5.0,10.35,0.0
140.0,3678.0,2.0,0.0,0.0,6.0,0.0,6.0,100.94,0.0
140.0,3678.0,2.0,0.0,0.0,2.0,0.0,6.0,70.05,0.0
153.0,3678.0,2.0,0.0,0.0,6.0,0.0,6.0,794.94,1.0
16.0,3680.0,3.0,1.0,0.0,11.0,0.0,12.0,862.53,1.0
29.0,3680.0,3.0,1.0,0.0,35.0,0.0,18.0,184.93,0.0
30.0,3680.0,3.0,1.0,0.0,0.0,0.0,5.0,15.87,0.0
31.0,3680.0,3.0,1.0,0.0,0.0,0.0,5.0,32.58,0.0
32.0,3680.0,3.0,1.0,0.0,41.0,0.0,19.0,273.69,1.0
33.0,3680.0,3.0,1.0,0.0,0.0,0.0,5.0,8.0,0.0
34.0,3680.0,3.0,1.0,0.0,0.0,0.0,5.0,41.1,0.0
41.0,3680.0,3.0,1.0,0.0,0.0,0.0,5.0,12.61,0.0
42.0,3680.0,3.0,1.0,0.0,0.0,0.0,5.0,8.13,0.0
43.0,3680.0,3.0,1.0,0.0,35.0,0.0,18.0,1042.53,1.0
43.0,3680.0,3.0,1.0,0.0,0.0,0.0,5.0,31.23,0.0
44.0,3680.0,3.0,1.0,0.0,0.0,0.0,5.0,36.51,0.0
58.0,3680.0,3.0,1.0,0.0,0.0,0.0,5.0,1.51,0.0
59.0,3680.0,3.0,1.0,0.0,0.0,0.0,5.0,66.06,0.0
60.0,3680.0,3.0,1.0,0.0,12.0,0.0,13.0,76.33,1.0
61.0,3680.0,3.0,1.0,0.0,0.0,0.0,5.0,22.11,0.0
62.0,3680.0,3.0,1.0,0.0,0.0,0.0,5.0,24.88,0.0
110.0,3680.0,3.0,1.0,0.0,1.0,0.0,5.0,15.52,0.0
111.0,3680.0,3.0,1.0,0.0,1.0,0.0,5.0,0.86,0.0
112.0,3680.0,3.0,1.0,0.0,22.0,0.0,12.0,94.11,1.0
113.0,3680.0,3.0,1.0,0.0,1.0,0.0,5.0,20.48,0.0
114.0,3680.0,3.0,1.0,0.0,1.0,0.0,5.0,25.56,0.0
150.0,3680.0,3.0,1.0,0.0,1.0,0.0,5.0,8.65,0.0
151.0,3680.0,3.0,1.0,0.0,1.0,0.0,5.0,10.74,0.0
152.0,3680.0,3.0,1.0,0.0,20.0,0.0,13.0,158.12,1.0
152.0,3680.0,3.0,1.0,0.0,1.0,0.0,5.0,30.5,0.0
153.0,3680.0,3.0,1.0,0.0,1.0,0.0,5.0,44.95,0.0
45.0,3682.0,1.0,0.0,0.0,12.0,0.0,13.0,52.22,0.0
45.0,3682.0,1.0,0.0,0.0,20.0,0.0,13.0,88.0,0.0
53.0,3682.0,1.0,0.0,0.0,35.0,0.0,18.0,4038.22,1.0
68.0,3682.0,1.0,0.0,0.0,30.0,0.0,16.0,94.24,0.0
76.0,3682.0,1.0,0.0,0.0,9.0,0.0,10.0,92.16,0.0
111.0,3682.0,1.0,0.0,0.0,3.0,0.0,7.0,6.86,0.0
150.0,3682.0,1.0,0.0,0.0,16.0,0.0,16.0,81.22,0.0
158.0,3682.0,1.0,0.0,0.0,35.0,0.0,18.0,1496.0,1.0
171.0,3682.0,1.0,0.0,0.0,13.0,0.0,14.0,14.77,0.0
172.0,3682.0,1.0,0.0,0.0,5.0,0.0,8.0,65.4,0.0
16.0,3683.0,2.0,1.0,0.0,20.0,0.0,13.0,34.54,0.0
49.0,3683.0,2.0,1.0,0.0,6.0,0.0,6.0,3.93,1.0
58.0,3683.0,2.0,1.0,0.0,35.0,0.0,18.0,6163.01,1.0
69.0,3683.0,2.0,1.0,0.0,9.0,0.0,10.0,42.91,0.0
61.0,3683.0,2.0,1.0,0.0,6.0,0.0,6.0,350.38,1.0
69.0,3683.0,2.0,1.0,0.0,3.0,0.0,7.0,286.6,1.0
70.0,3683.0,2.0,1.0,0.0,0.0,0.0,5.0,36.48,0.0
71.0,3683.0,2.0,1.0,0.0,0.0,0.0,5.0,35.81,0.0
72.0,3683.0,2.0,1.0,0.0,0.0,0.0,5.0,20.85,0.0
72.0,3683.0,2.0,1.0,0.0,22.0,0.0,12.0,90.22,1.0
73.0,3683.0,2.0,1.0,0.0,0.0,0.0,5.0,44.56,0.0
74.0,3683.0,2.0,1.0,0.0,0.0,0.0,5.0,13.48,0.0
114.0,3683.0,2.0,1.0,0.0,0.0,0.0,5.0,25.54,0.0
115.0,3683.0,2.0,1.0,0.0,0.0,0.0,5.0,1.2,0.0
116.0,3683.0,2.0,1.0,0.0,22.0,0.0,12.0,166.4,1.0
117.0,3683.0,2.0,1.0,0.0,0.0,0.0,5.0,46.09,0.0
118.0,3683.0,2.0,1.0,0.0,0.0,0.0,5.0,26.53,0.0
143.0,3683.0,2.0,1.0,0.0,0.0,0.0,5.0,21.67,0.0
145.0,3683.0,2.0,1.0,0.0,0.0,0.0,5.0,14.63,0.0
145.0,3683.0,2.0,1.0,0.0,35.0,0.0,18.0,5538.92,1.0
146.0,3683.0,2.0,1.0,0.0,0.0,0.0,5.0,42.21,0.0
147.0,3683.0,2.0,1.0,0.0,26.0,0.0,12.0,378.43,1.0
147.0,3683.0,2.0,1.0,0.0,0.0,0.0,5.0,9.92,0.0
148.0,3683.0,2.0,1.0,0.0,9.0,0.0,10.0,8.08,0.0
16.0,3684.0,0.0,1.0,0.0,16.0,0.0,16.0,345.18,1.0
17.0,3684.0,0.0,1.0,0.0,13.0,0.0,14.0,15.94,0.0
18.0,3684.0,0.0,1.0,0.0,0.0,0.0,5.0,22.74,0.0
22.0,3684.0,0.0,1.0,0.0,0.0,0.0,5.0,64.89,0.0
24.0,3684.0,0.0,1.0,0.0,0.0,0.0,5.0,7.07,0.0
24.0,3684.0,0.0,1.0,0.0,38.0,0.0,19.0,476.19,1.0
25.0,3684.0,0.0,1.0,0.0,0.0,0.0,5.0,23.99,0.0
26.0,3684.0,0.0,1.0,0.0,0.0,0.0,5.0,47.07,0.0
130.0,3684.0,0.0,1.0,0.0,0.0,0.0,5.0,38.35,0.0
132.0,3684.0,0.0,1.0,0.0,0.0,0.0,5.0,23.54,0.0
133.0,3684.0,0.0,1.0,0.0,6.0,0.0,6.0,632.79,1.0
133.0,3684.0,0.0,1.0,0.0,0.0,0.0,5.0,46.63,0.0
134.0,3684.0,0.0,1.0,0.0,0.0,0.0,5.0,40.08,0.0
173.0,3684.0,0.0,1.0,0.0,0.0,0.0,5.0,14.5,0.0
174.0,3684.0,0.0,1.0,0.0,0.0,0.0,5.0,29.67,0.0
174.0,3684.0,0.0,1.0,0.0,35.0,0.0,18.0,4242.87,1.0
175.0,3684.0,0.0,1.0,0.0,0.0,0.0,5.0,21.12,0.0
177.0,3684.0,0.0,1.0,0.0,0.0,0.0,5.0,23.33,0.0
64.0,3685.0,1.0,0.0,0.0,7.0,0.0,6.0,101.79,0.0
71.0,3685.0,1.0,0.0,0.0,20.0,0.0,13.0,33.86,0.0
76.0,3685.0,1.0,0.0,0.0,15.0,0.0,13.0,68.25,1.0
84.0,3685.0,1.0,0.0,0.0,12.0,0.0,13.0,1.04,0.0
105.0,3685.0,1.0,0.0,0.0,12.0,0.0,13.0,53.51,0.0
127.0,3685.0,1.0,0.0,0.0,1.0,0.0,5.0,34.14,0.0
128.0,3685.0,1.0,0.0,0.0,1.0,0.0,5.0,42.54,0.0
128.0,3685.0,1.0,0.0,0.0,6.0,0.0,6.0,975.26,1.0
129.0,3685.0,1.0,0.0,0.0,1.0,0.0,5.0,29.62,0.0
130.0,3685.0,1.0,0.0,0.0,1.0,0.0,5.0,3.15,0.0
165.0,3685.0,1.0,0.0,0.0,1.0,0.0,5.0,26.03,0.0
166.0,3685.0,1.0,0.0,0.0,1.0,0.0,5.0,1.1,0.0
167.0,3685.0,1.0,0.0,0.0,22.0,0.0,12.0,14.98,1.0
167.0,3685.0,1.0,0.0,0.0,1.0,0.0,5.0,47.03,0.0
168.0,3685.0,1.0,0.0,0.0,1.0,0.0,5.0,49.71,0.0
16.0,3686.0,1.0,0.0,0.0,22.0,0.0,12.0,134.91,1.0
21.0,3686.0,1.0,0.0,0.0,13.0,0.0,14.0,488.02,1.0
30.0,3686.0,1.0,0.0,0.0,20.0,0.0,13.0,81.19,0.0
27.0,3686.0,1.0,0.0,0.0,35.0,0.0,18.0,636.99,1.0
33.0,3686.0,1.0,0.0,0.0,13.0,0.0,14.0,82.6,0.0
37.0,3686.0,1.0,0.0,0.0,9.0,0.0,10.0,15.91,0.0
38.0,3686.0,1.0,0.0,0.0,7.0,0.0,6.0,162.08,0.0
40.0,3686.0,1.0,0.0,0.0,22.0,0.0,12.0,331.54,1.0
85.0,3686.0,1.0,0.0,0.0,25.0,0.0,15.0,38.16,0.0
47.0,3686.0,1.0,0.0,0.0,20.0,0.0,13.0,313.52,1.0
85.0,3686.0,1.0,0.0,0.0,13.0,0.0,14.0,167.53,1.0
93.0,3686.0,1.0,0.0,0.0,12.0,0.0,13.0,118.7,0.0
134.0,3686.0,1.0,0.0,0.0,6.0,0.0,6.0,187.63,1.0
170.0,3686.0,1.0,0.0,0.0,3.0,0.0,7.0,19.81,0.0
29.0,3689.0,0.0,0.0,0.0,2.0,0.0,6.0,50.59,0.0
68.0,3689.0,0.0,0.0,0.0,12.0,0.0,13.0,27.91,0.0
74.0,3689.0,0.0,0.0,0.0,17.0,0.0,9.0,147.15,1.0
78.0,3689.0,0.0,0.0,0.0,12.0,0.0,13.0,65.95,0.0
78.0,3689.0,0.0,0.0,0.0,20.0,0.0,13.0,34.8,0.0
81.0,3689.0,0.0,0.0,0.0,18.0,0.0,9.0,313.18,1.0
92.0,3689.0,0.0,0.0,0.0,39.0,0.0,18.0,1090.06,0.0
89.0,3689.0,0.0,0.0,0.0,3.0,0.0,7.0,211.1,1.0
99.0,3689.0,0.0,0.0,0.0,11.0,0.0,12.0,745.59,1.0
99.0,3689.0,0.0,0.0,0.0,12.0,0.0,13.0,194.65,0.0
99.0,3689.0,0.0,0.0,0.0,20.0,0.0,13.0,66.52,0.0
150.0,3689.0,0.0,0.0,0.0,0.0,0.0,5.0,19.21,0.0
151.0,3689.0,0.0,0.0,0.0,0.0,0.0,5.0,33.27,0.0
152.0,3689.0,0.0,0.0,0.0,20.0,0.0,13.0,362.27,1.0
152.0,3689.0,0.0,0.0,0.0,0.0,0.0,5.0,27.57,0.0
152.0,3689.0,0.0,0.0,0.0,22.0,0.0,12.0,111.27,1.0
153.0,3689.0,0.0,0.0,0.0,0.0,0.0,5.0,1.41,0.0
153.0,3689.0,0.0,0.0,0.0,11.0,0.0,12.0,209.07,1.0
154.0,3689.0,0.0,0.0,0.0,0.0,0.0,5.0,5.45,0.0
156.0,3689.0,0.0,0.0,0.0,9.0,0.0,10.0,61.61,0.0
44.0,3690.0,6.0,2.0,0.0,22.0,0.0,12.0,118.84,0.0
90.0,3690.0,6.0,2.0,0.0,25.0,0.0,15.0,30.62,0.0
94.0,3690.0,6.0,2.0,0.0,6.0,0.0,6.0,371.84,1.0
106.0,3690.0,6.0,2.0,0.0,6.0,0.0,6.0,119.35,0.0
106.0,3690.0,6.0,2.0,0.0,7.0,0.0,6.0,115.44,0.0
128.0,3690.0,6.0,2.0,0.0,7.0,0.0,6.0,52.89,0.0
128.0,3690.0,6.0,2.0,0.0,2.0,0.0,6.0,160.89,0.0
136.0,3690.0,6.0,2.0,0.0,41.0,0.0,19.0,462.97,1.0
168.0,3690.0,6.0,2.0,0.0,6.0,0.0,6.0,115.83,0.0
168.0,3690.0,6.0,2.0,0.0,7.0,0.0,6.0,44.94,0.0
16.0,3691.0,1.0,1.0,0.0,30.0,0.0,16.0,31.42,0.0
18.0,3691.0,1.0,1.0,0.0,20.0,0.0,13.0,74.37,0.0
21.0,3691.0,1.0,1.0,0.0,20.0,0.0,13.0,288.94,1.0
25.0,3691.0,1.0,1.0,0.0,8.0,0.0,9.0,14.59,0.0
28.0,3691.0,1.0,1.0,0.0,22.0,0.0,12.0,513.75,1.0
44.0,3691.0,1.0,1.0,0.0,20.0,0.0,13.0,45.37,0.0
52.0,3691.0,1.0,1.0,0.0,6.0,0.0,6.0,1057.09,1.0
62.0,3691.0,1.0,1.0,0.0,9.0,0.0,10.0,75.32,0.0
63.0,3691.0,1.0,1.0,0.0,0.0,0.0,5.0,30.22,0.0
89.0,3691.0,1.0,1.0,0.0,1.0,0.0,5.0,30.18,0.0
90.0,3691.0,1.0,1.0,0.0,1.0,0.0,5.0,38.0,0.0
91.0,3691.0,1.0,1.0,0.0,22.0,0.0,12.0,643.45,1.0
91.0,3691.0,1.0,1.0,0.0,1.0,0.0,5.0,12.51,0.0
92.0,3691.0,1.0,1.0,0.0,1.0,0.0,5.0,38.17,0.0
95.0,3691.0,1.0,1.0,0.0,5.0,0.0,8.0,33.65,0.0
96.0,3691.0,1.0,1.0,0.0,1.0,0.0,5.0,53.8,0.0
97.0,3691.0,1.0,1.0,0.0,31.0,0.0,9.0,908.69,1.0
97.0,3691.0,1.0,1.0,0.0,1.0,0.0,5.0,33.91,0.0
98.0,3691.0,1.0,1.0,0.0,5.0,0.0,8.0,17.74,0.0
123.0,3691.0,1.0,1.0,0.0,5.0,0.0,8.0,51.01,0.0
124.0,3691.0,1.0,1.0,0.0,5.0,0.0,8.0,56.52,0.0
124.0,3691.0,1.0,1.0,0.0,6.0,0.0,6.0,523.0,1.0
125.0,3691.0,1.0,1.0,0.0,5.0,0.0,8.0,18.54,0.0
126.0,3691.0,1.0,1.0,0.0,1.0,0.0,5.0,34.99,0.0
16.0,3693.0,3.0,1.0,0.0,30.0,0.0,16.0,74.88,0.0
22.0,3693.0,3.0,1.0,0.0,18.0,0.0,9.0,743.27,1.0
24.0,3693.0,3.0,1.0,0.0,0.0,0.0,5.0,34.77,0.0
26.0,3693.0,3.0,1.0,0.0,0.0,0.0,5.0,22.5,0.0
28.0,3693.0,3.0,1.0,0.0,0.0,0.0,5.0,46.84,0.0
29.0,3693.0,3.0,1.0,0.0,0.0,0.0,5.0,48.78,0.0
31.0,3693.0,3.0,1.0,0.0,17.0,0.0,9.0,380.3,1.0
32.0,3693.0,3.0,1.0,0.0,9.0,0.0,10.0,29.58,0.0
34.0,3693.0,3.0,1.0,0.0,35.0,0.0,18.0,1330.03,1.0
36.0,3693.0,3.0,1.0,0.0,0.0,0.0,5.0,33.98,0.0
37.0,3693.0,3.0,1.0,0.0,0.0,0.0,5.0,21.49,0.0
47.0,3693.0,3.0,1.0,0.0,0.0,0.0,5.0,24.11,0.0
48.0,3693.0,3.0,1.0,0.0,0.0,0.0,5.0,22.42,0.0
49.0,3693.0,3.0,1.0,0.0,35.0,0.0,18.0,4344.03,1.0
49.0,3693.0,3.0,1.0,0.0,0.0,0.0,5.0,30.34,0.0
49.0,3693.0,3.0,1.0,0.0,17.0,0.0,9.0,1156.66,1.0
50.0,3693.0,3.0,1.0,0.0,0.0,0.0,5.0,21.79,0.0
51.0,3693.0,3.0,1.0,0.0,0.0,0.0,5.0,0.07,0.0
106.0,3693.0,3.0,1.0,0.0,0.0,0.0,5.0,49.3,0.0
107.0,3693.0,3.0,1.0,0.0,0.0,0.0,5.0,40.64,0.0
108.0,3693.0,3.0,1.0,0.0,35.0,0.0,18.0,2000.08,1.0
109.0,3693.0,3.0,1.0,0.0,0.0,0.0,5.0,30.98,0.0
110.0,3693.0,3.0,1.0,0.0,0.0,0.0,5.0,31.95,0.0
146.0,3693.0,3.0,1.0,0.0,0.0,0.0,5.0,10.34,0.0
147.0,3693.0,3.0,1.0,0.0,0.0,0.0,5.0,20.19,0.0
148.0,3693.0,3.0,1.0,0.0,6.0,0.0,6.0,398.89,1.0
148.0,3693.0,3.0,1.0,0.0,0.0,0.0,5.0,4.3,0.0
149.0,3693.0,3.0,1.0,0.0,0.0,0.0,5.0,14.6,0.0
159.0,3693.0,3.0,1.0,0.0,0.0,0.0,5.0,31.89,0.0
160.0,3693.0,3.0,1.0,0.0,0.0,0.0,5.0,27.6,0.0
161.0,3693.0,3.0,1.0,0.0,10.0,0.0,11.0,486.9,1.0
161.0,3693.0,3.0,1.0,0.0,0.0,0.0,5.0,16.07,0.0
162.0,3693.0,3.0,1.0,0.0,0.0,0.0,5.0,29.84,0.0
26.0,3694.0,1.0,1.0,0.0,1.0,0.0,5.0,20.87,0.0
27.0,3694.0,1.0,1.0,0.0,1.0,0.0,5.0,47.63,0.0
27.0,3694.0,1.0,1.0,0.0,6.0,0.0,6.0,283.51,1.0
28.0,3694.0,1.0,1.0,0.0,1.0,0.0,5.0,51.64,0.0
29.0,3694.0,1.0,1.0,0.0,6.0,0.0,6.0,752.1,1.0
29.0,3694.0,1.0,1.0,0.0,5.0,0.0,8.0,58.07,0.0
30.0,3694.0,1.0,1.0,0.0,13.0,0.0,14.0,14.42,0.0
34.0,3694.0,1.0,1.0,0.0,0.0,0.0,5.0,22.64,0.0
35.0,3694.0,1.0,1.0,0.0,13.0,0.0,14.0,33.18,0.0
35.0,3694.0,1.0,1.0,0.0,22.0,0.0,12.0,914.82,1.0
36.0,3694.0,1.0,1.0,0.0,0.0,0.0,5.0,17.82,0.0
38.0,3694.0,1.0,1.0,0.0,0.0,0.0,5.0,9.11,0.0
55.0,3694.0,1.0,1.0,0.0,0.0,0.0,5.0,0.09,0.0
57.0,3694.0,1.0,1.0,0.0,0.0,0.0,5.0,9.39,0.0
58.0,3694.0,1.0,1.0,0.0,13.0,0.0,14.0,3.92,1.0
58.0,3694.0,1.0,1.0,0.0,0.0,0.0,5.0,20.4,0.0
59.0,3694.0,1.0,1.0,0.0,0.0,0.0,5.0,24.43,0.0
171.0,3694.0,1.0,1.0,0.0,1.0,0.0,5.0,57.01,0.0
172.0,3694.0,1.0,1.0,0.0,1.0,0.0,5.0,24.78,0.0
173.0,3694.0,1.0,1.0,0.0,35.0,0.0,18.0,1923.23,1.0
173.0,3694.0,1.0,1.0,0.0,1.0,0.0,5.0,17.04,0.0
174.0,3694.0,1.0,1.0,0.0,1.0,0.0,5.0,41.92,0.0
18.0,3696.0,3.0,1.0,0.0,3.0,0.0,7.0,96.32,0.0
20.0,3696.0,3.0,1.0,0.0,3.0,0.0,7.0,7.11,0.0
23.0,3696.0,3.0,1.0,0.0,22.0,0.0,12.0,471.89,1.0
26.0,3696.0,3.0,1.0,0.0,12.0,0.0,13.0,53.1,0.0
26.0,3696.0,3.0,1.0,0.0,21.0,0.0,13.0,18.39,0.0
32.0,3696.0,3.0,1.0,0.0,12.0,0.0,13.0,23.19,0.0
32.0,3696.0,3.0,1.0,0.0,21.0,0.0,13.0,59.72,0.0
50.0,3696.0,3.0,1.0,0.0,22.0,0.0,12.0,626.3,1.0
61.0,3696.0,3.0,1.0,0.0,3.0,0.0,7.0,172.24,0.0
52.0,3696.0,3.0,1.0,0.0,22.0,0.0,12.0,783.12,1.0
79.0,3696.0,3.0,1.0,0.0,6.0,0.0,6.0,919.71,1.0
86.0,3696.0,3.0,1.0,0.0,14.0,0.0,15.0,14.8,0.0
83.0,3696.0,3.0,1.0,0.0,10.0,0.0,11.0,508.03,1.0
87.0,3696.0,3.0,1.0,0.0,1.0,0.0,5.0,51.68,0.0
88.0,3696.0,3.0,1.0,0.0,1.0,0.0,5.0,46.92,0.0
88.0,3696.0,3.0,1.0,0.0,6.0,0.0,6.0,595.09,1.0
89.0,3696.0,3.0,1.0,0.0,5.0,0.0,8.0,68.16,0.0
90.0,3696.0,3.0,1.0,0.0,1.0,0.0,5.0,76.56,0.0
120.0,3696.0,3.0,1.0,0.0,43.0,0.0,9.0,36.88,0.0
121.0,3696.0,3.0,1.0,0.0,0.0,0.0,5.0,25.79,0.0
122.0,3696.0,3.0,1.0,0.0,3.0,0.0,7.0,893.57,1.0
122.0,3696.0,3.0,1.0,0.0,0.0,0.0,5.0,2.3,0.0
123.0,3696.0,3.0,1.0,0.0,0.0,0.0,5.0,22.55,0.0
127.0,3696.0,3.0,1.0,0.0,9.0,0.0,10.0,27.74,0.0
128.0,3696.0,3.0,1.0,0.0,0.0,0.0,5.0,48.41,0.0
129.0,3696.0,3.0,1.0,0.0,22.0,0.0,12.0,20.07,1.0
131.0,3696.0,3.0,1.0,0.0,0.0,0.0,5.0,18.52,0.0
132.0,3696.0,3.0,1.0,0.0,0.0,0.0,5.0,61.94,0.0
156.0,3696.0,3.0,1.0,0.0,13.0,0.0,14.0,78.58,0.0
157.0,3696.0,3.0,1.0,0.0,0.0,0.0,5.0,42.57,0.0
158.0,3696.0,3.0,1.0,0.0,6.0,0.0,6.0,987.28,1.0
158.0,3696.0,3.0,1.0,0.0,0.0,0.0,5.0,9.14,0.0
159.0,3696.0,3.0,1.0,0.0,0.0,0.0,5.0,36.87,0.0
16.0,3697.0,1.0,1.0,0.0,8.0,0.0,9.0,139.28,0.0
18.0,3697.0,1.0,1.0,0.0,30.0,0.0,16.0,12.98,0.0
37.0,3697.0,1.0,1.0,0.0,6.0,0.0,6.0,540.7,1.0
40.0,3697.0,1.0,1.0,0.0,25.0,0.0,15.0,27.85,0.0
49.0,3697.0,1.0,1.0,0.0,12.0,0.0,13.0,127.19,0.0
79.0,3697.0,1.0,1.0,0.0,0.0,0.0,5.0,23.25,0.0
80.0,3697.0,1.0,1.0,0.0,0.0,0.0,5.0,21.83,0.0
80.0,3697.0,1.0,1.0,0.0,22.0,0.0,12.0,491.52,1.0
81.0,3697.0,1.0,1.0,0.0,0.0,0.0,5.0,20.33,0.0
82.0,3697.0,1.0,1.0,0.0,0.0,0.0,5.0,11.18,0.0
84.0,3697.0,1.0,1.0,0.0,0.0,0.0,5.0,14.0,0.0
85.0,3697.0,1.0,1.0,0.0,0.0,0.0,5.0,16.88,0.0
86.0,3697.0,1.0,1.0,0.0,38.0,0.0,19.0,295.65,1.0
86.0,3697.0,1.0,1.0,0.0,0.0,0.0,5.0,40.49,0.0
87.0,3697.0,1.0,1.0,0.0,0.0,0.0,5.0,5.65,0.0
172.0,3697.0,1.0,1.0,0.0,1.0,0.0,5.0,32.94,0.0
173.0,3697.0,1.0,1.0,0.0,1.0,0.0,5.0,50.81,0.0
173.0,3697.0,1.0,1.0,0.0,35.0,0.0,18.0,770.83,1.0
174.0,3697.0,1.0,1.0,0.0,1.0,0.0,5.0,38.26,0.0
175.0,3697.0,1.0,1.0,0.0,1.0,0.0,5.0,8.01,0.0
16.0,3698.0,0.0,1.0,0.0,20.0,0.0,13.0,37.12,0.0
21.0,3698.0,0.0,1.0,0.0,20.0,0.0,13.0,182.95,1.0
22.0,3698.0,0.0,1.0,0.0,6.0,0.0,6.0,200.96,0.0
24.0,3698.0,0.0,1.0,0.0,22.0,0.0,12.0,112.34,1.0
47.0,3698.0,0.0,1.0,0.0,3.0,0.0,7.0,8.26,0.0
35.0,3698.0,0.0,1.0,0.0,13.0,0.0,14.0,285.73,1.0
59.0,3698.0,0.0,1.0,0.0,6.0,0.0,6.0,141.3,0.0
71.0,3698.0,0.0,1.0,0.0,1.0,0.0,5.0,10.92,0.0
72.0,3698.0,0.0,1.0,0.0,1.0,0.0,5.0,45.57,0.0
72.0,3698.0,0.0,1.0,0.0,10.0,0.0,11.0,637.26,1.0
73.0,3698.0,0.0,1.0,0.0,1.0,0.0,5.0,0.02,0.0
74.0,3698.0,0.0,1.0,0.0,14.0,0.0,15.0,82.55,0.0
84.0,3698.0,0.0,1.0,0.0,1.0,0.0,5.0,13.03,0.0
85.0,3698.0,0.0,1.0,0.0,1.0,0.0,5.0,7.19,0.0
86.0,3698.0,0.0,1.0,0.0,22.0,0.0,12.0,347.5,1.0
86.0,3698.0,0.0,1.0,0.0,1.0,0.0,5.0,26.54,0.0
88.0,3698.0,0.0,1.0,0.0,1.0,0.0,5.0,28.95,0.0
77.0,3700.0,1.0,0.0,0.0,0.0,0.0,5.0,57.16,0.0
78.0,3700.0,1.0,0.0,0.0,15.0,0.0,13.0,30.24,0.0
78.0,3700.0,1.0,0.0,0.0,6.0,0.0,6.0,26.1,1.0
79.0,3700.0,1.0,0.0,0.0,0.0,0.0,5.0,5.91,0.0
80.0,3700.0,1.0,0.0,0.0,0.0,0.0,5.0,26.34,0.0
177.0,3700.0,1.0,0.0,0.0,27.0,0.0,12.0,101.89,0.0
178.0,3700.0,1.0,0.0,0.0,0.0,0.0,5.0,3.38,0.0
179.0,3700.0,1.0,0.0,0.0,22.0,0.0,12.0,518.5,1.0
179.0,3700.0,1.0,0.0,0.0,0.0,0.0,5.0,25.94,0.0
135.0,3701.0,1.0,1.0,0.0,6.0,0.0,6.0,42.13,0.0
135.0,3701.0,1.0,1.0,0.0,7.0,0.0,6.0,51.54,0.0
140.0,3701.0,1.0,1.0,0.0,12.0,0.0,13.0,132.9,1.0
151.0,3701.0,1.0,1.0,0.0,7.0,0.0,6.0,114.84,0.0
144.0,3701.0,1.0,1.0,0.0,6.0,0.0,6.0,25.05,1.0
151.0,3701.0,1.0,1.0,0.0,2.0,0.0,6.0,62.58,0.0
155.0,3701.0,1.0,1.0,0.0,15.0,0.0,13.0,15.61,1.0
166.0,3701.0,1.0,1.0,0.0,12.0,0.0,13.0,91.74,0.0
163.0,3701.0,1.0,1.0,0.0,3.0,0.0,7.0,90.38,1.0
168.0,3701.0,1.0,1.0,0.0,3.0,0.0,7.0,337.62,1.0
168.0,3701.0,1.0,1.0,0.0,13.0,0.0,14.0,57.41,0.0
169.0,3701.0,1.0,1.0,0.0,5.0,0.0,8.0,4.48,0.0
38.0,3706.0,1.0,1.0,0.0,0.0,0.0,5.0,39.93,0.0
39.0,3706.0,1.0,1.0,0.0,0.0,0.0,5.0,4.76,0.0
39.0,3706.0,1.0,1.0,0.0,22.0,0.0,12.0,64.15,1.0
40.0,3706.0,1.0,1.0,0.0,0.0,0.0,5.0,37.33,0.0
41.0,3706.0,1.0,1.0,0.0,0.0,0.0,5.0,14.94,0.0
42.0,3711.0,1.0,1.0,0.0,20.0,0.0,13.0,9.77,0.0
47.0,3711.0,1.0,1.0,0.0,6.0,0.0,6.0,6.93,0.0
86.0,3711.0,1.0,1.0,0.0,22.0,0.0,12.0,238.51,1.0
93.0,3711.0,1.0,1.0,0.0,25.0,0.0,15.0,78.56,0.0
113.0,3711.0,1.0,1.0,0.0,12.0,0.0,13.0,39.53,0.0
139.0,3711.0,1.0,1.0,0.0,6.0,0.0,6.0,21.08,0.0
139.0,3711.0,1.0,1.0,0.0,7.0,0.0,6.0,48.27,0.0
143.0,3711.0,1.0,1.0,0.0,27.0,0.0,12.0,597.79,1.0
146.0,3711.0,1.0,1.0,0.0,20.0,0.0,13.0,39.95,0.0
163.0,3711.0,1.0,1.0,0.0,6.0,0.0,6.0,144.93,0.0
162.0,3712.0,2.0,1.0,0.0,0.0,0.0,5.0,36.64,0.0
163.0,3712.0,2.0,1.0,0.0,0.0,0.0,5.0,26.25,0.0
164.0,3712.0,2.0,1.0,0.0,10.0,0.0,11.0,319.35,1.0
164.0,3712.0,2.0,1.0,0.0,0.0,0.0,5.0,41.81,0.0
165.0,3712.0,2.0,1.0,0.0,0.0,0.0,5.0,23.86,0.0
68.0,3714.0,1.0,1.0,0.0,6.0,0.0,6.0,13.27,0.0
94.0,3714.0,1.0,1.0,0.0,17.0,0.0,9.0,194.27,0.0
104.0,3714.0,1.0,1.0,0.0,20.0,0.0,13.0,87.03,1.0
112.0,3714.0,1.0,1.0,0.0,13.0,0.0,14.0,42.64,0.0
113.0,3714.0,1.0,1.0,0.0,0.0,0.0,5.0,65.51,0.0
129.0,3714.0,1.0,1.0,0.0,0.0,0.0,5.0,30.21,0.0
131.0,3714.0,1.0,1.0,0.0,0.0,0.0,5.0,4.77,0.0
131.0,3714.0,1.0,1.0,0.0,20.0,0.0,13.0,489.91,1.0
132.0,3714.0,1.0,1.0,0.0,13.0,0.0,14.0,25.01,0.0
133.0,3714.0,1.0,1.0,0.0,0.0,0.0,5.0,20.02,0.0
176.0,3714.0,1.0,1.0,0.0,0.0,0.0,5.0,18.81,0.0
177.0,3714.0,1.0,1.0,0.0,0.0,0.0,5.0,32.85,0.0
178.0,3714.0,1.0,1.0,0.0,38.0,0.0,19.0,346.83,1.0
178.0,3714.0,1.0,1.0,0.0,0.0,0.0,5.0,45.69,0.0
179.0,3714.0,1.0,1.0,0.0,0.0,0.0,5.0,15.79,0.0
17.0,3715.0,0.0,1.0,0.0,3.0,0.0,7.0,142.74,1.0
28.0,3715.0,0.0,1.0,0.0,6.0,0.0,6.0,157.51,0.0
27.0,3715.0,0.0,1.0,0.0,41.0,0.0,19.0,387.19,1.0
39.0,3715.0,0.0,1.0,0.0,45.0,0.0,18.0,1649.5,1.0
56.0,3715.0,0.0,1.0,0.0,25.0,0.0,15.0,48.7,0.0
60.0,3715.0,0.0,1.0,0.0,6.0,0.0,6.0,160.89,0.0
72.0,3715.0,0.0,1.0,0.0,2.0,0.0,6.0,6.96,0.0
78.0,3715.0,0.0,1.0,0.0,12.0,0.0,13.0,62.97,0.0
96.0,3715.0,0.0,1.0,0.0,3.0,0.0,7.0,207.56,1.0
96.0,3715.0,0.0,1.0,0.0,13.0,0.0,14.0,27.48,0.0
97.0,3715.0,0.0,1.0,0.0,0.0,0.0,5.0,1.08,0.0
153.0,3715.0,0.0,1.0,0.0,0.0,0.0,5.0,22.09,0.0
154.0,3715.0,0.0,1.0,0.0,0.0,0.0,5.0,32.26,0.0
155.0,3715.0,0.0,1.0,0.0,6.0,0.0,6.0,135.83,1.0
156.0,3715.0,0.0,1.0,0.0,0.0,0.0,5.0,69.28,0.0
157.0,3715.0,0.0,1.0,0.0,0.0,0.0,5.0,25.75,0.0
160.0,3715.0,0.0,1.0,0.0,0.0,0.0,5.0,7.1,0.0
161.0,3715.0,0.0,1.0,0.0,0.0,0.0,5.0,32.83,0.0
161.0,3715.0,0.0,1.0,0.0,6.0,0.0,6.0,303.75,1.0
162.0,3715.0,0.0,1.0,0.0,0.0,0.0,5.0,0.31,0.0
163.0,3715.0,0.0,1.0,0.0,0.0,0.0,5.0,9.29,0.0
164.0,3715.0,0.0,1.0,0.0,0.0,0.0,5.0,13.81,0.0
165.0,3715.0,0.0,1.0,0.0,0.0,0.0,5.0,27.37,0.0
166.0,3715.0,0.0,1.0,0.0,6.0,0.0,6.0,221.86,1.0
167.0,3715.0,0.0,1.0,0.0,37.0,0.0,16.0,56.69,0.0
168.0,3715.0,0.0,1.0,0.0,0.0,0.0,5.0,6.12,0.0
175.0,3715.0,0.0,1.0,0.0,1.0,0.0,5.0,2.7,0.0
176.0,3715.0,0.0,1.0,0.0,1.0,0.0,5.0,51.23,0.0
177.0,3715.0,0.0,1.0,0.0,20.0,0.0,13.0,241.16,1.0
177.0,3715.0,0.0,1.0,0.0,14.0,0.0,15.0,55.21,0.0
178.0,3715.0,0.0,1.0,0.0,1.0,0.0,5.0,40.98,0.0
73.0,3717.0,1.0,1.0,0.0,22.0,0.0,12.0,65.07,0.0
92.0,3717.0,1.0,1.0,0.0,7.0,0.0,6.0,213.41,0.0
95.0,3717.0,1.0,1.0,0.0,13.0,0.0,14.0,40.97,1.0
109.0,3717.0,1.0,1.0,0.0,7.0,0.0,6.0,79.62,0.0
109.0,3717.0,1.0,1.0,0.0,2.0,0.0,6.0,140.54,0.0
17.0,3718.0,2.0,1.0,0.0,6.0,0.0,6.0,107.69,0.0
75.0,3718.0,2.0,1.0,0.0,25.0,0.0,15.0,47.62,0.0
123.0,3718.0,2.0,1.0,0.0,22.0,0.0,12.0,102.97,1.0
171.0,3718.0,2.0,1.0,0.0,11.0,0.0,12.0,143.58,0.0
174.0,3718.0,2.0,1.0,0.0,12.0,0.0,13.0,78.84,0.0
79.0,3719.0,0.0,1.0,0.0,1.0,0.0,5.0,29.11,0.0
80.0,3719.0,0.0,1.0,0.0,1.0,0.0,5.0,14.35,0.0
81.0,3719.0,0.0,1.0,0.0,22.0,0.0,12.0,251.05,1.0
81.0,3719.0,0.0,1.0,0.0,1.0,0.0,5.0,17.05,0.0
82.0,3719.0,0.0,1.0,0.0,1.0,0.0,5.0,30.45,0.0
120.0,3720.0,0.0,1.0,0.0,7.0,0.0,6.0,59.07,0.0
120.0,3720.0,0.0,1.0,0.0,2.0,0.0,6.0,157.03,0.0
130.0,3720.0,0.0,1.0,0.0,18.0,0.0,9.0,325.7,1.0
134.0,3720.0,0.0,1.0,0.0,13.0,0.0,14.0,44.12,0.0
135.0,3720.0,0.0,1.0,0.0,0.0,0.0,5.0,38.68,0.0
154.0,3720.0,0.0,1.0,0.0,1.0,0.0,5.0,14.03,0.0
155.0,3720.0,0.0,1.0,0.0,1.0,0.0,5.0,4.05,0.0
156.0,3720.0,0.0,1.0,0.0,17.0,0.0,9.0,611.33,1.0
156.0,3720.0,0.0,1.0,0.0,1.0,0.0,5.0,3.08,0.0
158.0,3720.0,0.0,1.0,0.0,1.0,0.0,5.0,25.7,0.0
17.0,3722.0,2.0,0.0,0.0,22.0,0.0,12.0,410.67,1.0
19.0,3722.0,2.0,0.0,0.0,22.0,0.0,12.0,66.72,0.0
31.0,3722.0,2.0,0.0,0.0,22.0,0.0,12.0,301.0,1.0
32.0,3722.0,2.0,0.0,0.0,7.0,0.0,6.0,15.48,0.0
61.0,3722.0,2.0,0.0,0.0,7.0,0.0,6.0,49.22,0.0
71.0,3722.0,2.0,0.0,0.0,0.0,0.0,5.0,8.11,0.0
72.0,3722.0,2.0,0.0,0.0,0.0,0.0,5.0,13.97,0.0
73.0,3722.0,2.0,0.0,0.0,41.0,0.0,19.0,396.7,1.0
73.0,3722.0,2.0,0.0,0.0,0.0,0.0,5.0,21.41,0.0
74.0,3722.0,2.0,0.0,0.0,0.0,0.0,5.0,63.22,0.0
107.0,3722.0,2.0,0.0,0.0,0.0,0.0,5.0,27.93,0.0
108.0,3722.0,2.0,0.0,0.0,0.0,0.0,5.0,5.8,0.0
109.0,3722.0,2.0,0.0,0.0,22.0,0.0,12.0,57.33,1.0
110.0,3722.0,2.0,0.0,0.0,0.0,0.0,5.0,68.99,0.0
111.0,3722.0,2.0,0.0,0.0,0.0,0.0,5.0,42.59,0.0
144.0,3722.0,2.0,0.0,0.0,0.0,0.0,5.0,6.45,0.0
147.0,3722.0,2.0,0.0,0.0,0.0,0.0,5.0,35.8,0.0
148.0,3722.0,2.0,0.0,0.0,6.0,0.0,6.0,118.44,1.0
149.0,3722.0,2.0,0.0,0.0,0.0,0.0,5.0,6.5,0.0
150.0,3722.0,2.0,0.0,0.0,0.0,0.0,5.0,31.67,0.0
62.0,3723.0,5.0,0.0,0.0,12.0,0.0,13.0,115.85,0.0
62.0,3723.0,5.0,0.0,0.0,20.0,0.0,13.0,44.97,0.0
62.0,3723.0,5.0,0.0,0.0,6.0,0.0,6.0,104.44,1.0
69.0,3723.0,5.0,0.0,0.0,13.0,0.0,14.0,8.21,0.0
70.0,3723.0,5.0,0.0,0.0,0.0,0.0,5.0,24.42,0.0
73.0,3723.0,5.0,0.0,0.0,0.0,0.0,5.0,56.79,0.0
74.0,3723.0,5.0,0.0,0.0,0.0,0.0,5.0,29.61,0.0
75.0,3723.0,5.0,0.0,0.0,35.0,0.0,18.0,5468.17,1.0
75.0,3723.0,5.0,0.0,0.0,0.0,0.0,5.0,64.54,0.0
76.0,3723.0,5.0,0.0,0.0,0.0,0.0,5.0,34.13,0.0
127.0,3723.0,5.0,0.0,0.0,0.0,0.0,5.0,41.18,0.0
130.0,3723.0,5.0,0.0,0.0,0.0,0.0,5.0,41.66,0.0
130.0,3723.0,5.0,0.0,0.0,38.0,0.0,19.0,288.35,1.0
131.0,3723.0,5.0,0.0,0.0,0.0,0.0,5.0,23.8,0.0
132.0,3723.0,5.0,0.0,0.0,0.0,0.0,5.0,10.74,0.0
137.0,3723.0,5.0,0.0,0.0,0.0,0.0,5.0,46.15,0.0
139.0,3723.0,5.0,0.0,0.0,0.0,0.0,5.0,16.93,0.0
140.0,3723.0,5.0,0.0,0.0,22.0,0.0,12.0,560.36,1.0
142.0,3723.0,5.0,0.0,0.0,0.0,0.0,5.0,12.15,0.0
143.0,3723.0,5.0,0.0,0.0,0.0,0.0,5.0,4.18,0.0
143.0,3723.0,5.0,0.0,0.0,26.0,0.0,12.0,500.77,1.0
144.0,3723.0,5.0,0.0,0.0,0.0,0.0,5.0,20.4,0.0
145.0,3723.0,5.0,0.0,0.0,13.0,0.0,14.0,106.25,0.0
50.0,3724.0,4.0,1.0,0.0,0.0,0.0,5.0,32.22,0.0
51.0,3724.0,4.0,1.0,0.0,0.0,0.0,5.0,49.06,0.0
51.0,3724.0,4.0,1.0,0.0,38.0,0.0,19.0,152.24,1.0
52.0,3724.0,4.0,1.0,0.0,0.0,0.0,5.0,4.83,0.0
53.0,3724.0,4.0,1.0,0.0,0.0,0.0,5.0,0.28,0.0
81.0,3724.0,4.0,1.0,0.0,0.0,0.0,5.0,28.93,0.0
82.0,3724.0,4.0,1.0,0.0,0.0,0.0,5.0,56.32,0.0
83.0,3724.0,4.0,1.0,0.0,16.0,0.0,16.0,224.53,1.0
83.0,3724.0,4.0,1.0,0.0,0.0,0.0,5.0,68.81,0.0
84.0,3724.0,4.0,1.0,0.0,0.0,0.0,5.0,51.81,0.0
131.0,3724.0,4.0,1.0,0.0,1.0,0.0,5.0,36.42,0.0
132.0,3724.0,4.0,1.0,0.0,1.0,0.0,5.0,48.56,0.0
132.0,3724.0,4.0,1.0,0.0,35.0,0.0,18.0,3902.82,1.0
133.0,3724.0,4.0,1.0,0.0,1.0,0.0,5.0,0.34,0.0
134.0,3724.0,4.0,1.0,0.0,1.0,0.0,5.0,24.73,0.0
17.0,3725.0,1.0,0.0,0.0,6.0,0.0,6.0,96.79,0.0
54.0,3725.0,1.0,0.0,0.0,6.0,0.0,6.0,36.5,1.0
54.0,3725.0,1.0,0.0,0.0,6.0,0.0,6.0,152.23,0.0
57.0,3725.0,1.0,0.0,0.0,25.0,0.0,15.0,538.58,1.0
63.0,3725.0,1.0,0.0,0.0,22.0,0.0,12.0,484.12,1.0
76.0,3725.0,1.0,0.0,0.0,38.0,0.0,19.0,338.21,1.0
82.0,3725.0,1.0,0.0,0.0,20.0,0.0,13.0,227.12,1.0
120.0,3725.0,1.0,0.0,0.0,12.0,0.0,13.0,52.62,0.0
88.0,3725.0,1.0,0.0,0.0,22.0,0.0,12.0,205.15,1.0
125.0,3725.0,1.0,0.0,0.0,25.0,0.0,15.0,33.73,0.0
133.0,3725.0,1.0,0.0,0.0,22.0,0.0,12.0,140.15,1.0
160.0,3725.0,1.0,0.0,0.0,15.0,0.0,13.0,218.09,1.0
171.0,3725.0,1.0,0.0,0.0,25.0,0.0,15.0,109.26,0.0
165.0,3725.0,1.0,0.0,0.0,6.0,0.0,6.0,294.47,1.0
174.0,3725.0,1.0,0.0,0.0,16.0,0.0,16.0,524.77,1.0
109.0,3726.0,2.0,1.0,0.0,1.0,0.0,5.0,16.09,0.0
110.0,3726.0,2.0,1.0,0.0,1.0,0.0,5.0,6.51,0.0
110.0,3726.0,2.0,1.0,0.0,12.0,0.0,13.0,241.59,1.0
111.0,3726.0,2.0,1.0,0.0,1.0,0.0,5.0,35.73,0.0
112.0,3726.0,2.0,1.0,0.0,1.0,0.0,5.0,0.42,0.0
141.0,3726.0,2.0,1.0,0.0,42.0,0.0,6.0,44.69,0.0
142.0,3726.0,2.0,1.0,0.0,1.0,0.0,5.0,3.64,0.0
143.0,3726.0,2.0,1.0,0.0,12.0,0.0,13.0,330.76,1.0
143.0,3726.0,2.0,1.0,0.0,1.0,0.0,5.0,39.59,0.0
144.0,3726.0,2.0,1.0,0.0,1.0,0.0,5.0,45.0,0.0
17.0,3729.0,2.0,0.0,0.0,22.0,0.0,12.0,33.49,1.0
20.0,3729.0,2.0,0.0,0.0,10.0,0.0,11.0,142.48,0.0
21.0,3729.0,2.0,0.0,0.0,1.0,0.0,5.0,5.7,0.0
32.0,3729.0,2.0,0.0,0.0,1.0,0.0,5.0,12.19,0.0
33.0,3729.0,2.0,0.0,0.0,1.0,0.0,5.0,2.09,0.0
34.0,3729.0,2.0,0.0,0.0,18.0,0.0,9.0,144.01,1.0
34.0,3729.0,2.0,0.0,0.0,1.0,0.0,5.0,26.18,0.0
35.0,3729.0,2.0,0.0,0.0,1.0,0.0,5.0,45.96,0.0
36.0,3729.0,2.0,0.0,0.0,28.0,0.0,13.0,25.85,0.0
37.0,3729.0,2.0,0.0,0.0,6.0,0.0,6.0,290.69,1.0
37.0,3729.0,2.0,0.0,0.0,34.0,0.0,17.0,46.4,0.0
38.0,3729.0,2.0,0.0,0.0,1.0,0.0,5.0,11.16,0.0
67.0,3729.0,2.0,0.0,0.0,14.0,0.0,15.0,38.41,0.0
68.0,3729.0,2.0,0.0,0.0,1.0,0.0,5.0,43.08,0.0
68.0,3729.0,2.0,0.0,0.0,16.0,0.0,16.0,101.79,1.0
69.0,3729.0,2.0,0.0,0.0,28.0,0.0,13.0,15.52,0.0
70.0,3729.0,2.0,0.0,0.0,0.0,0.0,5.0,0.44,0.0
71.0,3729.0,2.0,0.0,0.0,0.0,0.0,5.0,26.34,0.0
72.0,3729.0,2.0,0.0,0.0,0.0,0.0,5.0,20.08,0.0
72.0,3729.0,2.0,0.0,0.0,22.0,0.0,12.0,600.44,1.0
74.0,3729.0,2.0,0.0,0.0,0.0,0.0,5.0,41.29,0.0
75.0,3729.0,2.0,0.0,0.0,0.0,0.0,5.0,11.37,0.0
70.0,3732.0,1.0,0.0,0.0,4.0,0.0,6.0,14.56,0.0
71.0,3732.0,1.0,0.0,0.0,1.0,0.0,5.0,3.02,0.0
72.0,3732.0,1.0,0.0,0.0,22.0,0.0,12.0,500.13,1.0
73.0,3732.0,1.0,0.0,0.0,1.0,0.0,5.0,19.29,0.0
74.0,3732.0,1.0,0.0,0.0,1.0,0.0,5.0,1.53,0.0
172.0,3732.0,1.0,0.0,0.0,42.0,0.0,6.0,48.44,0.0
173.0,3732.0,1.0,0.0,0.0,1.0,0.0,5.0,41.77,0.0
173.0,3732.0,1.0,0.0,0.0,22.0,0.0,12.0,137.12,1.0
174.0,3732.0,1.0,0.0,0.0,1.0,0.0,5.0,10.27,0.0
176.0,3732.0,1.0,0.0,0.0,1.0,0.0,5.0,34.97,0.0
23.0,3733.0,1.0,1.0,0.0,25.0,0.0,15.0,50.54,0.0
66.0,3733.0,1.0,1.0,0.0,6.0,0.0,6.0,104.87,0.0
73.0,3733.0,1.0,1.0,0.0,35.0,0.0,18.0,2014.62,1.0
85.0,3733.0,1.0,1.0,0.0,25.0,0.0,15.0,109.64,0.0
92.0,3733.0,1.0,1.0,0.0,6.0,0.0,6.0,2.34,0.0
101.0,3733.0,1.0,1.0,0.0,12.0,0.0,13.0,48.72,0.0
101.0,3733.0,1.0,1.0,0.0,20.0,0.0,13.0,15.7,0.0
107.0,3733.0,1.0,1.0,0.0,22.0,0.0,12.0,264.98,1.0
115.0,3733.0,1.0,1.0,0.0,9.0,0.0,10.0,19.39,0.0
116.0,3733.0,1.0,1.0,0.0,0.0,0.0,5.0,35.2,0.0
28.0,3734.0,0.0,1.0,0.0,20.0,0.0,13.0,159.74,0.0
28.0,3734.0,0.0,1.0,0.0,21.0,0.0,13.0,61.53,0.0
46.0,3734.0,0.0,1.0,0.0,6.0,0.0,6.0,337.3,1.0
54.0,3734.0,0.0,1.0,0.0,6.0,0.0,6.0,162.07,0.0
52.0,3734.0,0.0,1.0,0.0,25.0,0.0,15.0,181.55,1.0
65.0,3734.0,0.0,1.0,0.0,18.0,0.0,9.0,146.15,1.0
73.0,3734.0,0.0,1.0,0.0,25.0,0.0,15.0,80.65,0.0
112.0,3734.0,0.0,1.0,0.0,12.0,0.0,13.0,46.82,0.0
124.0,3734.0,0.0,1.0,0.0,0.0,0.0,5.0,9.81,0.0
125.0,3734.0,0.0,1.0,0.0,0.0,0.0,5.0,25.14,0.0
126.0,3734.0,0.0,1.0,0.0,41.0,0.0,19.0,267.4,1.0
126.0,3734.0,0.0,1.0,0.0,0.0,0.0,5.0,26.4,0.0
128.0,3734.0,0.0,1.0,0.0,0.0,0.0,5.0,46.71,0.0
139.0,3734.0,0.0,1.0,0.0,0.0,0.0,5.0,19.49,0.0
140.0,3734.0,0.0,1.0,0.0,0.0,0.0,5.0,34.65,0.0
140.0,3734.0,0.0,1.0,0.0,6.0,0.0,6.0,245.34,1.0
141.0,3734.0,0.0,1.0,0.0,0.0,0.0,5.0,13.91,0.0
142.0,3734.0,0.0,1.0,0.0,0.0,0.0,5.0,9.34,0.0
144.0,3734.0,0.0,1.0,0.0,0.0,0.0,5.0,2.18,0.0
145.0,3734.0,0.0,1.0,0.0,0.0,0.0,5.0,29.17,0.0
145.0,3734.0,0.0,1.0,0.0,6.0,0.0,6.0,563.36,1.0
146.0,3734.0,0.0,1.0,0.0,0.0,0.0,5.0,36.11,0.0
147.0,3734.0,0.0,1.0,0.0,0.0,0.0,5.0,4.61,0.0
17.0,3735.0,1.0,1.0,0.0,11.0,0.0,12.0,12.12,0.0
27.0,3735.0,1.0,1.0,0.0,38.0,0.0,19.0,229.51,1.0
46.0,3735.0,1.0,1.0,0.0,6.0,0.0,6.0,79.3,0.0
47.0,3735.0,1.0,1.0,0.0,15.0,0.0,13.0,26.81,1.0
145.0,3735.0,1.0,1.0,0.0,35.0,0.0,18.0,4345.91,1.0
159.0,3735.0,1.0,1.0,0.0,35.0,0.0,18.0,1006.94,1.0
160.0,3735.0,1.0,1.0,0.0,20.0,0.0,13.0,135.13,1.0
162.0,3735.0,1.0,1.0,0.0,19.0,0.0,9.0,662.12,1.0
163.0,3735.0,1.0,1.0,0.0,13.0,0.0,14.0,157.81,1.0
164.0,3735.0,1.0,1.0,0.0,26.0,0.0,12.0,265.5,1.0
165.0,3735.0,1.0,1.0,0.0,11.0,0.0,12.0,357.29,1.0
174.0,3735.0,1.0,1.0,0.0,16.0,0.0,16.0,2.35,1.0
177.0,3735.0,1.0,1.0,0.0,11.0,0.0,12.0,24.54,1.0
18.0,3736.0,4.0,1.0,0.0,9.0,0.0,10.0,91.73,0.0
19.0,3736.0,4.0,1.0,0.0,7.0,0.0,6.0,68.17,0.0
67.0,3736.0,4.0,1.0,0.0,22.0,0.0,12.0,362.7,1.0
93.0,3736.0,4.0,1.0,0.0,9.0,0.0,10.0,78.57,0.0
69.0,3736.0,4.0,1.0,0.0,6.0,0.0,6.0,28.48,1.0
94.0,3736.0,4.0,1.0,0.0,0.0,0.0,5.0,58.44,0.0
149.0,3736.0,4.0,1.0,0.0,0.0,0.0,5.0,19.26,0.0
150.0,3736.0,4.0,1.0,0.0,0.0,0.0,5.0,4.19,0.0
151.0,3736.0,4.0,1.0,0.0,19.0,0.0,9.0,543.85,1.0
152.0,3736.0,4.0,1.0,0.0,0.0,0.0,5.0,15.13,0.0
153.0,3736.0,4.0,1.0,0.0,0.0,0.0,5.0,10.55,0.0
156.0,3736.0,4.0,1.0,0.0,0.0,0.0,5.0,43.32,0.0
157.0,3736.0,4.0,1.0,0.0,0.0,0.0,5.0,6.31,0.0
158.0,3736.0,4.0,1.0,0.0,13.0,0.0,14.0,29.56,1.0
158.0,3736.0,4.0,1.0,0.0,0.0,0.0,5.0,33.07,0.0
159.0,3736.0,4.0,1.0,0.0,0.0,0.0,5.0,8.03,0.0
18.0,3737.0,1.0,1.0,0.0,13.0,0.0,14.0,52.95,1.0
32.0,3737.0,1.0,1.0,0.0,22.0,0.0,12.0,88.36,0.0
34.0,3737.0,1.0,1.0,0.0,25.0,0.0,15.0,46.13,0.0
73.0,3737.0,1.0,1.0,0.0,20.0,0.0,13.0,19.13,0.0
73.0,3737.0,1.0,1.0,0.0,15.0,0.0,13.0,69.88,0.0
73.0,3737.0,1.0,1.0,0.0,17.0,0.0,9.0,241.63,1.0
74.0,3737.0,1.0,1.0,0.0,0.0,0.0,5.0,11.36,0.0
75.0,3737.0,1.0,1.0,0.0,0.0,0.0,5.0,65.42,0.0
96.0,3737.0,1.0,1.0,0.0,0.0,0.0,5.0,3.21,0.0
97.0,3737.0,1.0,1.0,0.0,0.0,0.0,5.0,17.42,0.0
98.0,3737.0,1.0,1.0,0.0,2.0,0.0,6.0,105.49,1.0
98.0,3737.0,1.0,1.0,0.0,0.0,0.0,5.0,41.76,0.0
99.0,3737.0,1.0,1.0,0.0,0.0,0.0,5.0,7.69,0.0
145.0,3737.0,1.0,1.0,0.0,5.0,0.0,8.0,39.93,0.0
146.0,3737.0,1.0,1.0,0.0,1.0,0.0,5.0,20.56,0.0
146.0,3737.0,1.0,1.0,0.0,6.0,0.0,6.0,129.69,1.0
147.0,3737.0,1.0,1.0,0.0,5.0,0.0,8.0,0.28,0.0
148.0,3737.0,1.0,1.0,0.0,1.0,0.0,5.0,42.28,0.0
18.0,3739.0,2.0,0.0,0.0,3.0,0.0,7.0,3.58,0.0
78.0,3739.0,2.0,0.0,0.0,22.0,0.0,12.0,33.92,1.0
92.0,3739.0,2.0,0.0,0.0,12.0,0.0,13.0,16.03,0.0
138.0,3739.0,2.0,0.0,0.0,6.0,0.0,6.0,203.98,0.0
138.0,3739.0,2.0,0.0,0.0,17.0,0.0,9.0,298.33,1.0
152.0,3739.0,2.0,0.0,0.0,12.0,0.0,13.0,114.57,0.0
141.0,3739.0,2.0,0.0,0.0,10.0,0.0,11.0,422.21,1.0
152.0,3739.0,2.0,0.0,0.0,20.0,0.0,13.0,7.57,0.0
42.0,3740.0,5.0,0.0,0.0,0.0,0.0,5.0,6.6,0.0
43.0,3740.0,5.0,0.0,0.0,32.0,0.0,11.0,18.44,0.0
43.0,3740.0,5.0,0.0,0.0,6.0,0.0,6.0,261.71,1.0
44.0,3740.0,5.0,0.0,0.0,0.0,0.0,5.0,52.37,0.0
44.0,3740.0,5.0,0.0,0.0,1.0,0.0,5.0,49.95,0.0
49.0,3740.0,5.0,0.0,0.0,1.0,0.0,5.0,8.55,0.0
50.0,3740.0,5.0,0.0,0.0,1.0,0.0,5.0,7.25,0.0
50.0,3740.0,5.0,0.0,0.0,22.0,0.0,12.0,251.67,1.0
51.0,3740.0,5.0,0.0,0.0,1.0,0.0,5.0,59.61,0.0
52.0,3740.0,5.0,0.0,0.0,1.0,0.0,5.0,20.83,0.0
18.0,3741.0,2.0,0.0,0.0,22.0,0.0,12.0,9.1,0.0
37.0,3741.0,2.0,0.0,0.0,13.0,0.0,14.0,153.99,1.0
53.0,3741.0,2.0,0.0,0.0,7.0,0.0,6.0,302.77,0.0
67.0,3741.0,2.0,0.0,0.0,9.0,0.0,10.0,12.88,0.0
84.0,3741.0,2.0,0.0,0.0,0.0,0.0,5.0,70.84,0.0
85.0,3741.0,2.0,0.0,0.0,0.0,0.0,5.0,1.88,0.0
86.0,3741.0,2.0,0.0,0.0,38.0,0.0,19.0,353.13,1.0
86.0,3741.0,2.0,0.0,0.0,0.0,0.0,5.0,30.44,0.0
87.0,3741.0,2.0,0.0,0.0,0.0,0.0,5.0,56.95,0.0
96.0,3742.0,1.0,1.0,0.0,0.0,0.0,5.0,17.65,0.0
97.0,3742.0,1.0,1.0,0.0,0.0,0.0,5.0,19.05,0.0
98.0,3742.0,1.0,1.0,0.0,6.0,0.0,6.0,770.87,1.0
98.0,3742.0,1.0,1.0,0.0,0.0,0.0,5.0,18.62,0.0
99.0,3742.0,1.0,1.0,0.0,0.0,0.0,5.0,48.49,0.0
101.0,3742.0,1.0,1.0,0.0,0.0,0.0,5.0,6.97,0.0
101.0,3742.0,1.0,1.0,0.0,35.0,0.0,18.0,2100.75,1.0
102.0,3742.0,1.0,1.0,0.0,0.0,0.0,5.0,24.03,0.0
103.0,3742.0,1.0,1.0,0.0,0.0,0.0,5.0,36.78,0.0
18.0,3743.0,1.0,1.0,0.0,8.0,0.0,9.0,153.11,0.0
22.0,3743.0,1.0,1.0,0.0,7.0,0.0,6.0,123.54,0.0
24.0,3743.0,1.0,1.0,0.0,26.0,0.0,12.0,431.43,1.0
25.0,3743.0,1.0,1.0,0.0,20.0,0.0,13.0,70.44,0.0
29.0,3743.0,1.0,1.0,0.0,6.0,0.0,6.0,116.09,0.0
122.0,3743.0,1.0,1.0,0.0,25.0,0.0,15.0,151.16,0.0
136.0,3743.0,1.0,1.0,0.0,25.0,0.0,15.0,80.1,0.0
161.0,3743.0,1.0,1.0,0.0,11.0,0.0,12.0,311.91,1.0
18.0,3746.0,3.0,1.0,0.0,3.0,0.0,7.0,63.03,0.0
31.0,3746.0,3.0,1.0,0.0,6.0,0.0,6.0,383.84,1.0
42.0,3746.0,3.0,1.0,0.0,35.0,0.0,18.0,6590.61,1.0
45.0,3746.0,3.0,1.0,0.0,30.0,0.0,16.0,417.81,1.0
51.0,3746.0,3.0,1.0,0.0,6.0,0.0,6.0,60.35,0.0
47.0,3746.0,3.0,1.0,0.0,11.0,0.0,12.0,791.45,1.0
71.0,3746.0,3.0,1.0,0.0,20.0,0.0,13.0,72.63,1.0
90.0,3746.0,3.0,1.0,0.0,6.0,0.0,6.0,123.52,0.0
80.0,3746.0,3.0,1.0,0.0,6.0,0.0,6.0,494.31,1.0
90.0,3746.0,3.0,1.0,0.0,2.0,0.0,6.0,52.08,0.0
111.0,3746.0,3.0,1.0,0.0,6.0,0.0,6.0,277.5,0.0
111.0,3746.0,3.0,1.0,0.0,7.0,0.0,6.0,64.47,0.0
115.0,3746.0,3.0,1.0,0.0,12.0,0.0,13.0,78.1,1.0
139.0,3746.0,3.0,1.0,0.0,7.0,0.0,6.0,86.04,0.0
150.0,3746.0,3.0,1.0,0.0,20.0,0.0,13.0,8.65,0.0
160.0,3746.0,3.0,1.0,0.0,7.0,0.0,6.0,177.92,0.0
160.0,3746.0,3.0,1.0,0.0,2.0,0.0,6.0,124.63,0.0
169.0,3746.0,3.0,1.0,0.0,6.0,0.0,6.0,283.13,1.0
179.0,3746.0,3.0,1.0,0.0,21.0,0.0,13.0,42.37,1.0
44.0,3747.0,1.0,1.0,0.0,6.0,0.0,6.0,78.66,0.0
45.0,3747.0,1.0,1.0,0.0,3.0,0.0,7.0,148.88,0.0
57.0,3747.0,1.0,1.0,0.0,26.0,0.0,12.0,159.82,1.0
72.0,3747.0,1.0,1.0,0.0,12.0,0.0,13.0,43.73,0.0
72.0,3747.0,1.0,1.0,0.0,21.0,0.0,13.0,81.36,0.0
125.0,3747.0,1.0,1.0,0.0,12.0,0.0,13.0,91.93,0.0
125.0,3747.0,1.0,1.0,0.0,21.0,0.0,13.0,60.05,0.0
144.0,3747.0,1.0,1.0,0.0,6.0,0.0,6.0,402.93,1.0
153.0,3747.0,1.0,1.0,0.0,6.0,0.0,6.0,1.43,0.0
153.0,3747.0,1.0,1.0,0.0,4.0,0.0,6.0,157.88,0.0
162.0,3747.0,1.0,1.0,0.0,1.0,0.0,5.0,31.1,0.0
163.0,3747.0,1.0,1.0,0.0,1.0,0.0,5.0,7.14,0.0
163.0,3747.0,1.0,1.0,0.0,9.0,0.0,10.0,359.61,1.0
164.0,3747.0,1.0,1.0,0.0,1.0,0.0,5.0,11.2,0.0
165.0,3747.0,1.0,1.0,0.0,14.0,0.0,15.0,138.29,0.0
18.0,3748.0,0.0,0.0,0.0,25.0,0.0,15.0,11.47,0.0
39.0,3748.0,0.0,0.0,0.0,13.0,0.0,14.0,305.25,1.0
69.0,3748.0,0.0,0.0,0.0,12.0,0.0,13.0,79.1,0.0
72.0,3748.0,0.0,0.0,0.0,6.0,0.0,6.0,60.48,0.0
80.0,3748.0,0.0,0.0,0.0,22.0,0.0,12.0,609.32,1.0
90.0,3748.0,0.0,0.0,0.0,3.0,0.0,7.0,152.29,0.0
91.0,3748.0,0.0,0.0,0.0,6.0,0.0,6.0,50.26,0.0
172.0,3749.0,3.0,1.0,0.0,0.0,0.0,5.0,6.36,0.0
173.0,3749.0,3.0,1.0,0.0,0.0,0.0,5.0,36.78,0.0
173.0,3749.0,3.0,1.0,0.0,15.0,0.0,13.0,349.49,1.0
174.0,3749.0,3.0,1.0,0.0,0.0,0.0,5.0,1.2,0.0
175.0,3749.0,3.0,1.0,0.0,0.0,0.0,5.0,47.4,0.0
18.0,3752.0,0.0,1.0,0.0,22.0,0.0,12.0,395.0,1.0
61.0,3752.0,0.0,1.0,0.0,6.0,0.0,6.0,177.37,0.0
35.0,3752.0,0.0,1.0,0.0,22.0,0.0,12.0,601.29,1.0
80.0,3752.0,0.0,1.0,0.0,3.0,0.0,7.0,41.65,0.0
45.0,3753.0,1.0,1.0,0.0,2.0,0.0,6.0,413.31,0.0
72.0,3753.0,1.0,1.0,0.0,25.0,0.0,15.0,44.39,0.0
84.0,3753.0,1.0,1.0,0.0,17.0,0.0,9.0,594.71,1.0
104.0,3753.0,1.0,1.0,0.0,12.0,0.0,13.0,73.82,0.0
107.0,3753.0,1.0,1.0,0.0,6.0,0.0,6.0,172.33,0.0
18.0,3754.0,4.0,1.0,0.0,20.0,0.0,13.0,81.75,1.0
21.0,3754.0,4.0,1.0,0.0,9.0,0.0,10.0,21.79,0.0
19.0,3754.0,4.0,1.0,0.0,22.0,0.0,12.0,455.24,1.0
23.0,3754.0,4.0,1.0,0.0,0.0,0.0,5.0,14.38,0.0
59.0,3754.0,4.0,1.0,0.0,0.0,0.0,5.0,16.45,0.0
60.0,3754.0,4.0,1.0,0.0,0.0,0.0,5.0,9.26,0.0
61.0,3754.0,4.0,1.0,0.0,2.0,0.0,6.0,59.13,1.0
61.0,3754.0,4.0,1.0,0.0,0.0,0.0,5.0,40.07,0.0
62.0,3754.0,4.0,1.0,0.0,0.0,0.0,5.0,48.47,0.0
71.0,3754.0,4.0,1.0,0.0,0.0,0.0,5.0,9.07,0.0
72.0,3754.0,4.0,1.0,0.0,0.0,0.0,5.0,11.28,0.0
73.0,3754.0,4.0,1.0,0.0,41.0,0.0,19.0,139.2,1.0
73.0,3754.0,4.0,1.0,0.0,0.0,0.0,5.0,17.11,0.0
74.0,3754.0,4.0,1.0,0.0,0.0,0.0,5.0,26.27,0.0
76.0,3754.0,4.0,1.0,0.0,0.0,0.0,5.0,37.9,0.0
77.0,3754.0,4.0,1.0,0.0,9.0,0.0,10.0,29.48,0.0
77.0,3754.0,4.0,1.0,0.0,15.0,0.0,13.0,157.76,1.0
78.0,3754.0,4.0,1.0,0.0,0.0,0.0,5.0,27.3,0.0
79.0,3754.0,4.0,1.0,0.0,0.0,0.0,5.0,33.31,0.0
92.0,3754.0,4.0,1.0,0.0,0.0,0.0,5.0,14.64,0.0
94.0,3754.0,4.0,1.0,0.0,0.0,0.0,5.0,5.13,0.0
94.0,3754.0,4.0,1.0,0.0,6.0,0.0,6.0,723.24,1.0
95.0,3754.0,4.0,1.0,0.0,0.0,0.0,5.0,12.25,0.0
96.0,3754.0,4.0,1.0,0.0,0.0,0.0,5.0,49.9,0.0
112.0,3754.0,4.0,1.0,0.0,0.0,0.0,5.0,20.39,0.0
113.0,3754.0,4.0,1.0,0.0,0.0,0.0,5.0,4.42,0.0
113.0,3754.0,4.0,1.0,0.0,10.0,0.0,11.0,610.18,1.0
114.0,3754.0,4.0,1.0,0.0,13.0,0.0,14.0,26.37,0.0
115.0,3754.0,4.0,1.0,0.0,14.0,0.0,15.0,54.92,0.0
148.0,3754.0,4.0,1.0,0.0,1.0,0.0,5.0,3.75,0.0
149.0,3754.0,4.0,1.0,0.0,1.0,0.0,5.0,7.44,0.0
150.0,3754.0,4.0,1.0,0.0,6.0,0.0,6.0,566.9,1.0
150.0,3754.0,4.0,1.0,0.0,1.0,0.0,5.0,29.67,0.0
151.0,3754.0,4.0,1.0,0.0,1.0,0.0,5.0,26.75,0.0
166.0,3754.0,4.0,1.0,0.0,1.0,0.0,5.0,6.07,0.0
167.0,3754.0,4.0,1.0,0.0,1.0,0.0,5.0,13.52,0.0
168.0,3754.0,4.0,1.0,0.0,11.0,0.0,12.0,845.59,1.0
168.0,3754.0,4.0,1.0,0.0,5.0,0.0,8.0,21.27,0.0
169.0,3754.0,4.0,1.0,0.0,5.0,0.0,8.0,52.12,0.0
177.0,3754.0,4.0,1.0,0.0,1.0,0.0,5.0,7.21,0.0
178.0,3754.0,4.0,1.0,0.0,1.0,0.0,5.0,10.27,0.0
178.0,3754.0,4.0,1.0,0.0,6.0,0.0,6.0,181.51,1.0
179.0,3754.0,4.0,1.0,0.0,14.0,0.0,15.0,20.24,0.0
179.0,3754.0,4.0,1.0,0.0,36.0,0.0,15.0,41.51,0.0
18.0,3755.0,2.0,1.0,0.0,38.0,0.0,19.0,314.2,1.0
20.0,3755.0,2.0,1.0,0.0,6.0,0.0,6.0,126.91,0.0
19.0,3755.0,2.0,1.0,0.0,6.0,0.0,6.0,336.43,1.0
34.0,3755.0,2.0,1.0,0.0,13.0,0.0,14.0,10.84,1.0
36.0,3755.0,2.0,1.0,0.0,6.0,0.0,6.0,203.53,0.0
36.0,3755.0,2.0,1.0,0.0,2.0,0.0,6.0,95.64,0.0
73.0,3755.0,2.0,1.0,0.0,1.0,0.0,5.0,8.21,0.0
74.0,3755.0,2.0,1.0,0.0,1.0,0.0,5.0,10.75,0.0
75.0,3755.0,2.0,1.0,0.0,41.0,0.0,19.0,370.38,1.0
75.0,3755.0,2.0,1.0,0.0,1.0,0.0,5.0,21.34,0.0
77.0,3755.0,2.0,1.0,0.0,1.0,0.0,5.0,38.57,0.0
115.0,3755.0,2.0,1.0,0.0,1.0,0.0,5.0,30.52,0.0
116.0,3755.0,2.0,1.0,0.0,1.0,0.0,5.0,14.29,0.0
117.0,3755.0,2.0,1.0,0.0,20.0,0.0,13.0,15.42,1.0
117.0,3755.0,2.0,1.0,0.0,1.0,0.0,5.0,26.95,0.0
118.0,3755.0,2.0,1.0,0.0,1.0,0.0,5.0,18.38,0.0
147.0,3755.0,2.0,1.0,0.0,1.0,0.0,5.0,21.13,0.0
148.0,3755.0,2.0,1.0,0.0,1.0,0.0,5.0,38.14,0.0
148.0,3755.0,2.0,1.0,0.0,19.0,0.0,9.0,1.7,1.0
149.0,3755.0,2.0,1.0,0.0,1.0,0.0,5.0,51.71,0.0
150.0,3755.0,2.0,1.0,0.0,1.0,0.0,5.0,5.73,0.0
154.0,3755.0,2.0,1.0,0.0,1.0,0.0,5.0,25.6,0.0
155.0,3755.0,2.0,1.0,0.0,1.0,0.0,5.0,46.15,0.0
156.0,3755.0,2.0,1.0,0.0,17.0,0.0,9.0,395.13,1.0
156.0,3755.0,2.0,1.0,0.0,1.0,0.0,5.0,23.9,0.0
157.0,3755.0,2.0,1.0,0.0,1.0,0.0,5.0,8.11,0.0
25.0,3757.0,0.0,1.0,0.0,7.0,0.0,6.0,34.92,0.0
25.0,3757.0,0.0,1.0,0.0,2.0,0.0,6.0,131.15,0.0
43.0,3757.0,0.0,1.0,0.0,11.0,0.0,12.0,568.49,1.0
70.0,3757.0,0.0,1.0,0.0,6.0,0.0,6.0,92.46,0.0
70.0,3757.0,0.0,1.0,0.0,2.0,0.0,6.0,24.36,0.0
19.0,3758.0,0.0,0.0,0.0,12.0,0.0,13.0,82.49,0.0
20.0,3758.0,0.0,0.0,0.0,6.0,0.0,6.0,12.81,0.0
32.0,3758.0,0.0,0.0,0.0,6.0,0.0,6.0,883.16,1.0
51.0,3758.0,0.0,0.0,0.0,27.0,0.0,12.0,499.07,1.0
52.0,3758.0,0.0,0.0,0.0,6.0,0.0,6.0,97.91,1.0
54.0,3758.0,0.0,0.0,0.0,6.0,0.0,6.0,695.5,1.0
55.0,3758.0,0.0,0.0,0.0,22.0,0.0,12.0,587.66,1.0
57.0,3758.0,0.0,0.0,0.0,2.0,0.0,6.0,13.23,1.0
60.0,3758.0,0.0,0.0,0.0,16.0,0.0,16.0,465.82,1.0
62.0,3758.0,0.0,0.0,0.0,3.0,0.0,7.0,267.3,1.0
64.0,3758.0,0.0,0.0,0.0,6.0,0.0,6.0,91.25,0.0
63.0,3758.0,0.0,0.0,0.0,35.0,0.0,18.0,1847.61,1.0
64.0,3758.0,0.0,0.0,0.0,2.0,0.0,6.0,86.19,0.0
68.0,3758.0,0.0,0.0,0.0,6.0,0.0,6.0,295.37,1.0
70.0,3758.0,0.0,0.0,0.0,6.0,0.0,6.0,1014.14,1.0
70.0,3758.0,0.0,0.0,0.0,22.0,0.0,12.0,310.1,1.0
71.0,3758.0,0.0,0.0,0.0,22.0,0.0,12.0,23.4,1.0
71.0,3758.0,0.0,0.0,0.0,22.0,0.0,12.0,456.13,1.0
71.0,3758.0,0.0,0.0,0.0,22.0,0.0,12.0,216.36,1.0
71.0,3758.0,0.0,0.0,0.0,22.0,0.0,12.0,390.58,1.0
72.0,3758.0,0.0,0.0,0.0,11.0,0.0,12.0,274.16,1.0
72.0,3758.0,0.0,0.0,0.0,18.0,0.0,9.0,1033.65,1.0
74.0,3758.0,0.0,0.0,0.0,8.0,0.0,9.0,62.49,0.0
73.0,3758.0,0.0,0.0,0.0,22.0,0.0,12.0,157.37,1.0
75.0,3758.0,0.0,0.0,0.0,22.0,0.0,12.0,146.94,1.0
78.0,3758.0,0.0,0.0,0.0,22.0,0.0,12.0,130.74,0.0
78.0,3758.0,0.0,0.0,0.0,2.0,0.0,6.0,65.4,1.0
80.0,3758.0,0.0,0.0,0.0,10.0,0.0,11.0,288.48,1.0
80.0,3758.0,0.0,0.0,0.0,22.0,0.0,12.0,597.8,1.0
82.0,3758.0,0.0,0.0,0.0,20.0,0.0,13.0,196.0,1.0
82.0,3758.0,0.0,0.0,0.0,22.0,0.0,12.0,361.76,1.0
84.0,3758.0,0.0,0.0,0.0,41.0,0.0,19.0,324.95,1.0
84.0,3758.0,0.0,0.0,0.0,11.0,0.0,12.0,322.07,1.0
85.0,3758.0,0.0,0.0,0.0,27.0,0.0,12.0,584.25,1.0
85.0,3758.0,0.0,0.0,0.0,22.0,0.0,12.0,307.14,1.0
90.0,3758.0,0.0,0.0,0.0,6.0,0.0,6.0,527.09,1.0
93.0,3758.0,0.0,0.0,0.0,7.0,0.0,6.0,19.56,0.0
91.0,3758.0,0.0,0.0,0.0,35.0,0.0,18.0,1648.69,1.0
95.0,3758.0,0.0,0.0,0.0,27.0,0.0,12.0,98.66,1.0
96.0,3758.0,0.0,0.0,0.0,7.0,0.0,6.0,285.39,0.0
96.0,3758.0,0.0,0.0,0.0,2.0,0.0,6.0,125.0,0.0
96.0,3758.0,0.0,0.0,0.0,27.0,0.0,12.0,453.47,1.0
96.0,3758.0,0.0,0.0,0.0,20.0,0.0,13.0,156.45,1.0
97.0,3758.0,0.0,0.0,0.0,30.0,0.0,16.0,424.08,1.0
101.0,3758.0,0.0,0.0,0.0,38.0,0.0,19.0,476.68,1.0
102.0,3758.0,0.0,0.0,0.0,38.0,0.0,19.0,463.57,1.0
103.0,3758.0,0.0,0.0,0.0,20.0,0.0,13.0,64.69,1.0
104.0,3758.0,0.0,0.0,0.0,41.0,0.0,19.0,137.83,1.0
115.0,3758.0,0.0,0.0,0.0,11.0,0.0,12.0,5.99,1.0
118.0,3758.0,0.0,0.0,0.0,22.0,0.0,12.0,532.23,1.0
125.0,3758.0,0.0,0.0,0.0,6.0,0.0,6.0,233.5,1.0
134.0,3758.0,0.0,0.0,0.0,13.0,0.0,14.0,20.29,0.0
129.0,3758.0,0.0,0.0,0.0,45.0,0.0,18.0,785.06,1.0
135.0,3758.0,0.0,0.0,0.0,3.0,0.0,7.0,8.99,0.0
138.0,3758.0,0.0,0.0,0.0,25.0,0.0,15.0,318.06,1.0
139.0,3758.0,0.0,0.0,0.0,17.0,0.0,9.0,882.15,1.0
141.0,3758.0,0.0,0.0,0.0,13.0,0.0,14.0,24.26,0.0
139.0,3758.0,0.0,0.0,0.0,20.0,0.0,13.0,24.33,1.0
142.0,3758.0,0.0,0.0,0.0,0.0,0.0,5.0,37.25,0.0
149.0,3758.0,0.0,0.0,0.0,0.0,0.0,5.0,8.93,0.0
150.0,3758.0,0.0,0.0,0.0,0.0,0.0,5.0,20.28,0.0
150.0,3758.0,0.0,0.0,0.0,10.0,0.0,11.0,53.33,1.0
151.0,3758.0,0.0,0.0,0.0,9.0,0.0,10.0,53.34,0.0
152.0,3758.0,0.0,0.0,0.0,0.0,0.0,5.0,33.48,0.0
153.0,3758.0,0.0,0.0,0.0,36.0,0.0,15.0,47.84,0.0
153.0,3758.0,0.0,0.0,0.0,6.0,0.0,6.0,34.87,1.0
154.0,3758.0,0.0,0.0,0.0,0.0,0.0,5.0,35.65,0.0
154.0,3758.0,0.0,0.0,0.0,1.0,0.0,5.0,48.89,0.0
157.0,3758.0,0.0,0.0,0.0,1.0,0.0,5.0,22.03,0.0
158.0,3758.0,0.0,0.0,0.0,1.0,0.0,5.0,44.46,0.0
159.0,3758.0,0.0,0.0,0.0,6.0,0.0,6.0,418.89,1.0
159.0,3758.0,0.0,0.0,0.0,4.0,0.0,6.0,50.96,0.0
160.0,3758.0,0.0,0.0,0.0,1.0,0.0,5.0,38.46,0.0
161.0,3758.0,0.0,0.0,0.0,20.0,0.0,13.0,84.22,1.0
162.0,3758.0,0.0,0.0,0.0,1.0,0.0,5.0,2.5,0.0
163.0,3758.0,0.0,0.0,0.0,1.0,0.0,5.0,42.62,0.0
164.0,3758.0,0.0,0.0,0.0,1.0,0.0,5.0,7.01,0.0
165.0,3758.0,0.0,0.0,0.0,1.0,0.0,5.0,4.57,0.0
165.0,3758.0,0.0,0.0,0.0,35.0,0.0,18.0,4576.14,1.0
166.0,3758.0,0.0,0.0,0.0,1.0,0.0,5.0,46.44,0.0
165.0,3758.0,0.0,0.0,0.0,17.0,0.0,9.0,303.92,1.0
166.0,3758.0,0.0,0.0,0.0,10.0,0.0,11.0,895.99,1.0
167.0,3758.0,0.0,0.0,0.0,1.0,0.0,5.0,14.41,0.0
167.0,3758.0,0.0,0.0,0.0,13.0,0.0,14.0,53.48,1.0
168.0,3758.0,0.0,0.0,0.0,1.0,0.0,5.0,12.52,0.0
170.0,3758.0,0.0,0.0,0.0,42.0,0.0,6.0,13.33,0.0
171.0,3758.0,0.0,0.0,0.0,1.0,0.0,5.0,4.4,0.0
172.0,3758.0,0.0,0.0,0.0,35.0,0.0,18.0,32.3,1.0
172.0,3758.0,0.0,0.0,0.0,1.0,0.0,5.0,36.75,0.0
173.0,3758.0,0.0,0.0,0.0,1.0,0.0,5.0,18.73,0.0
174.0,3758.0,0.0,0.0,0.0,1.0,0.0,5.0,40.15,0.0
175.0,3758.0,0.0,0.0,0.0,5.0,0.0,8.0,0.32,0.0
175.0,3758.0,0.0,0.0,0.0,21.0,0.0,13.0,40.62,1.0
176.0,3758.0,0.0,0.0,0.0,1.0,0.0,5.0,6.83,0.0
177.0,3758.0,0.0,0.0,0.0,1.0,0.0,5.0,27.64,0.0
178.0,3758.0,0.0,0.0,0.0,5.0,0.0,8.0,54.67,0.0
178.0,3758.0,0.0,0.0,0.0,41.0,0.0,19.0,265.93,1.0
179.0,3758.0,0.0,0.0,0.0,1.0,0.0,5.0,2.93,0.0
19.0,3759.0,3.0,0.0,0.0,22.0,0.0,12.0,30.3,1.0
27.0,3759.0,3.0,0.0,0.0,13.0,0.0,14.0,25.24,0.0
25.0,3759.0,3.0,0.0,0.0,26.0,0.0,12.0,535.38,1.0
28.0,3759.0,3.0,0.0,0.0,0.0,0.0,5.0,63.4,0.0
19.0,3761.0,0.0,1.0,0.0,25.0,0.0,15.0,35.23,0.0
21.0,3761.0,0.0,1.0,0.0,6.0,0.0,6.0,406.18,1.0
38.0,3761.0,0.0,1.0,0.0,25.0,0.0,15.0,35.28,0.0
51.0,3761.0,0.0,1.0,0.0,6.0,0.0,6.0,152.32,0.0
89.0,3761.0,0.0,1.0,0.0,10.0,0.0,11.0,248.65,1.0
124.0,3761.0,0.0,1.0,0.0,6.0,0.0,6.0,329.39,0.0
124.0,3761.0,0.0,1.0,0.0,2.0,0.0,6.0,3.53,0.0
153.0,3761.0,0.0,1.0,0.0,22.0,0.0,12.0,43.64,0.0
167.0,3761.0,0.0,1.0,0.0,10.0,0.0,11.0,336.94,1.0
175.0,3761.0,0.0,1.0,0.0,10.0,0.0,11.0,101.43,1.0
31.0,3762.0,1.0,1.0,0.0,7.0,0.0,6.0,157.8,0.0
43.0,3762.0,1.0,1.0,0.0,25.0,0.0,15.0,119.58,0.0
54.0,3762.0,1.0,1.0,0.0,6.0,0.0,6.0,107.77,1.0
57.0,3762.0,1.0,1.0,0.0,12.0,0.0,13.0,35.12,0.0
82.0,3762.0,1.0,1.0,0.0,22.0,0.0,12.0,51.22,1.0
85.0,3762.0,1.0,1.0,0.0,12.0,0.0,13.0,178.58,0.0
85.0,3762.0,1.0,1.0,0.0,20.0,0.0,13.0,78.96,0.0
114.0,3762.0,1.0,1.0,0.0,6.0,0.0,6.0,86.83,0.0
127.0,3762.0,1.0,1.0,0.0,25.0,0.0,15.0,71.02,0.0
140.0,3762.0,1.0,1.0,0.0,22.0,0.0,12.0,398.19,1.0
173.0,3762.0,1.0,1.0,0.0,22.0,0.0,12.0,25.07,0.0
105.0,3763.0,0.0,0.0,0.0,13.0,0.0,14.0,89.17,0.0
106.0,3763.0,0.0,0.0,0.0,5.0,0.0,8.0,0.03,0.0
107.0,3763.0,0.0,0.0,0.0,22.0,0.0,12.0,252.95,1.0
107.0,3763.0,0.0,0.0,0.0,1.0,0.0,5.0,16.4,0.0
108.0,3763.0,0.0,0.0,0.0,5.0,0.0,8.0,75.24,0.0
118.0,3765.0,2.0,0.0,0.0,1.0,0.0,5.0,35.31,0.0
119.0,3765.0,2.0,0.0,0.0,1.0,0.0,5.0,8.16,0.0
119.0,3765.0,2.0,0.0,0.0,17.0,0.0,9.0,568.22,1.0
120.0,3765.0,2.0,0.0,0.0,1.0,0.0,5.0,23.04,0.0
121.0,3765.0,2.0,0.0,0.0,1.0,0.0,5.0,55.6,0.0
132.0,3765.0,2.0,0.0,0.0,1.0,0.0,5.0,23.22,0.0
133.0,3765.0,2.0,0.0,0.0,1.0,0.0,5.0,3.08,0.0
134.0,3765.0,2.0,0.0,0.0,6.0,0.0,6.0,100.74,1.0
134.0,3765.0,2.0,0.0,0.0,1.0,0.0,5.0,27.28,0.0
135.0,3765.0,2.0,0.0,0.0,5.0,0.0,8.0,7.94,0.0
175.0,3765.0,2.0,0.0,0.0,0.0,0.0,5.0,16.04,0.0
176.0,3765.0,2.0,0.0,0.0,0.0,0.0,5.0,7.73,0.0
177.0,3765.0,2.0,0.0,0.0,22.0,0.0,12.0,5.03,1.0
177.0,3765.0,2.0,0.0,0.0,0.0,0.0,5.0,52.71,0.0
178.0,3765.0,2.0,0.0,0.0,0.0,0.0,5.0,45.23,0.0
19.0,3767.0,7.0,0.0,0.0,35.0,0.0,18.0,3132.69,1.0
25.0,3767.0,7.0,0.0,0.0,44.0,0.0,13.0,504.95,1.0
26.0,3767.0,7.0,0.0,0.0,20.0,0.0,13.0,19.96,0.0
26.0,3767.0,7.0,0.0,0.0,6.0,0.0,6.0,584.22,1.0
29.0,3767.0,7.0,0.0,0.0,6.0,0.0,6.0,9.94,0.0
31.0,3767.0,7.0,0.0,0.0,20.0,0.0,13.0,541.88,1.0
32.0,3767.0,7.0,0.0,0.0,25.0,0.0,15.0,27.04,0.0
54.0,3767.0,7.0,0.0,0.0,25.0,0.0,15.0,73.67,0.0
88.0,3767.0,7.0,0.0,0.0,7.0,0.0,6.0,53.53,0.0
101.0,3767.0,7.0,0.0,0.0,22.0,0.0,12.0,186.23,0.0
126.0,3767.0,7.0,0.0,0.0,41.0,0.0,19.0,210.91,1.0
126.0,3767.0,7.0,0.0,0.0,30.0,0.0,16.0,8.25,0.0
131.0,3767.0,7.0,0.0,0.0,20.0,0.0,13.0,17.57,0.0
19.0,3768.0,2.0,1.0,0.0,6.0,0.0,6.0,813.32,1.0
36.0,3768.0,2.0,1.0,0.0,20.0,0.0,13.0,64.18,0.0
35.0,3768.0,2.0,1.0,0.0,6.0,0.0,6.0,116.08,1.0
47.0,3768.0,2.0,1.0,0.0,9.0,0.0,10.0,87.83,0.0
60.0,3768.0,2.0,1.0,0.0,13.0,0.0,14.0,70.27,0.0
62.0,3768.0,2.0,1.0,0.0,0.0,0.0,5.0,39.76,0.0
63.0,3768.0,2.0,1.0,0.0,9.0,0.0,10.0,144.22,1.0
63.0,3768.0,2.0,1.0,0.0,0.0,0.0,5.0,25.49,0.0
64.0,3768.0,2.0,1.0,0.0,0.0,0.0,5.0,25.22,0.0
91.0,3768.0,2.0,1.0,0.0,0.0,0.0,5.0,36.65,0.0
92.0,3768.0,2.0,1.0,0.0,0.0,0.0,5.0,45.94,0.0
93.0,3768.0,2.0,1.0,0.0,6.0,0.0,6.0,432.22,1.0
94.0,3768.0,2.0,1.0,0.0,0.0,0.0,5.0,21.52,0.0
96.0,3768.0,2.0,1.0,0.0,0.0,0.0,5.0,54.12,0.0
111.0,3768.0,2.0,1.0,0.0,0.0,0.0,5.0,34.5,0.0
112.0,3768.0,2.0,1.0,0.0,0.0,0.0,5.0,5.02,0.0
113.0,3768.0,2.0,1.0,0.0,3.0,0.0,7.0,269.05,1.0
114.0,3768.0,2.0,1.0,0.0,0.0,0.0,5.0,59.35,0.0
115.0,3768.0,2.0,1.0,0.0,23.0,0.0,9.0,195.94,0.0
79.0,3770.0,3.0,0.0,0.0,0.0,0.0,5.0,1.15,0.0
80.0,3770.0,3.0,0.0,0.0,32.0,0.0,11.0,19.13,0.0
80.0,3770.0,3.0,0.0,0.0,16.0,0.0,16.0,606.74,1.0
81.0,3770.0,3.0,0.0,0.0,4.0,0.0,6.0,36.92,0.0
82.0,3770.0,3.0,0.0,0.0,5.0,0.0,8.0,32.67,0.0
54.0,3771.0,0.0,0.0,0.0,15.0,0.0,13.0,29.87,0.0
55.0,3771.0,0.0,0.0,0.0,0.0,0.0,5.0,5.4,0.0
55.0,3771.0,0.0,0.0,0.0,22.0,0.0,12.0,219.59,1.0
56.0,3771.0,0.0,0.0,0.0,0.0,0.0,5.0,13.44,0.0
59.0,3771.0,0.0,0.0,0.0,0.0,0.0,5.0,32.57,0.0
61.0,3771.0,0.0,0.0,0.0,4.0,0.0,6.0,171.83,0.0
62.0,3771.0,0.0,0.0,0.0,1.0,0.0,5.0,18.2,0.0
63.0,3771.0,0.0,0.0,0.0,25.0,0.0,15.0,515.5,1.0
64.0,3771.0,0.0,0.0,0.0,1.0,0.0,5.0,29.3,0.0
66.0,3771.0,0.0,0.0,0.0,1.0,0.0,5.0,11.94,0.0
28.0,3774.0,5.0,0.0,0.0,0.0,0.0,5.0,39.42,0.0
29.0,3774.0,5.0,0.0,0.0,0.0,0.0,5.0,32.1,0.0
29.0,3774.0,5.0,0.0,0.0,6.0,0.0,6.0,313.34,1.0
30.0,3774.0,5.0,0.0,0.0,0.0,0.0,5.0,36.12,0.0
31.0,3774.0,5.0,0.0,0.0,0.0,0.0,5.0,26.88,0.0
39.0,3774.0,5.0,0.0,0.0,0.0,0.0,5.0,3.86,0.0
40.0,3774.0,5.0,0.0,0.0,0.0,0.0,5.0,22.22,0.0
41.0,3774.0,5.0,0.0,0.0,22.0,0.0,12.0,296.36,1.0
41.0,3774.0,5.0,0.0,0.0,0.0,0.0,5.0,37.97,0.0
42.0,3774.0,5.0,0.0,0.0,41.0,0.0,19.0,320.04,1.0
42.0,3774.0,5.0,0.0,0.0,33.0,0.0,17.0,13.31,0.0
43.0,3774.0,5.0,0.0,0.0,13.0,0.0,14.0,46.39,0.0
44.0,3774.0,5.0,0.0,0.0,22.0,0.0,12.0,469.24,1.0
45.0,3774.0,5.0,0.0,0.0,0.0,0.0,5.0,11.59,0.0
46.0,3774.0,5.0,0.0,0.0,9.0,0.0,10.0,25.48,0.0
67.0,3774.0,5.0,0.0,0.0,0.0,0.0,5.0,7.39,0.0
68.0,3774.0,5.0,0.0,0.0,0.0,0.0,5.0,32.74,0.0
69.0,3774.0,5.0,0.0,0.0,3.0,0.0,7.0,191.35,1.0
69.0,3774.0,5.0,0.0,0.0,0.0,0.0,5.0,26.84,0.0
70.0,3774.0,5.0,0.0,0.0,0.0,0.0,5.0,3.34,0.0
74.0,3774.0,5.0,0.0,0.0,0.0,0.0,5.0,9.4,0.0
75.0,3774.0,5.0,0.0,0.0,0.0,0.0,5.0,27.83,0.0
76.0,3774.0,5.0,0.0,0.0,10.0,0.0,11.0,460.71,1.0
77.0,3774.0,5.0,0.0,0.0,0.0,0.0,5.0,61.49,0.0
78.0,3774.0,5.0,0.0,0.0,0.0,0.0,5.0,27.54,0.0
89.0,3774.0,5.0,0.0,0.0,0.0,0.0,5.0,18.23,0.0
90.0,3774.0,5.0,0.0,0.0,0.0,0.0,5.0,23.63,0.0
90.0,3774.0,5.0,0.0,0.0,10.0,0.0,11.0,477.86,1.0
91.0,3774.0,5.0,0.0,0.0,0.0,0.0,5.0,7.53,0.0
92.0,3774.0,5.0,0.0,0.0,0.0,0.0,5.0,51.09,0.0
105.0,3774.0,5.0,0.0,0.0,0.0,0.0,5.0,48.16,0.0
106.0,3774.0,5.0,0.0,0.0,0.0,0.0,5.0,9.65,0.0
107.0,3774.0,5.0,0.0,0.0,22.0,0.0,12.0,339.12,1.0
108.0,3774.0,5.0,0.0,0.0,0.0,0.0,5.0,11.76,0.0
109.0,3774.0,5.0,0.0,0.0,0.0,0.0,5.0,30.69,0.0
130.0,3774.0,5.0,0.0,0.0,0.0,0.0,5.0,23.47,0.0
131.0,3774.0,5.0,0.0,0.0,0.0,0.0,5.0,8.23,0.0
131.0,3774.0,5.0,0.0,0.0,20.0,0.0,13.0,32.8,1.0
132.0,3774.0,5.0,0.0,0.0,0.0,0.0,5.0,17.05,0.0
132.0,3774.0,5.0,0.0,0.0,38.0,0.0,19.0,252.2,1.0
134.0,3774.0,5.0,0.0,0.0,13.0,0.0,14.0,18.26,0.0
135.0,3774.0,5.0,0.0,0.0,0.0,0.0,5.0,45.76,0.0
136.0,3774.0,5.0,0.0,0.0,0.0,0.0,5.0,11.87,0.0
137.0,3774.0,5.0,0.0,0.0,0.0,0.0,5.0,39.78,0.0
137.0,3774.0,5.0,0.0,0.0,22.0,0.0,12.0,137.94,1.0
138.0,3774.0,5.0,0.0,0.0,0.0,0.0,5.0,51.61,0.0
139.0,3774.0,5.0,0.0,0.0,0.0,0.0,5.0,44.42,0.0
148.0,3774.0,5.0,0.0,0.0,0.0,0.0,5.0,62.42,0.0
149.0,3774.0,5.0,0.0,0.0,0.0,0.0,5.0,79.4,0.0
150.0,3774.0,5.0,0.0,0.0,18.0,0.0,9.0,478.82,1.0
151.0,3774.0,5.0,0.0,0.0,13.0,0.0,14.0,53.54,0.0
152.0,3774.0,5.0,0.0,0.0,0.0,0.0,5.0,24.53,0.0
158.0,3774.0,5.0,0.0,0.0,0.0,0.0,5.0,31.32,0.0
159.0,3774.0,5.0,0.0,0.0,0.0,0.0,5.0,0.4,0.0
159.0,3774.0,5.0,0.0,0.0,6.0,0.0,6.0,345.44,1.0
160.0,3774.0,5.0,0.0,0.0,15.0,0.0,13.0,66.21,0.0
160.0,3774.0,5.0,0.0,0.0,44.0,0.0,13.0,36.08,0.0
20.0,3781.0,3.0,0.0,0.0,41.0,0.0,19.0,215.06,1.0
38.0,3781.0,3.0,0.0,0.0,20.0,0.0,13.0,128.58,0.0
39.0,3781.0,3.0,0.0,0.0,9.0,0.0,10.0,303.39,1.0
54.0,3781.0,3.0,0.0,0.0,8.0,0.0,9.0,149.36,0.0
60.0,3781.0,3.0,0.0,0.0,20.0,0.0,13.0,59.34,0.0
94.0,3781.0,3.0,0.0,0.0,0.0,0.0,5.0,69.81,0.0
95.0,3781.0,3.0,0.0,0.0,0.0,0.0,5.0,68.08,0.0
96.0,3781.0,3.0,0.0,0.0,35.0,0.0,18.0,1736.84,1.0
97.0,3781.0,3.0,0.0,0.0,0.0,0.0,5.0,30.89,0.0
98.0,3781.0,3.0,0.0,0.0,0.0,0.0,5.0,38.97,0.0
111.0,3781.0,3.0,0.0,0.0,0.0,0.0,5.0,31.44,0.0
112.0,3781.0,3.0,0.0,0.0,0.0,0.0,5.0,17.98,0.0
113.0,3781.0,3.0,0.0,0.0,3.0,0.0,7.0,212.59,1.0
115.0,3781.0,3.0,0.0,0.0,0.0,0.0,5.0,35.87,0.0
116.0,3781.0,3.0,0.0,0.0,0.0,0.0,5.0,15.33,0.0
177.0,3781.0,3.0,0.0,0.0,0.0,0.0,5.0,43.97,0.0
179.0,3781.0,3.0,0.0,0.0,0.0,0.0,5.0,2.91,0.0
179.0,3781.0,3.0,0.0,0.0,15.0,0.0,13.0,10.16,1.0
91.0,3785.0,1.0,1.0,0.0,1.0,0.0,5.0,3.01,0.0
94.0,3785.0,1.0,1.0,0.0,1.0,0.0,5.0,13.1,0.0
95.0,3785.0,1.0,1.0,0.0,17.0,0.0,9.0,759.41,1.0
95.0,3785.0,1.0,1.0,0.0,1.0,0.0,5.0,53.11,0.0
96.0,3785.0,1.0,1.0,0.0,1.0,0.0,5.0,19.06,0.0
20.0,3787.0,0.0,0.0,0.0,6.0,0.0,6.0,204.68,0.0
44.0,3787.0,0.0,0.0,0.0,12.0,0.0,13.0,50.94,0.0
79.0,3787.0,0.0,0.0,0.0,22.0,0.0,12.0,806.07,1.0
83.0,3787.0,0.0,0.0,0.0,13.0,0.0,14.0,60.9,0.0
84.0,3787.0,0.0,0.0,0.0,0.0,0.0,5.0,6.64,0.0
20.0,3789.0,4.0,0.0,0.0,25.0,0.0,15.0,195.62,0.0
85.0,3789.0,4.0,0.0,0.0,6.0,0.0,6.0,39.89,0.0
87.0,3789.0,4.0,0.0,0.0,6.0,0.0,6.0,496.51,1.0
92.0,3789.0,4.0,0.0,0.0,19.0,0.0,9.0,311.15,1.0
115.0,3789.0,4.0,0.0,0.0,25.0,0.0,15.0,150.55,0.0
98.0,3789.0,4.0,0.0,0.0,6.0,0.0,6.0,584.81,1.0
122.0,3789.0,4.0,0.0,0.0,25.0,0.0,15.0,42.05,0.0
128.0,3789.0,4.0,0.0,0.0,16.0,0.0,16.0,16.15,1.0
134.0,3789.0,4.0,0.0,0.0,6.0,0.0,6.0,146.76,0.0
134.0,3789.0,4.0,0.0,0.0,7.0,0.0,6.0,36.1,0.0
157.0,3789.0,4.0,0.0,0.0,0.0,0.0,5.0,57.96,0.0
158.0,3789.0,4.0,0.0,0.0,0.0,0.0,5.0,10.74,0.0
158.0,3789.0,4.0,0.0,0.0,20.0,0.0,13.0,70.56,1.0
159.0,3789.0,4.0,0.0,0.0,0.0,0.0,5.0,36.66,0.0
160.0,3789.0,4.0,0.0,0.0,0.0,0.0,5.0,1.17,0.0
24.0,3790.0,2.0,0.0,0.0,12.0,0.0,13.0,2.6,0.0
33.0,3790.0,2.0,0.0,0.0,25.0,0.0,15.0,19.45,0.0
41.0,3790.0,2.0,0.0,0.0,31.0,0.0,9.0,339.07,1.0
45.0,3790.0,2.0,0.0,0.0,30.0,0.0,16.0,259.67,0.0
47.0,3790.0,2.0,0.0,0.0,20.0,0.0,13.0,5.04,0.0
22.0,3791.0,4.0,0.0,0.0,5.0,0.0,8.0,21.45,0.0
23.0,3791.0,4.0,0.0,0.0,1.0,0.0,5.0,10.76,0.0
24.0,3791.0,4.0,0.0,0.0,18.0,0.0,9.0,512.4,1.0
24.0,3791.0,4.0,0.0,0.0,1.0,0.0,5.0,36.31,0.0
25.0,3791.0,4.0,0.0,0.0,1.0,0.0,5.0,6.05,0.0
26.0,3791.0,4.0,0.0,0.0,10.0,0.0,11.0,148.64,1.0
26.0,3791.0,4.0,0.0,0.0,1.0,0.0,5.0,21.42,0.0
27.0,3791.0,4.0,0.0,0.0,6.0,0.0,6.0,342.61,1.0
27.0,3791.0,4.0,0.0,0.0,1.0,0.0,5.0,11.2,0.0
28.0,3791.0,4.0,0.0,0.0,1.0,0.0,5.0,20.46,0.0
29.0,3791.0,4.0,0.0,0.0,1.0,0.0,5.0,17.34,0.0
29.0,3791.0,4.0,0.0,0.0,22.0,0.0,12.0,63.45,1.0
30.0,3791.0,4.0,0.0,0.0,1.0,0.0,5.0,29.11,0.0
31.0,3791.0,4.0,0.0,0.0,1.0,0.0,5.0,19.74,0.0
59.0,3791.0,4.0,0.0,0.0,1.0,0.0,5.0,31.57,0.0
60.0,3791.0,4.0,0.0,0.0,4.0,0.0,6.0,124.53,0.0
60.0,3791.0,4.0,0.0,0.0,22.0,0.0,12.0,141.19,1.0
61.0,3791.0,4.0,0.0,0.0,1.0,0.0,5.0,35.28,0.0
62.0,3791.0,4.0,0.0,0.0,1.0,0.0,5.0,53.83,0.0
107.0,3791.0,4.0,0.0,0.0,0.0,0.0,5.0,36.9,0.0
108.0,3791.0,4.0,0.0,0.0,0.0,0.0,5.0,8.22,0.0
108.0,3791.0,4.0,0.0,0.0,6.0,0.0,6.0,448.97,1.0
109.0,3791.0,4.0,0.0,0.0,0.0,0.0,5.0,38.43,0.0
110.0,3791.0,4.0,0.0,0.0,9.0,0.0,10.0,19.77,0.0
159.0,3791.0,4.0,0.0,0.0,0.0,0.0,5.0,4.53,0.0
160.0,3791.0,4.0,0.0,0.0,0.0,0.0,5.0,9.31,0.0
161.0,3791.0,4.0,0.0,0.0,22.0,0.0,12.0,433.81,1.0
161.0,3791.0,4.0,0.0,0.0,0.0,0.0,5.0,27.7,0.0
163.0,3791.0,4.0,0.0,0.0,0.0,0.0,5.0,9.67,0.0
31.0,3792.0,2.0,0.0,0.0,25.0,0.0,15.0,138.05,0.0
61.0,3792.0,2.0,0.0,0.0,39.0,0.0,18.0,429.69,0.0
106.0,3792.0,2.0,0.0,0.0,6.0,0.0,6.0,167.6,1.0
120.0,3792.0,2.0,0.0,0.0,12.0,0.0,13.0,9.46,0.0
138.0,3792.0,2.0,0.0,0.0,12.0,0.0,13.0,12.21,0.0
156.0,3792.0,2.0,0.0,0.0,15.0,0.0,13.0,144.78,0.0
157.0,3792.0,2.0,0.0,0.0,2.0,0.0,6.0,173.89,0.0
158.0,3792.0,2.0,0.0,0.0,6.0,0.0,6.0,69.23,1.0
172.0,3792.0,2.0,0.0,0.0,9.0,0.0,10.0,19.76,0.0
169.0,3792.0,2.0,0.0,0.0,8.0,0.0,9.0,12.17,1.0
173.0,3792.0,2.0,0.0,0.0,0.0,0.0,5.0,20.48,0.0
80.0,3793.0,3.0,1.0,0.0,6.0,0.0,6.0,90.41,0.0
80.0,3793.0,3.0,1.0,0.0,2.0,0.0,6.0,9.69,0.0
83.0,3793.0,3.0,1.0,0.0,22.0,0.0,12.0,420.73,1.0
138.0,3793.0,3.0,1.0,0.0,12.0,0.0,13.0,15.6,0.0
138.0,3793.0,3.0,1.0,0.0,20.0,0.0,13.0,7.49,0.0
52.0,3794.0,3.0,1.0,0.0,13.0,0.0,14.0,2.25,0.0
53.0,3794.0,3.0,1.0,0.0,20.0,0.0,13.0,6.62,0.0
87.0,3794.0,3.0,1.0,0.0,22.0,0.0,12.0,270.03,1.0
88.0,3794.0,3.0,1.0,0.0,6.0,0.0,6.0,37.28,0.0
88.0,3794.0,3.0,1.0,0.0,3.0,0.0,7.0,481.62,1.0
135.0,3794.0,3.0,1.0,0.0,12.0,0.0,13.0,75.13,0.0
146.0,3794.0,3.0,1.0,0.0,35.0,0.0,18.0,4775.72,1.0
159.0,3794.0,3.0,1.0,0.0,6.0,0.0,6.0,44.9,0.0
146.0,3794.0,3.0,1.0,0.0,35.0,0.0,18.0,1956.12,1.0
159.0,3794.0,3.0,1.0,0.0,2.0,0.0,6.0,21.27,0.0
166.0,3794.0,3.0,1.0,0.0,12.0,0.0,13.0,0.63,0.0
166.0,3794.0,3.0,1.0,0.0,20.0,0.0,13.0,46.29,0.0
176.0,3794.0,3.0,1.0,0.0,19.0,0.0,9.0,303.94,1.0
20.0,3795.0,4.0,1.0,0.0,4.0,0.0,6.0,2.74,0.0
20.0,3795.0,4.0,1.0,0.0,6.0,0.0,6.0,420.48,1.0
21.0,3795.0,4.0,1.0,0.0,1.0,0.0,5.0,50.38,0.0
22.0,3795.0,4.0,1.0,0.0,1.0,0.0,5.0,37.61,0.0
24.0,3795.0,4.0,1.0,0.0,5.0,0.0,8.0,20.6,0.0
25.0,3795.0,4.0,1.0,0.0,1.0,0.0,5.0,0.64,0.0
25.0,3795.0,4.0,1.0,0.0,12.0,0.0,13.0,596.13,1.0
26.0,3795.0,4.0,1.0,0.0,1.0,0.0,5.0,30.44,0.0
28.0,3795.0,4.0,1.0,0.0,1.0,0.0,5.0,17.41,0.0
56.0,3795.0,4.0,1.0,0.0,43.0,0.0,9.0,215.98,0.0
57.0,3795.0,4.0,1.0,0.0,0.0,0.0,5.0,43.04,0.0
57.0,3795.0,4.0,1.0,0.0,6.0,0.0,6.0,264.66,1.0
59.0,3795.0,4.0,1.0,0.0,13.0,0.0,14.0,56.73,0.0
60.0,3795.0,4.0,1.0,0.0,0.0,0.0,5.0,40.66,0.0
94.0,3795.0,4.0,1.0,0.0,0.0,0.0,5.0,27.7,0.0
95.0,3795.0,4.0,1.0,0.0,0.0,0.0,5.0,49.48,0.0
95.0,3795.0,4.0,1.0,0.0,22.0,0.0,12.0,398.27,1.0
96.0,3795.0,4.0,1.0,0.0,0.0,0.0,5.0,30.6,0.0
97.0,3795.0,4.0,1.0,0.0,0.0,0.0,5.0,21.58,0.0
36.0,3797.0,1.0,0.0,0.0,1.0,0.0,5.0,78.54,0.0
37.0,3797.0,1.0,0.0,0.0,1.0,0.0,5.0,8.14,0.0
37.0,3797.0,1.0,0.0,0.0,22.0,0.0,12.0,442.07,1.0
38.0,3797.0,1.0,0.0,0.0,1.0,0.0,5.0,4.49,0.0
39.0,3797.0,1.0,0.0,0.0,1.0,0.0,5.0,30.41,0.0
166.0,3797.0,1.0,0.0,0.0,1.0,0.0,5.0,51.9,0.0
167.0,3797.0,1.0,0.0,0.0,1.0,0.0,5.0,35.19,0.0
167.0,3797.0,1.0,0.0,0.0,10.0,0.0,11.0,235.56,1.0
168.0,3797.0,1.0,0.0,0.0,1.0,0.0,5.0,8.02,0.0
169.0,3797.0,1.0,0.0,0.0,1.0,0.0,5.0,31.87,0.0
70.0,3798.0,1.0,0.0,0.0,7.0,0.0,6.0,33.06,0.0
70.0,3798.0,1.0,0.0,0.0,2.0,0.0,6.0,165.8,0.0
101.0,3798.0,1.0,0.0,0.0,39.0,0.0,18.0,2126.96,1.0
106.0,3798.0,1.0,0.0,0.0,9.0,0.0,10.0,22.56,0.0
108.0,3798.0,1.0,0.0,0.0,0.0,0.0,5.0,11.24,0.0
20.0,3799.0,0.0,1.0,0.0,35.0,0.0,18.0,3885.8,1.0
28.0,3799.0,0.0,1.0,0.0,11.0,0.0,12.0,118.4,0.0
56.0,3799.0,0.0,1.0,0.0,13.0,0.0,14.0,8.6,0.0
57.0,3799.0,0.0,1.0,0.0,0.0,0.0,5.0,26.62,0.0
58.0,3799.0,0.0,1.0,0.0,0.0,0.0,5.0,14.81,0.0
58.0,3799.0,0.0,1.0,0.0,22.0,0.0,12.0,215.91,1.0
60.0,3799.0,0.0,1.0,0.0,0.0,0.0,5.0,35.81,0.0
62.0,3799.0,0.0,1.0,0.0,0.0,0.0,5.0,27.13,0.0
68.0,3799.0,0.0,1.0,0.0,0.0,0.0,5.0,8.11,0.0
69.0,3799.0,0.0,1.0,0.0,0.0,0.0,5.0,44.7,0.0
70.0,3799.0,0.0,1.0,0.0,13.0,0.0,14.0,280.0,1.0
70.0,3799.0,0.0,1.0,0.0,0.0,0.0,5.0,21.34,0.0
71.0,3799.0,0.0,1.0,0.0,0.0,0.0,5.0,18.02,0.0
82.0,3799.0,0.0,1.0,0.0,0.0,0.0,5.0,51.18,0.0
83.0,3799.0,0.0,1.0,0.0,0.0,0.0,5.0,48.98,0.0
83.0,3799.0,0.0,1.0,0.0,22.0,0.0,12.0,909.61,1.0
84.0,3799.0,0.0,1.0,0.0,0.0,0.0,5.0,25.41,0.0
86.0,3799.0,0.0,1.0,0.0,0.0,0.0,5.0,39.78,0.0
119.0,3799.0,0.0,1.0,0.0,9.0,0.0,10.0,19.54,0.0
120.0,3799.0,0.0,1.0,0.0,0.0,0.0,5.0,13.36,0.0
120.0,3799.0,0.0,1.0,0.0,6.0,0.0,6.0,443.6,1.0
121.0,3799.0,0.0,1.0,0.0,0.0,0.0,5.0,27.36,0.0
122.0,3799.0,0.0,1.0,0.0,0.0,0.0,5.0,4.81,0.0
21.0,3803.0,4.0,0.0,0.0,8.0,0.0,9.0,12.6,0.0
42.0,3803.0,4.0,0.0,0.0,20.0,0.0,13.0,76.13,0.0
76.0,3803.0,4.0,0.0,0.0,30.0,0.0,16.0,353.66,1.0
86.0,3803.0,4.0,0.0,0.0,6.0,0.0,6.0,175.22,0.0
94.0,3803.0,4.0,0.0,0.0,6.0,0.0,6.0,382.44,0.0
94.0,3803.0,4.0,0.0,0.0,2.0,0.0,6.0,135.85,0.0
108.0,3803.0,4.0,0.0,0.0,19.0,0.0,9.0,501.11,1.0
145.0,3803.0,4.0,0.0,0.0,25.0,0.0,15.0,104.96,1.0
170.0,3803.0,4.0,0.0,0.0,6.0,0.0,6.0,53.78,0.0
155.0,3803.0,4.0,0.0,0.0,30.0,0.0,16.0,461.66,1.0
170.0,3803.0,4.0,0.0,0.0,2.0,0.0,6.0,287.38,0.0
21.0,3806.0,4.0,1.0,0.0,3.0,0.0,7.0,83.21,0.0
48.0,3806.0,4.0,1.0,0.0,2.0,0.0,6.0,208.02,1.0
51.0,3806.0,4.0,1.0,0.0,6.0,0.0,6.0,183.45,0.0
62.0,3806.0,4.0,1.0,0.0,12.0,0.0,13.0,93.29,0.0
64.0,3806.0,4.0,1.0,0.0,6.0,0.0,6.0,36.59,1.0
78.0,3806.0,4.0,1.0,0.0,6.0,0.0,6.0,5.75,0.0
78.0,3806.0,4.0,1.0,0.0,2.0,0.0,6.0,38.05,0.0
21.0,3807.0,0.0,1.0,0.0,11.0,0.0,12.0,72.0,0.0
24.0,3807.0,0.0,1.0,0.0,10.0,0.0,11.0,577.57,1.0
32.0,3807.0,0.0,1.0,0.0,6.0,0.0,6.0,32.96,0.0
27.0,3807.0,0.0,1.0,0.0,35.0,0.0,18.0,2872.24,1.0
35.0,3807.0,0.0,1.0,0.0,35.0,0.0,18.0,2070.36,1.0
68.0,3807.0,0.0,1.0,0.0,6.0,0.0,6.0,200.26,0.0
68.0,3807.0,0.0,1.0,0.0,2.0,0.0,6.0,96.52,0.0
72.0,3807.0,0.0,1.0,0.0,25.0,0.0,15.0,37.62,0.0
97.0,3807.0,0.0,1.0,0.0,21.0,0.0,13.0,116.72,1.0
107.0,3807.0,0.0,1.0,0.0,6.0,0.0,6.0,45.0,0.0
98.0,3807.0,0.0,1.0,0.0,41.0,0.0,19.0,240.44,1.0
107.0,3807.0,0.0,1.0,0.0,7.0,0.0,6.0,99.55,0.0
161.0,3807.0,0.0,1.0,0.0,9.0,0.0,10.0,91.57,0.0
162.0,3807.0,0.0,1.0,0.0,0.0,0.0,5.0,37.59,0.0
162.0,3807.0,0.0,1.0,0.0,6.0,0.0,6.0,370.38,1.0
163.0,3807.0,0.0,1.0,0.0,0.0,0.0,5.0,22.01,0.0
163.0,3807.0,0.0,1.0,0.0,13.0,0.0,14.0,17.28,1.0
164.0,3807.0,0.0,1.0,0.0,0.0,0.0,5.0,31.52,0.0
165.0,3807.0,0.0,1.0,0.0,0.0,0.0,5.0,24.61,0.0
93.0,3808.0,1.0,1.0,0.0,0.0,0.0,5.0,26.79,0.0
94.0,3808.0,1.0,1.0,0.0,0.0,0.0,5.0,41.5,0.0
94.0,3808.0,1.0,1.0,0.0,6.0,0.0,6.0,647.33,1.0
95.0,3808.0,1.0,1.0,0.0,0.0,0.0,5.0,62.49,0.0
96.0,3808.0,1.0,1.0,0.0,0.0,0.0,5.0,54.36,0.0
21.0,3809.0,2.0,1.0,0.0,27.0,0.0,12.0,120.43,1.0
22.0,3809.0,2.0,1.0,0.0,20.0,0.0,13.0,528.87,1.0
23.0,3809.0,2.0,1.0,0.0,35.0,0.0,18.0,861.98,1.0
25.0,3809.0,2.0,1.0,0.0,17.0,0.0,9.0,575.17,1.0
27.0,3809.0,2.0,1.0,0.0,25.0,0.0,15.0,54.83,0.0
26.0,3809.0,2.0,1.0,0.0,6.0,0.0,6.0,576.31,1.0
28.0,3809.0,2.0,1.0,0.0,6.0,0.0,6.0,34.03,0.0
29.0,3809.0,2.0,1.0,0.0,10.0,0.0,11.0,436.74,1.0
29.0,3809.0,2.0,1.0,0.0,3.0,0.0,7.0,410.77,1.0
34.0,3809.0,2.0,1.0,0.0,38.0,0.0,19.0,282.63,1.0
39.0,3809.0,2.0,1.0,0.0,22.0,0.0,12.0,516.58,1.0
40.0,3809.0,2.0,1.0,0.0,6.0,0.0,6.0,757.85,1.0
45.0,3809.0,2.0,1.0,0.0,11.0,0.0,12.0,856.15,1.0
46.0,3809.0,2.0,1.0,0.0,16.0,0.0,16.0,1108.43,1.0
46.0,3809.0,2.0,1.0,0.0,6.0,0.0,6.0,755.53,1.0
47.0,3809.0,2.0,1.0,0.0,3.0,0.0,7.0,254.75,1.0
51.0,3809.0,2.0,1.0,0.0,6.0,0.0,6.0,92.54,0.0
50.0,3809.0,2.0,1.0,0.0,6.0,0.0,6.0,360.34,1.0
51.0,3809.0,2.0,1.0,0.0,2.0,0.0,6.0,147.32,0.0
51.0,3809.0,2.0,1.0,0.0,12.0,0.0,13.0,644.44,1.0
52.0,3809.0,2.0,1.0,0.0,20.0,0.0,13.0,316.43,1.0
58.0,3809.0,2.0,1.0,0.0,22.0,0.0,12.0,314.44,1.0
59.0,3809.0,2.0,1.0,0.0,6.0,0.0,6.0,524.78,1.0
60.0,3809.0,2.0,1.0,0.0,22.0,0.0,12.0,257.11,1.0
65.0,3809.0,2.0,1.0,0.0,13.0,0.0,14.0,132.29,1.0
69.0,3809.0,2.0,1.0,0.0,6.0,0.0,6.0,532.71,1.0
70.0,3809.0,2.0,1.0,0.0,6.0,0.0,6.0,238.73,1.0
74.0,3809.0,2.0,1.0,0.0,6.0,0.0,6.0,366.05,1.0
77.0,3809.0,2.0,1.0,0.0,13.0,0.0,14.0,21.87,0.0
75.0,3809.0,2.0,1.0,0.0,6.0,0.0,6.0,707.47,1.0
78.0,3809.0,2.0,1.0,0.0,0.0,0.0,5.0,14.59,0.0
83.0,3809.0,2.0,1.0,0.0,27.0,0.0,12.0,20.46,0.0
83.0,3809.0,2.0,1.0,0.0,46.0,0.0,12.0,167.21,0.0
84.0,3809.0,2.0,1.0,0.0,6.0,0.0,6.0,606.46,1.0
84.0,3809.0,2.0,1.0,0.0,0.0,0.0,5.0,27.77,0.0
85.0,3809.0,2.0,1.0,0.0,0.0,0.0,5.0,30.0,0.0
86.0,3809.0,2.0,1.0,0.0,0.0,0.0,5.0,49.19,0.0
87.0,3809.0,2.0,1.0,0.0,0.0,0.0,5.0,23.13,0.0
87.0,3809.0,2.0,1.0,0.0,26.0,0.0,12.0,168.04,1.0
88.0,3809.0,2.0,1.0,0.0,0.0,0.0,5.0,17.8,0.0
89.0,3809.0,2.0,1.0,0.0,0.0,0.0,5.0,8.46,0.0
94.0,3809.0,2.0,1.0,0.0,0.0,0.0,5.0,58.91,0.0
95.0,3809.0,2.0,1.0,0.0,9.0,0.0,10.0,77.02,0.0
96.0,3809.0,2.0,1.0,0.0,26.0,0.0,12.0,30.21,1.0
96.0,3809.0,2.0,1.0,0.0,0.0,0.0,5.0,43.41,0.0
96.0,3809.0,2.0,1.0,0.0,11.0,0.0,12.0,628.88,1.0
97.0,3809.0,2.0,1.0,0.0,32.0,0.0,11.0,47.24,0.0
101.0,3809.0,2.0,1.0,0.0,1.0,0.0,5.0,30.38,0.0
102.0,3809.0,2.0,1.0,0.0,1.0,0.0,5.0,67.42,0.0
102.0,3809.0,2.0,1.0,0.0,22.0,0.0,12.0,626.27,1.0
103.0,3809.0,2.0,1.0,0.0,28.0,0.0,13.0,22.58,0.0
104.0,3809.0,2.0,1.0,0.0,0.0,0.0,5.0,27.8,0.0
109.0,3809.0,2.0,1.0,0.0,1.0,0.0,5.0,62.69,0.0
110.0,3809.0,2.0,1.0,0.0,1.0,0.0,5.0,22.93,0.0
111.0,3809.0,2.0,1.0,0.0,22.0,0.0,12.0,341.64,1.0
112.0,3809.0,2.0,1.0,0.0,1.0,0.0,5.0,0.64,0.0
113.0,3809.0,2.0,1.0,0.0,1.0,0.0,5.0,20.22,0.0
120.0,3809.0,2.0,1.0,0.0,1.0,0.0,5.0,8.69,0.0
121.0,3809.0,2.0,1.0,0.0,1.0,0.0,5.0,24.56,0.0
122.0,3809.0,2.0,1.0,0.0,6.0,0.0,6.0,143.12,1.0
123.0,3809.0,2.0,1.0,0.0,1.0,0.0,5.0,19.4,0.0
124.0,3809.0,2.0,1.0,0.0,1.0,0.0,5.0,1.69,0.0
126.0,3809.0,2.0,1.0,0.0,1.0,0.0,5.0,5.75,0.0
127.0,3809.0,2.0,1.0,0.0,1.0,0.0,5.0,10.9,0.0
127.0,3809.0,2.0,1.0,0.0,22.0,0.0,12.0,157.38,1.0
128.0,3809.0,2.0,1.0,0.0,1.0,0.0,5.0,31.42,0.0
129.0,3809.0,2.0,1.0,0.0,1.0,0.0,5.0,19.38,0.0
131.0,3809.0,2.0,1.0,0.0,1.0,0.0,5.0,16.12,0.0
132.0,3809.0,2.0,1.0,0.0,1.0,0.0,5.0,10.34,0.0
132.0,3809.0,2.0,1.0,0.0,22.0,0.0,12.0,327.1,1.0
133.0,3809.0,2.0,1.0,0.0,5.0,0.0,8.0,2.31,0.0
134.0,3809.0,2.0,1.0,0.0,5.0,0.0,8.0,26.93,0.0
139.0,3809.0,2.0,1.0,0.0,1.0,0.0,5.0,5.34,0.0
140.0,3809.0,2.0,1.0,0.0,1.0,0.0,5.0,55.06,0.0
140.0,3809.0,2.0,1.0,0.0,35.0,0.0,18.0,2568.55,1.0
141.0,3809.0,2.0,1.0,0.0,1.0,0.0,5.0,22.12,0.0
141.0,3809.0,2.0,1.0,0.0,11.0,0.0,12.0,1.21,1.0
141.0,3809.0,2.0,1.0,0.0,22.0,0.0,12.0,336.32,1.0
142.0,3809.0,2.0,1.0,0.0,1.0,0.0,5.0,38.85,0.0
143.0,3809.0,2.0,1.0,0.0,1.0,0.0,5.0,0.14,0.0
145.0,3809.0,2.0,1.0,0.0,1.0,0.0,5.0,24.32,0.0
146.0,3809.0,2.0,1.0,0.0,1.0,0.0,5.0,29.34,0.0
147.0,3809.0,2.0,1.0,0.0,6.0,0.0,6.0,194.33,1.0
147.0,3809.0,2.0,1.0,0.0,1.0,0.0,5.0,12.52,0.0
148.0,3809.0,2.0,1.0,0.0,10.0,0.0,11.0,103.5,0.0
162.0,3809.0,2.0,1.0,0.0,1.0,0.0,5.0,41.84,0.0
163.0,3809.0,2.0,1.0,0.0,1.0,0.0,5.0,3.59,0.0
163.0,3809.0,2.0,1.0,0.0,22.0,0.0,12.0,238.15,1.0
164.0,3809.0,2.0,1.0,0.0,5.0,0.0,8.0,16.42,0.0
166.0,3809.0,2.0,1.0,0.0,1.0,0.0,5.0,23.82,0.0
167.0,3809.0,2.0,1.0,0.0,1.0,0.0,5.0,49.53,0.0
168.0,3809.0,2.0,1.0,0.0,1.0,0.0,5.0,66.5,0.0
168.0,3809.0,2.0,1.0,0.0,31.0,0.0,9.0,206.87,1.0
169.0,3809.0,2.0,1.0,0.0,1.0,0.0,5.0,36.48,0.0
170.0,3809.0,2.0,1.0,0.0,1.0,0.0,5.0,13.84,0.0
171.0,3809.0,2.0,1.0,0.0,1.0,0.0,5.0,50.27,0.0
172.0,3809.0,2.0,1.0,0.0,1.0,0.0,5.0,5.76,0.0
173.0,3809.0,2.0,1.0,0.0,13.0,0.0,14.0,36.17,1.0
173.0,3809.0,2.0,1.0,0.0,5.0,0.0,8.0,57.44,0.0
174.0,3809.0,2.0,1.0,0.0,1.0,0.0,5.0,18.17,0.0
88.0,3810.0,3.0,0.0,0.0,13.0,0.0,14.0,35.62,0.0
89.0,3810.0,3.0,0.0,0.0,5.0,0.0,8.0,0.37,0.0
89.0,3810.0,3.0,0.0,0.0,16.0,0.0,16.0,357.71,1.0
90.0,3810.0,3.0,0.0,0.0,1.0,0.0,5.0,46.33,0.0
91.0,3810.0,3.0,0.0,0.0,1.0,0.0,5.0,18.6,0.0
161.0,3811.0,1.0,1.0,0.0,0.0,0.0,5.0,35.0,0.0
162.0,3811.0,1.0,1.0,0.0,0.0,0.0,5.0,8.37,0.0
163.0,3811.0,1.0,1.0,0.0,6.0,0.0,6.0,76.53,1.0
163.0,3811.0,1.0,1.0,0.0,0.0,0.0,5.0,61.2,0.0
164.0,3811.0,1.0,1.0,0.0,0.0,0.0,5.0,58.33,0.0
79.0,3812.0,2.0,0.0,0.0,6.0,0.0,6.0,17.12,0.0
79.0,3812.0,2.0,0.0,0.0,2.0,0.0,6.0,8.1,0.0
88.0,3812.0,2.0,0.0,0.0,39.0,0.0,18.0,4746.4,1.0
93.0,3812.0,2.0,0.0,0.0,25.0,0.0,15.0,11.59,0.0
112.0,3812.0,2.0,0.0,0.0,25.0,0.0,15.0,107.75,0.0
38.0,3813.0,3.0,1.0,0.0,25.0,0.0,15.0,50.83,0.0
45.0,3813.0,3.0,1.0,0.0,8.0,0.0,9.0,181.54,0.0
55.0,3813.0,3.0,1.0,0.0,38.0,0.0,19.0,373.12,1.0
62.0,3813.0,3.0,1.0,0.0,20.0,0.0,13.0,53.96,0.0
68.0,3813.0,3.0,1.0,0.0,6.0,0.0,6.0,241.97,0.0
166.0,3813.0,3.0,1.0,0.0,0.0,0.0,5.0,25.56,0.0
167.0,3813.0,3.0,1.0,0.0,0.0,0.0,5.0,42.6,0.0
168.0,3813.0,3.0,1.0,0.0,13.0,0.0,14.0,285.38,1.0
168.0,3813.0,3.0,1.0,0.0,0.0,0.0,5.0,51.34,0.0
169.0,3813.0,3.0,1.0,0.0,0.0,0.0,5.0,3.33,0.0
54.0,3814.0,0.0,1.0,0.0,0.0,0.0,5.0,7.02,0.0
55.0,3814.0,0.0,1.0,0.0,0.0,0.0,5.0,32.31,0.0
57.0,3814.0,0.0,1.0,0.0,35.0,0.0,18.0,4846.15,1.0
57.0,3814.0,0.0,1.0,0.0,0.0,0.0,5.0,32.65,0.0
58.0,3814.0,0.0,1.0,0.0,0.0,0.0,5.0,32.49,0.0
21.0,3815.0,0.0,0.0,0.0,12.0,0.0,13.0,18.92,0.0
35.0,3815.0,0.0,0.0,0.0,25.0,0.0,15.0,142.4,0.0
58.0,3815.0,0.0,0.0,0.0,18.0,0.0,9.0,425.83,1.0
69.0,3815.0,0.0,0.0,0.0,6.0,0.0,6.0,175.61,0.0
70.0,3815.0,0.0,0.0,0.0,12.0,0.0,13.0,25.27,0.0
21.0,3817.0,3.0,0.0,0.0,12.0,0.0,13.0,162.59,0.0
43.0,3817.0,3.0,0.0,0.0,22.0,0.0,12.0,701.03,1.0
54.0,3817.0,3.0,0.0,0.0,13.0,0.0,14.0,61.15,0.0
55.0,3817.0,3.0,0.0,0.0,5.0,0.0,8.0,50.03,0.0
57.0,3817.0,3.0,0.0,0.0,1.0,0.0,5.0,13.51,0.0
58.0,3817.0,3.0,0.0,0.0,1.0,0.0,5.0,24.46,0.0
59.0,3817.0,3.0,0.0,0.0,30.0,0.0,16.0,855.27,1.0
59.0,3817.0,3.0,0.0,0.0,1.0,0.0,5.0,31.88,0.0
60.0,3817.0,3.0,0.0,0.0,1.0,0.0,5.0,20.57,0.0
83.0,3817.0,3.0,0.0,0.0,0.0,0.0,5.0,46.0,0.0
84.0,3817.0,3.0,0.0,0.0,13.0,0.0,14.0,17.11,0.0
84.0,3817.0,3.0,0.0,0.0,12.0,0.0,13.0,350.48,1.0
85.0,3817.0,3.0,0.0,0.0,0.0,0.0,5.0,9.36,0.0
86.0,3817.0,3.0,0.0,0.0,0.0,0.0,5.0,50.54,0.0
31.0,3820.0,4.0,0.0,0.0,7.0,0.0,6.0,108.32,0.0
31.0,3820.0,4.0,0.0,0.0,2.0,0.0,6.0,188.94,0.0
36.0,3820.0,4.0,0.0,0.0,6.0,0.0,6.0,906.87,1.0
37.0,3820.0,4.0,0.0,0.0,12.0,0.0,13.0,78.43,0.0
38.0,3820.0,4.0,0.0,0.0,6.0,0.0,6.0,146.25,0.0
46.0,3820.0,4.0,0.0,0.0,26.0,0.0,12.0,55.74,1.0
50.0,3820.0,4.0,0.0,0.0,12.0,0.0,13.0,1.05,0.0
50.0,3820.0,4.0,0.0,0.0,20.0,0.0,13.0,28.19,0.0
91.0,3820.0,4.0,0.0,0.0,12.0,0.0,13.0,62.33,0.0
91.0,3820.0,4.0,0.0,0.0,20.0,0.0,13.0,83.5,0.0
98.0,3820.0,4.0,0.0,0.0,16.0,0.0,16.0,1260.94,1.0
99.0,3820.0,4.0,0.0,0.0,22.0,0.0,12.0,9.57,0.0
122.0,3820.0,4.0,0.0,0.0,6.0,0.0,6.0,1024.36,1.0
127.0,3820.0,4.0,0.0,0.0,2.0,0.0,6.0,80.72,1.0
128.0,3820.0,4.0,0.0,0.0,7.0,0.0,6.0,26.65,0.0
128.0,3820.0,4.0,0.0,0.0,15.0,0.0,13.0,152.08,1.0
128.0,3820.0,4.0,0.0,0.0,2.0,0.0,6.0,65.77,0.0
133.0,3820.0,4.0,0.0,0.0,7.0,0.0,6.0,111.06,0.0
133.0,3820.0,4.0,0.0,0.0,2.0,0.0,6.0,154.74,0.0
137.0,3820.0,4.0,0.0,0.0,10.0,0.0,11.0,364.52,1.0
142.0,3820.0,4.0,0.0,0.0,22.0,0.0,12.0,100.89,1.0
144.0,3820.0,4.0,0.0,0.0,6.0,0.0,6.0,18.18,1.0
153.0,3820.0,4.0,0.0,0.0,22.0,0.0,12.0,270.77,1.0
155.0,3820.0,4.0,0.0,0.0,26.0,0.0,12.0,230.36,1.0
21.0,3821.0,1.0,1.0,0.0,20.0,0.0,13.0,10.7,0.0
28.0,3821.0,1.0,1.0,0.0,25.0,0.0,15.0,25.12,0.0
49.0,3821.0,1.0,1.0,0.0,18.0,0.0,9.0,594.68,1.0
72.0,3821.0,1.0,1.0,0.0,12.0,0.0,13.0,39.28,0.0
89.0,3821.0,1.0,1.0,0.0,25.0,0.0,15.0,41.14,0.0
145.0,3822.0,2.0,0.0,0.0,12.0,0.0,13.0,90.77,0.0
145.0,3822.0,2.0,0.0,0.0,21.0,0.0,13.0,62.99,0.0
149.0,3822.0,2.0,0.0,0.0,35.0,0.0,18.0,3033.36,1.0
162.0,3822.0,2.0,0.0,0.0,3.0,0.0,7.0,43.26,0.0
172.0,3822.0,2.0,0.0,0.0,13.0,0.0,14.0,55.2,0.0
85.0,3823.0,1.0,0.0,0.0,13.0,0.0,14.0,49.22,0.0
86.0,3823.0,1.0,0.0,0.0,0.0,0.0,5.0,33.94,0.0
87.0,3823.0,1.0,0.0,0.0,22.0,0.0,12.0,533.68,1.0
87.0,3823.0,1.0,0.0,0.0,13.0,0.0,14.0,51.01,0.0
88.0,3823.0,1.0,0.0,0.0,0.0,0.0,5.0,4.8,0.0
98.0,3823.0,1.0,0.0,0.0,0.0,0.0,5.0,11.48,0.0
99.0,3823.0,1.0,0.0,0.0,0.0,0.0,5.0,21.71,0.0
99.0,3823.0,1.0,0.0,0.0,39.0,0.0,18.0,5714.7,1.0
100.0,3823.0,1.0,0.0,0.0,36.0,0.0,15.0,19.92,0.0
101.0,3823.0,1.0,0.0,0.0,0.0,0.0,5.0,26.82,0.0
116.0,3823.0,1.0,0.0,0.0,0.0,0.0,5.0,24.92,0.0
117.0,3823.0,1.0,0.0,0.0,13.0,0.0,14.0,21.8,0.0
117.0,3823.0,1.0,0.0,0.0,12.0,0.0,13.0,85.58,1.0
118.0,3823.0,1.0,0.0,0.0,0.0,0.0,5.0,62.64,0.0
119.0,3823.0,1.0,0.0,0.0,0.0,0.0,5.0,43.09,0.0
155.0,3824.0,0.0,1.0,0.0,0.0,0.0,5.0,2.07,0.0
156.0,3824.0,0.0,1.0,0.0,0.0,0.0,5.0,28.0,0.0
157.0,3824.0,0.0,1.0,0.0,6.0,0.0,6.0,1002.33,1.0
158.0,3824.0,0.0,1.0,0.0,9.0,0.0,10.0,44.1,0.0
159.0,3824.0,0.0,1.0,0.0,0.0,0.0,5.0,35.47,0.0
108.0,3825.0,0.0,0.0,0.0,15.0,0.0,13.0,23.59,0.0
109.0,3825.0,0.0,0.0,0.0,2.0,0.0,6.0,21.75,0.0
114.0,3825.0,0.0,0.0,0.0,6.0,0.0,6.0,81.65,1.0
119.0,3825.0,0.0,0.0,0.0,25.0,0.0,15.0,41.69,0.0
123.0,3825.0,0.0,0.0,0.0,12.0,0.0,13.0,32.44,0.0
162.0,3825.0,0.0,0.0,0.0,0.0,0.0,5.0,96.02,0.0
163.0,3825.0,0.0,0.0,0.0,0.0,0.0,5.0,26.37,0.0
164.0,3825.0,0.0,0.0,0.0,6.0,0.0,6.0,63.37,1.0
164.0,3825.0,0.0,0.0,0.0,0.0,0.0,5.0,3.08,0.0
165.0,3825.0,0.0,0.0,0.0,0.0,0.0,5.0,5.06,0.0
163.0,3826.0,1.0,1.0,0.0,4.0,0.0,6.0,150.25,0.0
164.0,3826.0,1.0,1.0,0.0,1.0,0.0,5.0,9.9,0.0
164.0,3826.0,1.0,1.0,0.0,17.0,0.0,9.0,110.71,1.0
165.0,3826.0,1.0,1.0,0.0,1.0,0.0,5.0,6.94,0.0
166.0,3826.0,1.0,1.0,0.0,28.0,0.0,13.0,71.61,0.0
22.0,3827.0,2.0,0.0,0.0,22.0,0.0,12.0,201.02,0.0
30.0,3827.0,2.0,0.0,0.0,6.0,0.0,6.0,1017.54,1.0
69.0,3827.0,2.0,0.0,0.0,20.0,0.0,13.0,82.8,0.0
47.0,3827.0,2.0,0.0,0.0,35.0,0.0,18.0,2855.07,1.0
75.0,3827.0,2.0,0.0,0.0,9.0,0.0,10.0,77.19,0.0
22.0,3828.0,4.0,1.0,0.0,20.0,0.0,13.0,20.21,0.0
25.0,3828.0,4.0,1.0,0.0,22.0,0.0,12.0,237.8,1.0
39.0,3828.0,4.0,1.0,0.0,7.0,0.0,6.0,76.84,0.0
41.0,3828.0,4.0,1.0,0.0,7.0,0.0,6.0,137.37,0.0
53.0,3829.0,0.0,0.0,0.0,0.0,0.0,5.0,30.11,0.0
54.0,3829.0,0.0,0.0,0.0,0.0,0.0,5.0,46.27,0.0
54.0,3829.0,0.0,0.0,0.0,22.0,0.0,12.0,215.55,1.0
55.0,3829.0,0.0,0.0,0.0,0.0,0.0,5.0,12.07,0.0
56.0,3829.0,0.0,0.0,0.0,0.0,0.0,5.0,75.04,0.0
22.0,3830.0,4.0,1.0,0.0,22.0,0.0,12.0,55.87,1.0
23.0,3830.0,4.0,1.0,0.0,22.0,0.0,12.0,191.53,1.0
34.0,3830.0,4.0,1.0,0.0,14.0,0.0,15.0,59.21,0.0
33.0,3830.0,4.0,1.0,0.0,6.0,0.0,6.0,111.4,1.0
35.0,3830.0,4.0,1.0,0.0,1.0,0.0,5.0,11.17,0.0
38.0,3830.0,4.0,1.0,0.0,1.0,0.0,5.0,9.72,0.0
39.0,3830.0,4.0,1.0,0.0,1.0,0.0,5.0,31.83,0.0
40.0,3830.0,4.0,1.0,0.0,27.0,0.0,12.0,176.59,1.0
40.0,3830.0,4.0,1.0,0.0,1.0,0.0,5.0,36.24,0.0
41.0,3830.0,4.0,1.0,0.0,1.0,0.0,5.0,0.15,0.0
42.0,3830.0,4.0,1.0,0.0,1.0,0.0,5.0,27.98,0.0
43.0,3830.0,4.0,1.0,0.0,38.0,0.0,19.0,441.59,1.0
43.0,3830.0,4.0,1.0,0.0,5.0,0.0,8.0,0.41,0.0
43.0,3830.0,4.0,1.0,0.0,35.0,0.0,18.0,457.75,1.0
44.0,3830.0,4.0,1.0,0.0,1.0,0.0,5.0,23.7,0.0
45.0,3830.0,4.0,1.0,0.0,1.0,0.0,5.0,3.82,0.0
49.0,3830.0,4.0,1.0,0.0,1.0,0.0,5.0,54.28,0.0
50.0,3830.0,4.0,1.0,0.0,1.0,0.0,5.0,24.18,0.0
51.0,3830.0,4.0,1.0,0.0,38.0,0.0,19.0,172.86,1.0
51.0,3830.0,4.0,1.0,0.0,1.0,0.0,5.0,42.52,0.0
52.0,3830.0,4.0,1.0,0.0,1.0,0.0,5.0,20.27,0.0
76.0,3830.0,4.0,1.0,0.0,13.0,0.0,14.0,13.87,0.0
77.0,3830.0,4.0,1.0,0.0,0.0,0.0,5.0,46.6,0.0
77.0,3830.0,4.0,1.0,0.0,18.0,0.0,9.0,27.07,1.0
78.0,3830.0,4.0,1.0,0.0,0.0,0.0,5.0,7.31,0.0
79.0,3830.0,4.0,1.0,0.0,0.0,0.0,5.0,18.89,0.0
122.0,3830.0,4.0,1.0,0.0,1.0,0.0,5.0,34.64,0.0
123.0,3830.0,4.0,1.0,0.0,5.0,0.0,8.0,11.03,0.0
124.0,3830.0,4.0,1.0,0.0,6.0,0.0,6.0,135.63,1.0
124.0,3830.0,4.0,1.0,0.0,1.0,0.0,5.0,46.3,0.0
124.0,3830.0,4.0,1.0,0.0,38.0,0.0,19.0,443.78,1.0
125.0,3830.0,4.0,1.0,0.0,5.0,0.0,8.0,28.74,0.0
126.0,3830.0,4.0,1.0,0.0,1.0,0.0,5.0,36.82,0.0
22.0,3832.0,1.0,1.0,0.0,22.0,0.0,12.0,34.17,1.0
30.0,3832.0,1.0,1.0,0.0,9.0,0.0,10.0,35.67,0.0
29.0,3832.0,1.0,1.0,0.0,44.0,0.0,13.0,19.37,1.0
32.0,3832.0,1.0,1.0,0.0,35.0,0.0,18.0,1608.66,1.0
33.0,3832.0,1.0,1.0,0.0,0.0,0.0,5.0,26.09,0.0
34.0,3832.0,1.0,1.0,0.0,0.0,0.0,5.0,33.08,0.0
40.0,3832.0,1.0,1.0,0.0,0.0,0.0,5.0,14.59,0.0
41.0,3832.0,1.0,1.0,0.0,0.0,0.0,5.0,0.54,0.0
41.0,3832.0,1.0,1.0,0.0,22.0,0.0,12.0,390.24,1.0
42.0,3832.0,1.0,1.0,0.0,0.0,0.0,5.0,39.63,0.0
43.0,3832.0,1.0,1.0,0.0,0.0,0.0,5.0,15.58,0.0
51.0,3832.0,1.0,1.0,0.0,0.0,0.0,5.0,6.15,0.0
52.0,3832.0,1.0,1.0,0.0,0.0,0.0,5.0,53.71,0.0
53.0,3832.0,1.0,1.0,0.0,35.0,0.0,18.0,1299.99,1.0
53.0,3832.0,1.0,1.0,0.0,0.0,0.0,5.0,34.52,0.0
54.0,3832.0,1.0,1.0,0.0,0.0,0.0,5.0,5.63,0.0
54.0,3832.0,1.0,1.0,0.0,6.0,0.0,6.0,510.94,1.0
55.0,3832.0,1.0,1.0,0.0,0.0,0.0,5.0,23.96,0.0
57.0,3832.0,1.0,1.0,0.0,0.0,0.0,5.0,52.88,0.0
83.0,3832.0,1.0,1.0,0.0,0.0,0.0,5.0,1.99,0.0
84.0,3832.0,1.0,1.0,0.0,0.0,0.0,5.0,40.87,0.0
85.0,3832.0,1.0,1.0,0.0,6.0,0.0,6.0,640.77,1.0
85.0,3832.0,1.0,1.0,0.0,0.0,0.0,5.0,33.41,0.0
86.0,3832.0,1.0,1.0,0.0,37.0,0.0,16.0,118.01,0.0
22.0,3833.0,0.0,0.0,0.0,6.0,0.0,6.0,418.91,1.0
25.0,3833.0,0.0,0.0,0.0,12.0,0.0,13.0,26.53,0.0
38.0,3833.0,0.0,0.0,0.0,6.0,0.0,6.0,1191.42,1.0
56.0,3833.0,0.0,0.0,0.0,6.0,0.0,6.0,28.07,0.0
61.0,3833.0,0.0,0.0,0.0,6.0,0.0,6.0,257.36,1.0
63.0,3833.0,0.0,0.0,0.0,3.0,0.0,7.0,94.01,0.0
84.0,3833.0,0.0,0.0,0.0,6.0,0.0,6.0,310.47,1.0
89.0,3833.0,0.0,0.0,0.0,12.0,0.0,13.0,78.59,0.0
89.0,3833.0,0.0,0.0,0.0,21.0,0.0,13.0,60.05,0.0
93.0,3833.0,0.0,0.0,0.0,3.0,0.0,7.0,110.31,0.0
120.0,3833.0,0.0,0.0,0.0,35.0,0.0,18.0,3690.97,1.0
149.0,3833.0,0.0,0.0,0.0,12.0,0.0,13.0,99.95,0.0
149.0,3833.0,0.0,0.0,0.0,21.0,0.0,13.0,11.85,0.0
22.0,3834.0,2.0,1.0,0.0,22.0,0.0,12.0,115.05,1.0
63.0,3834.0,2.0,1.0,0.0,7.0,0.0,6.0,104.58,0.0
60.0,3834.0,2.0,1.0,0.0,16.0,0.0,16.0,762.57,1.0
66.0,3834.0,2.0,1.0,0.0,22.0,0.0,12.0,213.72,1.0
67.0,3834.0,2.0,1.0,0.0,20.0,0.0,13.0,30.62,0.0
68.0,3834.0,2.0,1.0,0.0,9.0,0.0,10.0,142.11,1.0
74.0,3834.0,2.0,1.0,0.0,9.0,0.0,10.0,102.55,0.0
75.0,3834.0,2.0,1.0,0.0,0.0,0.0,5.0,32.56,0.0
123.0,3834.0,2.0,1.0,0.0,1.0,0.0,5.0,42.61,0.0
124.0,3834.0,2.0,1.0,0.0,4.0,0.0,6.0,96.87,0.0
124.0,3834.0,2.0,1.0,0.0,6.0,0.0,6.0,253.13,1.0
125.0,3834.0,2.0,1.0,0.0,1.0,0.0,5.0,13.19,0.0
126.0,3834.0,2.0,1.0,0.0,1.0,0.0,5.0,31.15,0.0
127.0,3834.0,2.0,1.0,0.0,1.0,0.0,5.0,3.49,0.0
128.0,3834.0,2.0,1.0,0.0,35.0,0.0,18.0,901.77,1.0
129.0,3834.0,2.0,1.0,0.0,1.0,0.0,5.0,63.82,0.0
130.0,3834.0,2.0,1.0,0.0,1.0,0.0,5.0,10.63,0.0
79.0,3837.0,2.0,0.0,0.0,6.0,0.0,6.0,135.38,0.0
85.0,3837.0,2.0,0.0,0.0,3.0,0.0,7.0,74.08,0.0
85.0,3837.0,2.0,0.0,0.0,22.0,0.0,12.0,201.07,1.0
108.0,3837.0,2.0,0.0,0.0,12.0,0.0,13.0,0.24,0.0
108.0,3837.0,2.0,0.0,0.0,21.0,0.0,13.0,13.14,0.0
130.0,3837.0,2.0,0.0,0.0,12.0,0.0,13.0,17.7,0.0
130.0,3837.0,2.0,0.0,0.0,20.0,0.0,13.0,66.19,0.0
132.0,3837.0,2.0,0.0,0.0,6.0,0.0,6.0,290.27,1.0
151.0,3837.0,2.0,0.0,0.0,0.0,0.0,5.0,26.84,0.0
152.0,3837.0,2.0,0.0,0.0,0.0,0.0,5.0,45.55,0.0
115.0,3838.0,4.0,0.0,0.0,0.0,0.0,5.0,31.13,0.0
116.0,3838.0,4.0,0.0,0.0,0.0,0.0,5.0,25.99,0.0
117.0,3838.0,4.0,0.0,0.0,26.0,0.0,12.0,72.94,1.0
117.0,3838.0,4.0,0.0,0.0,0.0,0.0,5.0,6.46,0.0
118.0,3838.0,4.0,0.0,0.0,0.0,0.0,5.0,60.86,0.0
171.0,3838.0,4.0,0.0,0.0,1.0,0.0,5.0,32.44,0.0
172.0,3838.0,4.0,0.0,0.0,1.0,0.0,5.0,32.57,0.0
173.0,3838.0,4.0,0.0,0.0,35.0,0.0,18.0,5772.54,1.0
173.0,3838.0,4.0,0.0,0.0,5.0,0.0,8.0,27.39,0.0
174.0,3838.0,4.0,0.0,0.0,1.0,0.0,5.0,44.65,0.0
55.0,3839.0,2.0,1.0,0.0,20.0,0.0,13.0,2.28,0.0
63.0,3839.0,2.0,1.0,0.0,12.0,0.0,13.0,83.32,0.0
65.0,3839.0,2.0,1.0,0.0,41.0,0.0,19.0,283.88,1.0
81.0,3839.0,2.0,1.0,0.0,25.0,0.0,15.0,9.7,0.0
70.0,3839.0,2.0,1.0,0.0,38.0,0.0,19.0,300.56,1.0
98.0,3839.0,2.0,1.0,0.0,2.0,0.0,6.0,261.64,1.0
113.0,3839.0,2.0,1.0,0.0,6.0,0.0,6.0,280.39,0.0
141.0,3839.0,2.0,1.0,0.0,25.0,0.0,15.0,95.85,0.0
81.0,3844.0,4.0,0.0,0.0,1.0,0.0,5.0,9.65,0.0
82.0,3844.0,4.0,0.0,0.0,1.0,0.0,5.0,4.4,0.0
82.0,3844.0,4.0,0.0,0.0,41.0,0.0,19.0,310.62,1.0
83.0,3844.0,4.0,0.0,0.0,1.0,0.0,5.0,1.16,0.0
84.0,3844.0,4.0,0.0,0.0,1.0,0.0,5.0,2.34,0.0
109.0,3846.0,0.0,0.0,0.0,5.0,0.0,8.0,43.43,0.0
110.0,3846.0,0.0,0.0,0.0,1.0,0.0,5.0,1.56,0.0
110.0,3846.0,0.0,0.0,0.0,22.0,0.0,12.0,144.02,1.0
111.0,3846.0,0.0,0.0,0.0,1.0,0.0,5.0,13.0,0.0
112.0,3846.0,0.0,0.0,0.0,5.0,0.0,8.0,48.78,0.0
93.0,3847.0,1.0,1.0,0.0,0.0,0.0,5.0,43.7,0.0
94.0,3847.0,1.0,1.0,0.0,9.0,0.0,10.0,84.22,0.0
94.0,3847.0,1.0,1.0,0.0,35.0,0.0,18.0,313.2,1.0
95.0,3847.0,1.0,1.0,0.0,0.0,0.0,5.0,1.79,0.0
97.0,3847.0,1.0,1.0,0.0,0.0,0.0,5.0,47.96,0.0
116.0,3847.0,1.0,1.0,0.0,1.0,0.0,5.0,10.06,0.0
117.0,3847.0,1.0,1.0,0.0,1.0,0.0,5.0,55.69,0.0
118.0,3847.0,1.0,1.0,0.0,6.0,0.0,6.0,571.95,1.0
118.0,3847.0,1.0,1.0,0.0,5.0,0.0,8.0,5.97,0.0
119.0,3847.0,1.0,1.0,0.0,1.0,0.0,5.0,66.94,0.0
147.0,3847.0,1.0,1.0,0.0,1.0,0.0,5.0,9.62,0.0
148.0,3847.0,1.0,1.0,0.0,1.0,0.0,5.0,24.01,0.0
150.0,3847.0,1.0,1.0,0.0,38.0,0.0,19.0,342.08,1.0
150.0,3847.0,1.0,1.0,0.0,27.0,0.0,12.0,40.84,0.0
151.0,3847.0,1.0,1.0,0.0,0.0,0.0,5.0,19.89,0.0
104.0,3849.0,2.0,1.0,0.0,6.0,0.0,6.0,99.7,0.0
104.0,3849.0,2.0,1.0,0.0,7.0,0.0,6.0,232.36,0.0
114.0,3849.0,2.0,1.0,0.0,20.0,0.0,13.0,21.52,1.0
156.0,3849.0,2.0,1.0,0.0,20.0,0.0,13.0,71.15,0.0
165.0,3849.0,2.0,1.0,0.0,25.0,0.0,15.0,53.9,0.0
79.0,3850.0,2.0,0.0,0.0,6.0,0.0,6.0,75.59,0.0
80.0,3850.0,2.0,0.0,0.0,25.0,0.0,15.0,1.88,0.0
98.0,3850.0,2.0,0.0,0.0,20.0,0.0,13.0,108.75,1.0
100.0,3850.0,2.0,0.0,0.0,25.0,0.0,15.0,22.63,0.0
111.0,3850.0,2.0,0.0,0.0,11.0,0.0,12.0,12.56,0.0
142.0,3850.0,2.0,0.0,0.0,1.0,0.0,5.0,34.21,0.0
143.0,3850.0,2.0,0.0,0.0,1.0,0.0,5.0,9.88,0.0
143.0,3850.0,2.0,0.0,0.0,10.0,0.0,11.0,297.27,1.0
144.0,3850.0,2.0,0.0,0.0,5.0,0.0,8.0,78.8,0.0
145.0,3850.0,2.0,0.0,0.0,1.0,0.0,5.0,22.54,0.0
146.0,3850.0,2.0,0.0,0.0,17.0,0.0,9.0,851.58,1.0
146.0,3850.0,2.0,0.0,0.0,1.0,0.0,5.0,10.42,0.0
148.0,3850.0,2.0,0.0,0.0,1.0,0.0,5.0,10.23,0.0
153.0,3850.0,2.0,0.0,0.0,1.0,0.0,5.0,10.34,0.0
154.0,3850.0,2.0,0.0,0.0,1.0,0.0,5.0,27.46,0.0
155.0,3850.0,2.0,0.0,0.0,35.0,0.0,18.0,2631.91,1.0
155.0,3850.0,2.0,0.0,0.0,1.0,0.0,5.0,69.2,0.0
156.0,3850.0,2.0,0.0,0.0,28.0,0.0,13.0,83.71,0.0
173.0,3850.0,2.0,0.0,0.0,0.0,0.0,5.0,19.68,0.0
174.0,3850.0,2.0,0.0,0.0,27.0,0.0,12.0,28.81,0.0
175.0,3850.0,2.0,0.0,0.0,26.0,0.0,12.0,418.55,1.0
175.0,3850.0,2.0,0.0,0.0,0.0,0.0,5.0,10.46,0.0
176.0,3850.0,2.0,0.0,0.0,0.0,0.0,5.0,45.28,0.0
101.0,3853.0,5.0,0.0,0.0,7.0,0.0,6.0,34.21,0.0
101.0,3853.0,5.0,0.0,0.0,2.0,0.0,6.0,71.59,0.0
105.0,3853.0,5.0,0.0,0.0,38.0,0.0,19.0,200.3,1.0
117.0,3853.0,5.0,0.0,0.0,6.0,0.0,6.0,105.83,0.0
117.0,3853.0,5.0,0.0,0.0,2.0,0.0,6.0,19.85,0.0
119.0,3853.0,5.0,0.0,0.0,17.0,0.0,9.0,582.75,1.0
121.0,3853.0,5.0,0.0,0.0,22.0,0.0,12.0,53.15,1.0
145.0,3853.0,5.0,0.0,0.0,12.0,0.0,13.0,72.55,0.0
127.0,3853.0,5.0,0.0,0.0,35.0,0.0,18.0,1794.47,1.0
155.0,3853.0,5.0,0.0,0.0,6.0,0.0,6.0,47.75,0.0
166.0,3853.0,5.0,0.0,0.0,2.0,0.0,6.0,115.0,0.0
169.0,3853.0,5.0,0.0,0.0,13.0,0.0,14.0,79.76,0.0
169.0,3853.0,5.0,0.0,0.0,6.0,0.0,6.0,48.08,1.0
170.0,3853.0,5.0,0.0,0.0,12.0,0.0,13.0,55.89,0.0
170.0,3853.0,5.0,0.0,0.0,20.0,0.0,13.0,55.88,0.0
64.0,3855.0,4.0,0.0,0.0,0.0,0.0,5.0,65.54,0.0
67.0,3855.0,4.0,0.0,0.0,0.0,0.0,5.0,5.95,0.0
68.0,3855.0,4.0,0.0,0.0,27.0,0.0,12.0,373.13,1.0
69.0,3855.0,4.0,0.0,0.0,0.0,0.0,5.0,10.1,0.0
70.0,3855.0,4.0,0.0,0.0,0.0,0.0,5.0,20.71,0.0
61.0,3856.0,2.0,0.0,0.0,22.0,0.0,12.0,146.68,0.0
77.0,3856.0,2.0,0.0,0.0,20.0,0.0,13.0,106.12,0.0
78.0,3856.0,2.0,0.0,0.0,13.0,0.0,14.0,337.01,1.0
87.0,3856.0,2.0,0.0,0.0,9.0,0.0,10.0,63.01,0.0
88.0,3856.0,2.0,0.0,0.0,0.0,0.0,5.0,23.52,0.0
95.0,3856.0,2.0,0.0,0.0,0.0,0.0,5.0,48.63,0.0
96.0,3856.0,2.0,0.0,0.0,0.0,0.0,5.0,12.62,0.0
96.0,3856.0,2.0,0.0,0.0,6.0,0.0,6.0,696.83,1.0
98.0,3856.0,2.0,0.0,0.0,0.0,0.0,5.0,28.99,0.0
99.0,3856.0,2.0,0.0,0.0,0.0,0.0,5.0,44.98,0.0
123.0,3856.0,2.0,0.0,0.0,0.0,0.0,5.0,28.91,0.0
124.0,3856.0,2.0,0.0,0.0,0.0,0.0,5.0,33.18,0.0
125.0,3856.0,2.0,0.0,0.0,22.0,0.0,12.0,558.07,1.0
125.0,3856.0,2.0,0.0,0.0,0.0,0.0,5.0,48.5,0.0
126.0,3856.0,2.0,0.0,0.0,0.0,0.0,5.0,0.91,0.0
128.0,3856.0,2.0,0.0,0.0,0.0,0.0,5.0,57.84,0.0
129.0,3856.0,2.0,0.0,0.0,35.0,0.0,18.0,85.91,1.0
129.0,3856.0,2.0,0.0,0.0,0.0,0.0,5.0,4.96,0.0
130.0,3856.0,2.0,0.0,0.0,0.0,0.0,5.0,1.89,0.0
144.0,3856.0,2.0,0.0,0.0,0.0,0.0,5.0,26.65,0.0
145.0,3856.0,2.0,0.0,0.0,0.0,0.0,5.0,40.21,0.0
145.0,3856.0,2.0,0.0,0.0,16.0,0.0,16.0,433.54,1.0
147.0,3856.0,2.0,0.0,0.0,0.0,0.0,5.0,43.46,0.0
147.0,3856.0,2.0,0.0,0.0,20.0,0.0,13.0,561.35,1.0
148.0,3856.0,2.0,0.0,0.0,0.0,0.0,5.0,35.98,0.0
149.0,3856.0,2.0,0.0,0.0,0.0,0.0,5.0,20.69,0.0
23.0,3858.0,0.0,1.0,0.0,6.0,0.0,6.0,228.49,1.0
35.0,3858.0,0.0,1.0,0.0,7.0,0.0,6.0,135.36,0.0
39.0,3858.0,0.0,1.0,0.0,45.0,0.0,18.0,2929.84,1.0
88.0,3858.0,0.0,1.0,0.0,7.0,0.0,6.0,52.12,0.0
88.0,3858.0,0.0,1.0,0.0,2.0,0.0,6.0,145.9,0.0
152.0,3858.0,0.0,1.0,0.0,0.0,0.0,5.0,20.98,0.0
153.0,3858.0,0.0,1.0,0.0,0.0,0.0,5.0,26.09,0.0
154.0,3858.0,0.0,1.0,0.0,11.0,0.0,12.0,495.01,1.0
154.0,3858.0,0.0,1.0,0.0,0.0,0.0,5.0,59.71,0.0
155.0,3858.0,0.0,1.0,0.0,0.0,0.0,5.0,8.99,0.0
156.0,3858.0,0.0,1.0,0.0,0.0,0.0,5.0,27.72,0.0
157.0,3858.0,0.0,1.0,0.0,15.0,0.0,13.0,293.87,1.0
158.0,3858.0,0.0,1.0,0.0,0.0,0.0,5.0,20.7,0.0
159.0,3858.0,0.0,1.0,0.0,0.0,0.0,5.0,32.07,0.0
160.0,3858.0,0.0,1.0,0.0,0.0,0.0,5.0,49.16,0.0
162.0,3858.0,0.0,1.0,0.0,0.0,0.0,5.0,57.1,0.0
162.0,3858.0,0.0,1.0,0.0,35.0,0.0,18.0,4191.83,1.0
163.0,3858.0,0.0,1.0,0.0,0.0,0.0,5.0,45.41,0.0
164.0,3858.0,0.0,1.0,0.0,0.0,0.0,5.0,32.65,0.0
165.0,3858.0,0.0,1.0,0.0,0.0,0.0,5.0,24.67,0.0
165.0,3858.0,0.0,1.0,0.0,16.0,0.0,16.0,346.86,1.0
166.0,3858.0,0.0,1.0,0.0,0.0,0.0,5.0,15.27,0.0
167.0,3858.0,0.0,1.0,0.0,0.0,0.0,5.0,67.64,0.0
23.0,3860.0,2.0,0.0,0.0,6.0,0.0,6.0,780.52,1.0
26.0,3860.0,2.0,0.0,0.0,25.0,0.0,15.0,57.93,0.0
71.0,3860.0,2.0,0.0,0.0,6.0,0.0,6.0,141.17,0.0
115.0,3860.0,2.0,0.0,0.0,0.0,0.0,5.0,63.27,0.0
116.0,3860.0,2.0,0.0,0.0,0.0,0.0,5.0,13.75,0.0
116.0,3860.0,2.0,0.0,0.0,22.0,0.0,12.0,46.36,1.0
117.0,3860.0,2.0,0.0,0.0,0.0,0.0,5.0,18.82,0.0
118.0,3860.0,2.0,0.0,0.0,0.0,0.0,5.0,32.78,0.0
158.0,3860.0,2.0,0.0,0.0,0.0,0.0,5.0,16.22,0.0
158.0,3860.0,2.0,0.0,0.0,1.0,0.0,5.0,64.31,0.0
159.0,3860.0,2.0,0.0,0.0,6.0,0.0,6.0,335.93,1.0
160.0,3860.0,2.0,0.0,0.0,1.0,0.0,5.0,43.65,0.0
161.0,3860.0,2.0,0.0,0.0,1.0,0.0,5.0,14.79,0.0
170.0,3860.0,2.0,0.0,0.0,1.0,0.0,5.0,18.33,0.0
171.0,3860.0,2.0,0.0,0.0,1.0,0.0,5.0,16.58,0.0
171.0,3860.0,2.0,0.0,0.0,22.0,0.0,12.0,543.62,1.0
172.0,3860.0,2.0,0.0,0.0,1.0,0.0,5.0,31.66,0.0
173.0,3860.0,2.0,0.0,0.0,1.0,0.0,5.0,72.45,0.0
23.0,3862.0,2.0,1.0,0.0,16.0,0.0,16.0,123.73,0.0
26.0,3862.0,2.0,1.0,0.0,0.0,0.0,5.0,3.88,0.0
27.0,3862.0,2.0,1.0,0.0,10.0,0.0,11.0,123.88,1.0
28.0,3862.0,2.0,1.0,0.0,0.0,0.0,5.0,24.61,0.0
29.0,3862.0,2.0,1.0,0.0,0.0,0.0,5.0,28.08,0.0
78.0,3862.0,2.0,1.0,0.0,20.0,0.0,13.0,38.16,0.0
82.0,3862.0,2.0,1.0,0.0,12.0,0.0,13.0,118.02,0.0
90.0,3862.0,2.0,1.0,0.0,20.0,0.0,13.0,158.9,1.0
95.0,3862.0,2.0,1.0,0.0,13.0,0.0,14.0,31.36,0.0
96.0,3862.0,2.0,1.0,0.0,0.0,0.0,5.0,19.51,0.0
105.0,3862.0,2.0,1.0,0.0,0.0,0.0,5.0,0.2,0.0
106.0,3862.0,2.0,1.0,0.0,0.0,0.0,5.0,19.61,0.0
107.0,3862.0,2.0,1.0,0.0,20.0,0.0,13.0,322.85,1.0
109.0,3862.0,2.0,1.0,0.0,0.0,0.0,5.0,22.3,0.0
110.0,3862.0,2.0,1.0,0.0,0.0,0.0,5.0,0.36,0.0
64.0,3863.0,2.0,1.0,0.0,2.0,0.0,6.0,207.46,0.0
68.0,3863.0,2.0,1.0,0.0,25.0,0.0,15.0,90.22,0.0
77.0,3863.0,2.0,1.0,0.0,18.0,0.0,9.0,551.65,1.0
115.0,3863.0,2.0,1.0,0.0,25.0,0.0,15.0,62.95,0.0
147.0,3863.0,2.0,1.0,0.0,6.0,0.0,6.0,130.36,0.0
166.0,3864.0,0.0,1.0,0.0,42.0,0.0,6.0,266.32,0.0
167.0,3864.0,0.0,1.0,0.0,1.0,0.0,5.0,59.35,0.0
168.0,3864.0,0.0,1.0,0.0,22.0,0.0,12.0,419.71,1.0
168.0,3864.0,0.0,1.0,0.0,1.0,0.0,5.0,29.73,0.0
169.0,3864.0,0.0,1.0,0.0,1.0,0.0,5.0,19.95,0.0
118.0,3867.0,0.0,0.0,0.0,0.0,0.0,5.0,15.65,0.0
119.0,3867.0,0.0,0.0,0.0,0.0,0.0,5.0,33.57,0.0
120.0,3867.0,0.0,0.0,0.0,3.0,0.0,7.0,474.97,1.0
120.0,3867.0,0.0,0.0,0.0,0.0,0.0,5.0,2.85,0.0
122.0,3867.0,0.0,0.0,0.0,0.0,0.0,5.0,31.74,0.0
145.0,3867.0,0.0,0.0,0.0,0.0,0.0,5.0,34.24,0.0
146.0,3867.0,0.0,0.0,0.0,0.0,0.0,5.0,16.87,0.0
146.0,3867.0,0.0,0.0,0.0,6.0,0.0,6.0,228.64,1.0
147.0,3867.0,0.0,0.0,0.0,0.0,0.0,5.0,61.15,0.0
148.0,3867.0,0.0,0.0,0.0,0.0,0.0,5.0,3.17,0.0
24.0,3869.0,2.0,1.0,0.0,0.0,0.0,5.0,16.18,0.0
25.0,3869.0,2.0,1.0,0.0,0.0,0.0,5.0,28.32,0.0
26.0,3869.0,2.0,1.0,0.0,35.0,0.0,18.0,507.87,1.0
26.0,3869.0,2.0,1.0,0.0,0.0,0.0,5.0,5.21,0.0
27.0,3869.0,2.0,1.0,0.0,0.0,0.0,5.0,2.26,0.0
37.0,3869.0,2.0,1.0,0.0,15.0,0.0,13.0,35.79,0.0
38.0,3869.0,2.0,1.0,0.0,0.0,0.0,5.0,9.64,0.0
38.0,3869.0,2.0,1.0,0.0,6.0,0.0,6.0,313.0,1.0
39.0,3869.0,2.0,1.0,0.0,0.0,0.0,5.0,57.57,0.0
40.0,3869.0,2.0,1.0,0.0,0.0,0.0,5.0,28.98,0.0
43.0,3869.0,2.0,1.0,0.0,35.0,0.0,18.0,1771.06,1.0
43.0,3869.0,2.0,1.0,0.0,0.0,0.0,5.0,26.86,0.0
44.0,3869.0,2.0,1.0,0.0,0.0,0.0,5.0,8.83,0.0
44.0,3869.0,2.0,1.0,0.0,22.0,0.0,12.0,637.31,1.0
46.0,3869.0,2.0,1.0,0.0,13.0,0.0,14.0,12.19,0.0
47.0,3869.0,2.0,1.0,0.0,14.0,0.0,15.0,64.9,0.0
73.0,3869.0,2.0,1.0,0.0,1.0,0.0,5.0,43.49,0.0
74.0,3869.0,2.0,1.0,0.0,1.0,0.0,5.0,6.7,0.0
74.0,3869.0,2.0,1.0,0.0,22.0,0.0,12.0,212.1,1.0
75.0,3869.0,2.0,1.0,0.0,1.0,0.0,5.0,14.59,0.0
76.0,3869.0,2.0,1.0,0.0,1.0,0.0,5.0,26.16,0.0
27.0,3871.0,2.0,0.0,0.0,3.0,0.0,7.0,17.3,0.0
36.0,3871.0,2.0,0.0,0.0,3.0,0.0,7.0,33.22,0.0
44.0,3871.0,2.0,0.0,0.0,3.0,0.0,7.0,313.02,1.0
70.0,3871.0,2.0,0.0,0.0,6.0,0.0,6.0,84.1,0.0
96.0,3871.0,2.0,0.0,0.0,12.0,0.0,13.0,78.59,0.0
96.0,3871.0,2.0,0.0,0.0,21.0,0.0,13.0,10.14,0.0
102.0,3871.0,2.0,0.0,0.0,22.0,0.0,12.0,413.81,1.0
111.0,3871.0,2.0,0.0,0.0,38.0,0.0,19.0,45.46,1.0
122.0,3871.0,2.0,0.0,0.0,3.0,0.0,7.0,67.91,0.0
120.0,3871.0,2.0,0.0,0.0,22.0,0.0,12.0,344.16,1.0
138.0,3871.0,2.0,0.0,0.0,6.0,0.0,6.0,741.99,1.0
140.0,3871.0,2.0,0.0,0.0,10.0,0.0,11.0,58.13,0.0
141.0,3871.0,2.0,0.0,0.0,1.0,0.0,5.0,17.64,0.0
24.0,3872.0,2.0,1.0,0.0,3.0,0.0,7.0,116.54,0.0
71.0,3872.0,2.0,1.0,0.0,35.0,0.0,18.0,5279.97,1.0
82.0,3872.0,2.0,1.0,0.0,4.0,0.0,6.0,157.87,0.0
83.0,3872.0,2.0,1.0,0.0,1.0,0.0,5.0,24.39,0.0
87.0,3872.0,2.0,1.0,0.0,0.0,0.0,5.0,46.5,0.0
88.0,3872.0,2.0,1.0,0.0,0.0,0.0,5.0,10.22,0.0
89.0,3872.0,2.0,1.0,0.0,22.0,0.0,12.0,745.53,1.0
89.0,3872.0,2.0,1.0,0.0,0.0,0.0,5.0,25.53,0.0
90.0,3872.0,2.0,1.0,0.0,0.0,0.0,5.0,28.84,0.0
143.0,3872.0,2.0,1.0,0.0,0.0,0.0,5.0,34.61,0.0
144.0,3872.0,2.0,1.0,0.0,0.0,0.0,5.0,2.87,0.0
144.0,3872.0,2.0,1.0,0.0,17.0,0.0,9.0,418.04,1.0
145.0,3872.0,2.0,1.0,0.0,0.0,0.0,5.0,31.72,0.0
146.0,3872.0,2.0,1.0,0.0,0.0,0.0,5.0,24.91,0.0
154.0,3872.0,2.0,1.0,0.0,0.0,0.0,5.0,17.05,0.0
155.0,3872.0,2.0,1.0,0.0,0.0,0.0,5.0,14.48,0.0
156.0,3872.0,2.0,1.0,0.0,9.0,0.0,10.0,81.68,1.0
157.0,3872.0,2.0,1.0,0.0,36.0,0.0,15.0,0.38,0.0
158.0,3872.0,2.0,1.0,0.0,0.0,0.0,5.0,46.32,0.0
162.0,3872.0,2.0,1.0,0.0,5.0,0.0,8.0,88.13,0.0
163.0,3872.0,2.0,1.0,0.0,1.0,0.0,5.0,10.55,0.0
164.0,3872.0,2.0,1.0,0.0,10.0,0.0,11.0,647.03,1.0
164.0,3872.0,2.0,1.0,0.0,1.0,0.0,5.0,14.72,0.0
165.0,3872.0,2.0,1.0,0.0,14.0,0.0,15.0,41.65,0.0
177.0,3872.0,2.0,1.0,0.0,1.0,0.0,5.0,33.48,0.0
178.0,3872.0,2.0,1.0,0.0,1.0,0.0,5.0,49.59,0.0
179.0,3872.0,2.0,1.0,0.0,22.0,0.0,12.0,167.9,1.0
179.0,3872.0,2.0,1.0,0.0,1.0,0.0,5.0,27.95,0.0
24.0,3874.0,1.0,1.0,0.0,22.0,0.0,12.0,541.56,1.0
27.0,3874.0,1.0,1.0,0.0,7.0,0.0,6.0,97.6,0.0
24.0,3874.0,1.0,1.0,0.0,22.0,0.0,12.0,10.0,1.0
30.0,3874.0,1.0,1.0,0.0,7.0,0.0,6.0,1.67,0.0
30.0,3874.0,1.0,1.0,0.0,2.0,0.0,6.0,158.12,0.0
35.0,3874.0,1.0,1.0,0.0,25.0,0.0,15.0,83.51,1.0
50.0,3874.0,1.0,1.0,0.0,18.0,0.0,9.0,631.82,1.0
53.0,3874.0,1.0,1.0,0.0,12.0,0.0,13.0,100.0,0.0
50.0,3874.0,1.0,1.0,0.0,16.0,0.0,16.0,625.24,1.0
62.0,3874.0,1.0,1.0,0.0,16.0,0.0,16.0,166.25,0.0
63.0,3874.0,1.0,1.0,0.0,6.0,0.0,6.0,11.11,0.0
66.0,3874.0,1.0,1.0,0.0,10.0,0.0,11.0,77.62,1.0
90.0,3874.0,1.0,1.0,0.0,12.0,0.0,13.0,21.19,0.0
90.0,3874.0,1.0,1.0,0.0,20.0,0.0,13.0,123.84,0.0
110.0,3874.0,1.0,1.0,0.0,38.0,0.0,19.0,360.83,1.0
113.0,3874.0,1.0,1.0,0.0,30.0,0.0,16.0,165.71,0.0
114.0,3874.0,1.0,1.0,0.0,9.0,0.0,10.0,74.75,0.0
132.0,3874.0,1.0,1.0,0.0,23.0,0.0,9.0,16.06,0.0
133.0,3874.0,1.0,1.0,0.0,0.0,0.0,5.0,29.04,0.0
133.0,3874.0,1.0,1.0,0.0,25.0,0.0,15.0,359.04,1.0
134.0,3874.0,1.0,1.0,0.0,0.0,0.0,5.0,9.76,0.0
133.0,3874.0,1.0,1.0,0.0,11.0,0.0,12.0,97.4,1.0
135.0,3874.0,1.0,1.0,0.0,0.0,0.0,5.0,37.16,0.0
141.0,3874.0,1.0,1.0,0.0,0.0,0.0,5.0,12.83,0.0
141.0,3874.0,1.0,1.0,0.0,1.0,0.0,5.0,6.98,0.0
141.0,3874.0,1.0,1.0,0.0,6.0,0.0,6.0,214.87,1.0
142.0,3874.0,1.0,1.0,0.0,1.0,0.0,5.0,9.65,0.0
143.0,3874.0,1.0,1.0,0.0,5.0,0.0,8.0,17.04,0.0
101.0,3876.0,0.0,1.0,0.0,0.0,0.0,5.0,5.01,0.0
102.0,3876.0,0.0,1.0,0.0,0.0,0.0,5.0,11.9,0.0
102.0,3876.0,0.0,1.0,0.0,6.0,0.0,6.0,631.16,1.0
103.0,3876.0,0.0,1.0,0.0,0.0,0.0,5.0,29.21,0.0
104.0,3876.0,0.0,1.0,0.0,0.0,0.0,5.0,29.44,0.0
150.0,3876.0,0.0,1.0,0.0,0.0,0.0,5.0,1.42,0.0
151.0,3876.0,0.0,1.0,0.0,0.0,0.0,5.0,6.88,0.0
152.0,3876.0,0.0,1.0,0.0,45.0,0.0,18.0,2104.48,1.0
152.0,3876.0,0.0,1.0,0.0,0.0,0.0,5.0,14.47,0.0
153.0,3876.0,0.0,1.0,0.0,0.0,0.0,5.0,35.49,0.0
145.0,3878.0,2.0,1.0,0.0,1.0,0.0,5.0,46.02,0.0
146.0,3878.0,2.0,1.0,0.0,1.0,0.0,5.0,7.83,0.0
147.0,3878.0,2.0,1.0,0.0,35.0,0.0,18.0,1312.97,1.0
148.0,3878.0,2.0,1.0,0.0,1.0,0.0,5.0,18.62,0.0
149.0,3878.0,2.0,1.0,0.0,1.0,0.0,5.0,61.5,0.0
24.0,3879.0,3.0,0.0,0.0,9.0,0.0,10.0,4.9,0.0
25.0,3879.0,3.0,0.0,0.0,22.0,0.0,12.0,142.17,1.0
25.0,3879.0,3.0,0.0,0.0,0.0,0.0,5.0,24.68,0.0
26.0,3879.0,3.0,0.0,0.0,0.0,0.0,5.0,44.57,0.0
27.0,3879.0,3.0,0.0,0.0,0.0,0.0,5.0,23.67,0.0
29.0,3879.0,3.0,0.0,0.0,18.0,0.0,9.0,35.19,1.0
30.0,3879.0,3.0,0.0,0.0,0.0,0.0,5.0,20.33,0.0
31.0,3879.0,3.0,0.0,0.0,0.0,0.0,5.0,25.26,0.0
63.0,3879.0,3.0,0.0,0.0,0.0,0.0,5.0,47.44,0.0
64.0,3879.0,3.0,0.0,0.0,0.0,0.0,5.0,38.45,0.0
64.0,3879.0,3.0,0.0,0.0,22.0,0.0,12.0,813.45,1.0
65.0,3879.0,3.0,0.0,0.0,0.0,0.0,5.0,16.73,0.0
66.0,3879.0,3.0,0.0,0.0,0.0,0.0,5.0,39.99,0.0
157.0,3879.0,3.0,0.0,0.0,42.0,0.0,6.0,297.3,0.0
158.0,3879.0,3.0,0.0,0.0,1.0,0.0,5.0,27.68,0.0
158.0,3879.0,3.0,0.0,0.0,6.0,0.0,6.0,973.17,1.0
159.0,3879.0,3.0,0.0,0.0,1.0,0.0,5.0,48.04,0.0
160.0,3879.0,3.0,0.0,0.0,5.0,0.0,8.0,36.18,0.0
55.0,3880.0,1.0,1.0,0.0,12.0,0.0,13.0,86.6,0.0
58.0,3880.0,1.0,1.0,0.0,3.0,0.0,7.0,59.04,0.0
58.0,3880.0,1.0,1.0,0.0,3.0,0.0,7.0,668.39,1.0
61.0,3880.0,1.0,1.0,0.0,11.0,0.0,12.0,21.02,0.0
77.0,3880.0,1.0,1.0,0.0,13.0,0.0,14.0,30.58,0.0
77.0,3881.0,3.0,1.0,0.0,0.0,0.0,5.0,50.64,0.0
79.0,3881.0,3.0,1.0,0.0,0.0,0.0,5.0,40.74,0.0
79.0,3881.0,3.0,1.0,0.0,6.0,0.0,6.0,394.76,1.0
80.0,3881.0,3.0,1.0,0.0,0.0,0.0,5.0,69.23,0.0
81.0,3881.0,3.0,1.0,0.0,0.0,0.0,5.0,46.95,0.0
123.0,3881.0,3.0,1.0,0.0,1.0,0.0,5.0,3.92,0.0
124.0,3881.0,3.0,1.0,0.0,28.0,0.0,13.0,34.33,0.0
125.0,3881.0,3.0,1.0,0.0,27.0,0.0,12.0,528.38,1.0
125.0,3881.0,3.0,1.0,0.0,0.0,0.0,5.0,5.57,0.0
125.0,3881.0,3.0,1.0,0.0,1.0,0.0,5.0,2.18,0.0
142.0,3881.0,3.0,1.0,0.0,1.0,0.0,5.0,3.0,0.0
143.0,3881.0,3.0,1.0,0.0,1.0,0.0,5.0,15.54,0.0
143.0,3881.0,3.0,1.0,0.0,17.0,0.0,9.0,460.25,1.0
144.0,3881.0,3.0,1.0,0.0,1.0,0.0,5.0,82.98,0.0
146.0,3881.0,3.0,1.0,0.0,1.0,0.0,5.0,26.73,0.0
161.0,3882.0,1.0,0.0,0.0,0.0,0.0,5.0,21.47,0.0
162.0,3882.0,1.0,0.0,0.0,0.0,0.0,5.0,15.82,0.0
163.0,3882.0,1.0,0.0,0.0,6.0,0.0,6.0,210.05,1.0
163.0,3882.0,1.0,0.0,0.0,0.0,0.0,5.0,30.79,0.0
164.0,3882.0,1.0,0.0,0.0,0.0,0.0,5.0,0.2,0.0
24.0,3884.0,3.0,1.0,0.0,17.0,0.0,9.0,54.9,0.0
78.0,3884.0,3.0,1.0,0.0,6.0,0.0,6.0,855.81,1.0
127.0,3884.0,3.0,1.0,0.0,7.0,0.0,6.0,7.61,0.0
138.0,3884.0,3.0,1.0,0.0,25.0,0.0,15.0,92.83,0.0
162.0,3884.0,3.0,1.0,0.0,0.0,0.0,5.0,16.17,0.0
163.0,3884.0,3.0,1.0,0.0,0.0,0.0,5.0,21.55,0.0
163.0,3884.0,3.0,1.0,0.0,18.0,0.0,9.0,163.61,1.0
164.0,3884.0,3.0,1.0,0.0,0.0,0.0,5.0,7.81,0.0
165.0,3884.0,3.0,1.0,0.0,0.0,0.0,5.0,24.42,0.0
176.0,3884.0,3.0,1.0,0.0,0.0,0.0,5.0,37.45,0.0
177.0,3884.0,3.0,1.0,0.0,13.0,0.0,14.0,58.92,0.0
177.0,3884.0,3.0,1.0,0.0,35.0,0.0,18.0,2872.69,1.0
178.0,3884.0,3.0,1.0,0.0,0.0,0.0,5.0,29.65,0.0
179.0,3884.0,3.0,1.0,0.0,0.0,0.0,5.0,2.4,0.0
24.0,3886.0,1.0,1.0,0.0,6.0,0.0,6.0,842.95,1.0
32.0,3886.0,1.0,1.0,0.0,12.0,0.0,13.0,36.8,0.0
28.0,3886.0,1.0,1.0,0.0,35.0,0.0,18.0,2732.34,1.0
33.0,3886.0,1.0,1.0,0.0,12.0,0.0,13.0,100.14,0.0
33.0,3886.0,1.0,1.0,0.0,20.0,0.0,13.0,1.51,0.0
34.0,3886.0,1.0,1.0,0.0,6.0,0.0,6.0,271.84,1.0
37.0,3886.0,1.0,1.0,0.0,6.0,0.0,6.0,964.91,1.0
40.0,3886.0,1.0,1.0,0.0,22.0,0.0,12.0,168.91,1.0
41.0,3886.0,1.0,1.0,0.0,27.0,0.0,12.0,793.44,1.0
44.0,3886.0,1.0,1.0,0.0,3.0,0.0,7.0,151.92,1.0
51.0,3886.0,1.0,1.0,0.0,9.0,0.0,10.0,41.94,0.0
49.0,3886.0,1.0,1.0,0.0,35.0,0.0,18.0,4630.1,1.0
52.0,3886.0,1.0,1.0,0.0,0.0,0.0,5.0,12.47,0.0
52.0,3886.0,1.0,1.0,0.0,17.0,0.0,9.0,473.26,1.0
53.0,3886.0,1.0,1.0,0.0,0.0,0.0,5.0,18.57,0.0
55.0,3886.0,1.0,1.0,0.0,0.0,0.0,5.0,2.37,0.0
57.0,3886.0,1.0,1.0,0.0,0.0,0.0,5.0,25.02,0.0
58.0,3886.0,1.0,1.0,0.0,0.0,0.0,5.0,2.04,0.0
58.0,3886.0,1.0,1.0,0.0,19.0,0.0,9.0,128.33,1.0
61.0,3886.0,1.0,1.0,0.0,0.0,0.0,5.0,43.91,0.0
62.0,3886.0,1.0,1.0,0.0,0.0,0.0,5.0,5.25,0.0
70.0,3886.0,1.0,1.0,0.0,13.0,0.0,14.0,18.52,0.0
71.0,3886.0,1.0,1.0,0.0,0.0,0.0,5.0,7.53,0.0
71.0,3886.0,1.0,1.0,0.0,20.0,0.0,13.0,231.69,1.0
72.0,3886.0,1.0,1.0,0.0,0.0,0.0,5.0,33.3,0.0
73.0,3886.0,1.0,1.0,0.0,0.0,0.0,5.0,13.93,0.0
75.0,3886.0,1.0,1.0,0.0,0.0,0.0,5.0,5.21,0.0
77.0,3886.0,1.0,1.0,0.0,0.0,0.0,5.0,24.68,0.0
77.0,3886.0,1.0,1.0,0.0,18.0,0.0,9.0,687.76,1.0
78.0,3886.0,1.0,1.0,0.0,15.0,0.0,13.0,14.5,0.0
79.0,3886.0,1.0,1.0,0.0,22.0,0.0,12.0,131.15,1.0
79.0,3886.0,1.0,1.0,0.0,0.0,0.0,5.0,28.43,0.0
80.0,3886.0,1.0,1.0,0.0,0.0,0.0,5.0,20.65,0.0
80.0,3886.0,1.0,1.0,0.0,3.0,0.0,7.0,126.64,1.0
81.0,3886.0,1.0,1.0,0.0,0.0,0.0,5.0,37.53,0.0
82.0,3886.0,1.0,1.0,0.0,0.0,0.0,5.0,32.29,0.0
84.0,3886.0,1.0,1.0,0.0,0.0,0.0,5.0,3.64,0.0
85.0,3886.0,1.0,1.0,0.0,0.0,0.0,5.0,28.14,0.0
85.0,3886.0,1.0,1.0,0.0,35.0,0.0,18.0,1332.17,1.0
86.0,3886.0,1.0,1.0,0.0,0.0,0.0,5.0,20.48,0.0
87.0,3886.0,1.0,1.0,0.0,0.0,0.0,5.0,6.27,0.0
87.0,3886.0,1.0,1.0,0.0,22.0,0.0,12.0,292.82,1.0
89.0,3886.0,1.0,1.0,0.0,0.0,0.0,5.0,23.18,0.0
90.0,3886.0,1.0,1.0,0.0,0.0,0.0,5.0,29.39,0.0
90.0,3886.0,1.0,1.0,0.0,3.0,0.0,7.0,118.16,1.0
92.0,3886.0,1.0,1.0,0.0,32.0,0.0,11.0,73.62,0.0
93.0,3886.0,1.0,1.0,0.0,0.0,0.0,5.0,27.35,0.0
95.0,3886.0,1.0,1.0,0.0,1.0,0.0,5.0,21.12,0.0
96.0,3886.0,1.0,1.0,0.0,1.0,0.0,5.0,38.66,0.0
96.0,3886.0,1.0,1.0,0.0,12.0,0.0,13.0,300.59,1.0
97.0,3886.0,1.0,1.0,0.0,1.0,0.0,5.0,3.62,0.0
98.0,3886.0,1.0,1.0,0.0,1.0,0.0,5.0,21.21,0.0
99.0,3886.0,1.0,1.0,0.0,1.0,0.0,5.0,56.0,0.0
99.0,3886.0,1.0,1.0,0.0,35.0,0.0,18.0,3605.97,1.0
100.0,3886.0,1.0,1.0,0.0,1.0,0.0,5.0,52.38,0.0
101.0,3886.0,1.0,1.0,0.0,22.0,0.0,12.0,204.0,1.0
101.0,3886.0,1.0,1.0,0.0,1.0,0.0,5.0,25.58,0.0
102.0,3886.0,1.0,1.0,0.0,1.0,0.0,5.0,11.57,0.0
105.0,3886.0,1.0,1.0,0.0,1.0,0.0,5.0,20.56,0.0
106.0,3886.0,1.0,1.0,0.0,1.0,0.0,5.0,39.98,0.0
107.0,3886.0,1.0,1.0,0.0,6.0,0.0,6.0,752.57,1.0
107.0,3886.0,1.0,1.0,0.0,1.0,0.0,5.0,4.53,0.0
107.0,3886.0,1.0,1.0,0.0,22.0,0.0,12.0,426.86,1.0
108.0,3886.0,1.0,1.0,0.0,1.0,0.0,5.0,42.86,0.0
109.0,3886.0,1.0,1.0,0.0,26.0,0.0,12.0,264.2,1.0
109.0,3886.0,1.0,1.0,0.0,1.0,0.0,5.0,60.38,0.0
110.0,3886.0,1.0,1.0,0.0,1.0,0.0,5.0,53.24,0.0
112.0,3886.0,1.0,1.0,0.0,1.0,0.0,5.0,5.74,0.0
113.0,3886.0,1.0,1.0,0.0,1.0,0.0,5.0,53.79,0.0
113.0,3886.0,1.0,1.0,0.0,6.0,0.0,6.0,339.73,1.0
114.0,3886.0,1.0,1.0,0.0,1.0,0.0,5.0,19.53,0.0
113.0,3886.0,1.0,1.0,0.0,22.0,0.0,12.0,101.94,1.0
115.0,3886.0,1.0,1.0,0.0,1.0,0.0,5.0,7.56,0.0
119.0,3886.0,1.0,1.0,0.0,1.0,0.0,5.0,28.92,0.0
120.0,3886.0,1.0,1.0,0.0,1.0,0.0,5.0,56.7,0.0
121.0,3886.0,1.0,1.0,0.0,6.0,0.0,6.0,708.95,1.0
121.0,3886.0,1.0,1.0,0.0,1.0,0.0,5.0,9.83,0.0
121.0,3886.0,1.0,1.0,0.0,10.0,0.0,11.0,203.67,1.0
122.0,3886.0,1.0,1.0,0.0,1.0,0.0,5.0,18.2,0.0
123.0,3886.0,1.0,1.0,0.0,20.0,0.0,13.0,91.49,1.0
123.0,3886.0,1.0,1.0,0.0,1.0,0.0,5.0,4.52,0.0
123.0,3886.0,1.0,1.0,0.0,15.0,0.0,13.0,284.02,1.0
124.0,3886.0,1.0,1.0,0.0,1.0,0.0,5.0,16.37,0.0
125.0,3886.0,1.0,1.0,0.0,6.0,0.0,6.0,479.43,1.0
125.0,3886.0,1.0,1.0,0.0,1.0,0.0,5.0,32.56,0.0
126.0,3886.0,1.0,1.0,0.0,1.0,0.0,5.0,27.45,0.0
135.0,3886.0,1.0,1.0,0.0,1.0,0.0,5.0,0.31,0.0
136.0,3886.0,1.0,1.0,0.0,1.0,0.0,5.0,35.78,0.0
137.0,3886.0,1.0,1.0,0.0,22.0,0.0,12.0,355.56,1.0
137.0,3886.0,1.0,1.0,0.0,1.0,0.0,5.0,73.96,0.0
138.0,3886.0,1.0,1.0,0.0,1.0,0.0,5.0,10.11,0.0
139.0,3886.0,1.0,1.0,0.0,4.0,0.0,6.0,54.72,0.0
140.0,3886.0,1.0,1.0,0.0,1.0,0.0,5.0,39.49,0.0
140.0,3886.0,1.0,1.0,0.0,26.0,0.0,12.0,196.26,1.0
141.0,3886.0,1.0,1.0,0.0,1.0,0.0,5.0,32.05,0.0
142.0,3886.0,1.0,1.0,0.0,1.0,0.0,5.0,14.64,0.0
144.0,3886.0,1.0,1.0,0.0,1.0,0.0,5.0,39.98,0.0
145.0,3886.0,1.0,1.0,0.0,1.0,0.0,5.0,28.92,0.0
145.0,3886.0,1.0,1.0,0.0,6.0,0.0,6.0,158.19,1.0
146.0,3886.0,1.0,1.0,0.0,1.0,0.0,5.0,19.09,0.0
147.0,3886.0,1.0,1.0,0.0,1.0,0.0,5.0,14.07,0.0
152.0,3886.0,1.0,1.0,0.0,5.0,0.0,8.0,57.62,0.0
153.0,3886.0,1.0,1.0,0.0,1.0,0.0,5.0,58.32,0.0
154.0,3886.0,1.0,1.0,0.0,11.0,0.0,12.0,628.85,1.0
154.0,3886.0,1.0,1.0,0.0,43.0,0.0,9.0,161.4,0.0
155.0,3886.0,1.0,1.0,0.0,0.0,0.0,5.0,20.51,0.0
163.0,3886.0,1.0,1.0,0.0,1.0,0.0,5.0,40.65,0.0
164.0,3886.0,1.0,1.0,0.0,1.0,0.0,5.0,16.43,0.0
164.0,3886.0,1.0,1.0,0.0,35.0,0.0,18.0,3066.05,1.0
165.0,3886.0,1.0,1.0,0.0,5.0,0.0,8.0,73.31,0.0
166.0,3886.0,1.0,1.0,0.0,6.0,0.0,6.0,781.78,1.0
166.0,3886.0,1.0,1.0,0.0,1.0,0.0,5.0,13.56,0.0
167.0,3886.0,1.0,1.0,0.0,1.0,0.0,5.0,64.19,0.0
173.0,3886.0,1.0,1.0,0.0,1.0,0.0,5.0,16.41,0.0
174.0,3886.0,1.0,1.0,0.0,1.0,0.0,5.0,59.88,0.0
175.0,3886.0,1.0,1.0,0.0,38.0,0.0,19.0,393.49,1.0
175.0,3886.0,1.0,1.0,0.0,4.0,0.0,6.0,52.56,0.0
175.0,3886.0,1.0,1.0,0.0,42.0,0.0,6.0,54.94,0.0
24.0,3887.0,3.0,1.0,0.0,38.0,0.0,19.0,189.91,1.0
26.0,3887.0,3.0,1.0,0.0,6.0,0.0,6.0,196.86,0.0
53.0,3887.0,3.0,1.0,0.0,6.0,0.0,6.0,904.07,1.0
124.0,3887.0,3.0,1.0,0.0,12.0,0.0,13.0,68.2,0.0
131.0,3887.0,3.0,1.0,0.0,16.0,0.0,16.0,87.2,0.0
133.0,3887.0,3.0,1.0,0.0,27.0,0.0,12.0,594.47,1.0
135.0,3887.0,3.0,1.0,0.0,6.0,0.0,6.0,16.05,1.0
159.0,3887.0,3.0,1.0,0.0,25.0,0.0,15.0,20.59,0.0
146.0,3887.0,3.0,1.0,0.0,20.0,0.0,13.0,46.32,1.0
161.0,3887.0,3.0,1.0,0.0,6.0,0.0,6.0,32.96,0.0
161.0,3887.0,3.0,1.0,0.0,7.0,0.0,6.0,176.62,0.0
165.0,3887.0,3.0,1.0,0.0,6.0,0.0,6.0,473.8,1.0
167.0,3887.0,3.0,1.0,0.0,6.0,0.0,6.0,1972.81,1.0
166.0,3888.0,0.0,1.0,0.0,15.0,0.0,13.0,50.78,0.0
167.0,3888.0,0.0,1.0,0.0,0.0,0.0,5.0,42.48,0.0
169.0,3888.0,0.0,1.0,0.0,20.0,0.0,13.0,400.97,1.0
169.0,3888.0,0.0,1.0,0.0,0.0,0.0,5.0,50.54,0.0
170.0,3888.0,0.0,1.0,0.0,0.0,0.0,5.0,38.4,0.0
24.0,3889.0,1.0,1.0,0.0,12.0,0.0,13.0,52.19,0.0
32.0,3889.0,1.0,1.0,0.0,6.0,0.0,6.0,176.84,0.0
36.0,3889.0,1.0,1.0,0.0,22.0,0.0,12.0,385.85,1.0
43.0,3889.0,1.0,1.0,0.0,6.0,0.0,6.0,84.94,0.0
37.0,3889.0,1.0,1.0,0.0,6.0,0.0,6.0,669.91,1.0
43.0,3889.0,1.0,1.0,0.0,2.0,0.0,6.0,48.62,0.0
62.0,3889.0,1.0,1.0,0.0,6.0,0.0,6.0,176.68,0.0
62.0,3889.0,1.0,1.0,0.0,7.0,0.0,6.0,120.83,0.0
81.0,3889.0,1.0,1.0,0.0,18.0,0.0,9.0,530.09,1.0
86.0,3889.0,1.0,1.0,0.0,7.0,0.0,6.0,52.77,0.0
87.0,3889.0,1.0,1.0,0.0,9.0,0.0,10.0,56.16,0.0
96.0,3889.0,1.0,1.0,0.0,13.0,0.0,14.0,20.51,0.0
97.0,3889.0,1.0,1.0,0.0,0.0,0.0,5.0,42.36,0.0
98.0,3889.0,1.0,1.0,0.0,6.0,0.0,6.0,492.21,1.0
98.0,3889.0,1.0,1.0,0.0,0.0,0.0,5.0,58.88,0.0
99.0,3889.0,1.0,1.0,0.0,13.0,0.0,14.0,16.73,0.0
117.0,3889.0,1.0,1.0,0.0,44.0,0.0,13.0,38.43,0.0
118.0,3889.0,1.0,1.0,0.0,0.0,0.0,5.0,19.67,0.0
119.0,3889.0,1.0,1.0,0.0,17.0,0.0,9.0,291.55,1.0
119.0,3889.0,1.0,1.0,0.0,0.0,0.0,5.0,20.57,0.0
120.0,3889.0,1.0,1.0,0.0,0.0,0.0,5.0,12.44,0.0
130.0,3889.0,1.0,1.0,0.0,0.0,0.0,5.0,39.23,0.0
131.0,3889.0,1.0,1.0,0.0,9.0,0.0,10.0,32.33,0.0
132.0,3889.0,1.0,1.0,0.0,35.0,0.0,18.0,1030.73,1.0
132.0,3889.0,1.0,1.0,0.0,0.0,0.0,5.0,16.03,0.0
132.0,3889.0,1.0,1.0,0.0,6.0,0.0,6.0,26.75,1.0
133.0,3889.0,1.0,1.0,0.0,0.0,0.0,5.0,34.46,0.0
134.0,3889.0,1.0,1.0,0.0,0.0,0.0,5.0,23.06,0.0
141.0,3889.0,1.0,1.0,0.0,0.0,0.0,5.0,10.66,0.0
142.0,3889.0,1.0,1.0,0.0,0.0,0.0,5.0,11.01,0.0
143.0,3889.0,1.0,1.0,0.0,2.0,0.0,6.0,4.93,1.0
143.0,3889.0,1.0,1.0,0.0,0.0,0.0,5.0,27.11,0.0
144.0,3889.0,1.0,1.0,0.0,0.0,0.0,5.0,15.8,0.0
174.0,3889.0,1.0,1.0,0.0,0.0,0.0,5.0,45.17,0.0
175.0,3889.0,1.0,1.0,0.0,0.0,0.0,5.0,32.69,0.0
176.0,3889.0,1.0,1.0,0.0,27.0,0.0,12.0,277.71,1.0
176.0,3889.0,1.0,1.0,0.0,0.0,0.0,5.0,18.24,0.0
177.0,3889.0,1.0,1.0,0.0,0.0,0.0,5.0,49.12,0.0
24.0,3891.0,1.0,0.0,0.0,12.0,0.0,13.0,40.21,0.0
90.0,3891.0,1.0,0.0,0.0,45.0,0.0,18.0,2304.21,1.0
95.0,3891.0,1.0,0.0,0.0,3.0,0.0,7.0,227.35,0.0
100.0,3891.0,1.0,0.0,0.0,12.0,0.0,13.0,30.45,0.0
100.0,3891.0,1.0,0.0,0.0,21.0,0.0,13.0,67.85,0.0
112.0,3891.0,1.0,0.0,0.0,22.0,0.0,12.0,365.13,1.0
112.0,3891.0,1.0,0.0,0.0,6.0,0.0,6.0,95.6,0.0
114.0,3891.0,1.0,0.0,0.0,3.0,0.0,7.0,134.58,0.0
134.0,3891.0,1.0,0.0,0.0,19.0,0.0,9.0,475.7,1.0
158.0,3891.0,1.0,0.0,0.0,13.0,0.0,14.0,29.36,0.0
159.0,3891.0,1.0,0.0,0.0,0.0,0.0,5.0,10.48,0.0
25.0,3892.0,3.0,1.0,0.0,22.0,0.0,12.0,332.76,1.0
64.0,3892.0,3.0,1.0,0.0,12.0,0.0,13.0,150.01,0.0
76.0,3892.0,3.0,1.0,0.0,13.0,0.0,14.0,263.09,1.0
89.0,3892.0,3.0,1.0,0.0,6.0,0.0,6.0,40.12,0.0
105.0,3892.0,3.0,1.0,0.0,11.0,0.0,12.0,119.97,0.0
79.0,3893.0,0.0,0.0,0.0,0.0,0.0,5.0,27.46,0.0
80.0,3893.0,0.0,0.0,0.0,0.0,0.0,5.0,34.92,0.0
81.0,3893.0,0.0,0.0,0.0,3.0,0.0,7.0,805.52,1.0
82.0,3893.0,0.0,0.0,0.0,0.0,0.0,5.0,6.33,0.0
83.0,3893.0,0.0,0.0,0.0,0.0,0.0,5.0,5.93,0.0
67.0,3894.0,3.0,1.0,0.0,0.0,0.0,5.0,46.07,0.0
68.0,3894.0,3.0,1.0,0.0,0.0,0.0,5.0,35.98,0.0
68.0,3894.0,3.0,1.0,0.0,6.0,0.0,6.0,15.06,1.0
69.0,3894.0,3.0,1.0,0.0,13.0,0.0,14.0,75.85,0.0
70.0,3894.0,3.0,1.0,0.0,0.0,0.0,5.0,3.03,0.0
145.0,3895.0,2.0,0.0,0.0,1.0,0.0,5.0,4.06,0.0
146.0,3895.0,2.0,0.0,0.0,1.0,0.0,5.0,22.39,0.0
147.0,3895.0,2.0,0.0,0.0,31.0,0.0,9.0,46.66,1.0
148.0,3895.0,2.0,0.0,0.0,1.0,0.0,5.0,22.19,0.0
149.0,3895.0,2.0,0.0,0.0,1.0,0.0,5.0,5.98,0.0
110.0,3897.0,2.0,1.0,0.0,6.0,0.0,6.0,174.83,0.0
110.0,3897.0,2.0,1.0,0.0,2.0,0.0,6.0,48.2,0.0
116.0,3897.0,2.0,1.0,0.0,6.0,0.0,6.0,322.3,1.0
130.0,3897.0,2.0,1.0,0.0,8.0,0.0,9.0,32.46,0.0
119.0,3897.0,2.0,1.0,0.0,3.0,0.0,7.0,466.09,1.0
150.0,3897.0,2.0,1.0,0.0,6.0,0.0,6.0,347.99,1.0
25.0,3898.0,1.0,0.0,0.0,12.0,0.0,13.0,42.52,0.0
28.0,3898.0,1.0,0.0,0.0,11.0,0.0,12.0,164.67,0.0
94.0,3898.0,1.0,0.0,0.0,6.0,0.0,6.0,315.44,1.0
113.0,3898.0,1.0,0.0,0.0,12.0,0.0,13.0,82.3,0.0
113.0,3898.0,1.0,0.0,0.0,20.0,0.0,13.0,71.95,0.0
161.0,3898.0,1.0,0.0,0.0,1.0,0.0,5.0,10.87,0.0
163.0,3898.0,1.0,0.0,0.0,1.0,0.0,5.0,28.23,0.0
163.0,3898.0,1.0,0.0,0.0,6.0,0.0,6.0,451.13,1.0
164.0,3898.0,1.0,0.0,0.0,1.0,0.0,5.0,50.45,0.0
165.0,3898.0,1.0,0.0,0.0,5.0,0.0,8.0,51.07,0.0
140.0,3899.0,0.0,1.0,0.0,0.0,0.0,5.0,28.57,0.0
141.0,3899.0,0.0,1.0,0.0,0.0,0.0,5.0,54.93,0.0
142.0,3899.0,0.0,1.0,0.0,6.0,0.0,6.0,408.9,1.0
142.0,3899.0,0.0,1.0,0.0,0.0,0.0,5.0,27.91,0.0
144.0,3899.0,0.0,1.0,0.0,0.0,0.0,5.0,34.31,0.0
145.0,3899.0,0.0,1.0,0.0,0.0,0.0,5.0,33.62,0.0
146.0,3899.0,0.0,1.0,0.0,0.0,0.0,5.0,46.62,0.0
147.0,3899.0,0.0,1.0,0.0,35.0,0.0,18.0,4217.97,1.0
149.0,3899.0,0.0,1.0,0.0,0.0,0.0,5.0,25.5,0.0
150.0,3899.0,0.0,1.0,0.0,0.0,0.0,5.0,25.29,0.0
25.0,3900.0,2.0,1.0,0.0,11.0,0.0,12.0,376.82,1.0
26.0,3900.0,2.0,1.0,0.0,6.0,0.0,6.0,510.96,1.0
62.0,3900.0,2.0,1.0,0.0,3.0,0.0,7.0,110.35,0.0
47.0,3900.0,2.0,1.0,0.0,3.0,0.0,7.0,193.92,1.0
69.0,3900.0,2.0,1.0,0.0,11.0,0.0,12.0,133.97,1.0
71.0,3900.0,2.0,1.0,0.0,6.0,0.0,6.0,155.93,0.0
73.0,3900.0,2.0,1.0,0.0,6.0,0.0,6.0,143.81,0.0
97.0,3900.0,2.0,1.0,0.0,6.0,0.0,6.0,148.38,0.0
97.0,3900.0,2.0,1.0,0.0,7.0,0.0,6.0,7.22,0.0
105.0,3900.0,2.0,1.0,0.0,38.0,0.0,19.0,424.32,1.0
130.0,3900.0,2.0,1.0,0.0,20.0,0.0,13.0,43.65,0.0
136.0,3900.0,2.0,1.0,0.0,6.0,0.0,6.0,42.26,0.0
25.0,3903.0,2.0,1.0,0.0,17.0,0.0,9.0,404.24,1.0
27.0,3903.0,2.0,1.0,0.0,26.0,0.0,12.0,109.06,1.0
33.0,3903.0,2.0,1.0,0.0,6.0,0.0,6.0,696.49,1.0
45.0,3903.0,2.0,1.0,0.0,12.0,0.0,13.0,22.41,0.0
37.0,3903.0,2.0,1.0,0.0,41.0,0.0,19.0,438.55,1.0
51.0,3903.0,2.0,1.0,0.0,15.0,0.0,13.0,542.58,1.0
51.0,3903.0,2.0,1.0,0.0,6.0,0.0,6.0,510.36,1.0
69.0,3903.0,2.0,1.0,0.0,21.0,0.0,13.0,24.16,1.0
84.0,3903.0,2.0,1.0,0.0,6.0,0.0,6.0,65.4,0.0
78.0,3903.0,2.0,1.0,0.0,44.0,0.0,13.0,208.8,1.0
103.0,3903.0,2.0,1.0,0.0,6.0,0.0,6.0,69.52,0.0
114.0,3903.0,2.0,1.0,0.0,7.0,0.0,6.0,61.5,0.0
114.0,3903.0,2.0,1.0,0.0,2.0,0.0,6.0,172.13,0.0
122.0,3903.0,2.0,1.0,0.0,22.0,0.0,12.0,204.49,1.0
146.0,3903.0,2.0,1.0,0.0,12.0,0.0,13.0,76.13,0.0
146.0,3903.0,2.0,1.0,0.0,20.0,0.0,13.0,34.46,0.0
154.0,3903.0,2.0,1.0,0.0,38.0,0.0,19.0,220.27,1.0
155.0,3903.0,2.0,1.0,0.0,12.0,0.0,13.0,131.15,0.0
155.0,3903.0,2.0,1.0,0.0,20.0,0.0,13.0,68.35,0.0
25.0,3904.0,2.0,1.0,0.0,44.0,0.0,13.0,567.69,1.0
30.0,3904.0,2.0,1.0,0.0,13.0,0.0,14.0,37.84,0.0
31.0,3904.0,2.0,1.0,0.0,6.0,0.0,6.0,215.82,1.0
31.0,3904.0,2.0,1.0,0.0,4.0,0.0,6.0,195.52,0.0
32.0,3904.0,2.0,1.0,0.0,26.0,0.0,12.0,174.39,0.0
44.0,3904.0,2.0,1.0,0.0,22.0,0.0,12.0,154.36,1.0
52.0,3904.0,2.0,1.0,0.0,26.0,0.0,12.0,685.68,1.0
53.0,3904.0,2.0,1.0,0.0,22.0,0.0,12.0,391.91,1.0
56.0,3904.0,2.0,1.0,0.0,22.0,0.0,12.0,541.66,1.0
58.0,3904.0,2.0,1.0,0.0,19.0,0.0,9.0,7.48,1.0
64.0,3904.0,2.0,1.0,0.0,12.0,0.0,13.0,100.33,0.0
59.0,3904.0,2.0,1.0,0.0,6.0,0.0,6.0,291.2,1.0
65.0,3904.0,2.0,1.0,0.0,19.0,0.0,9.0,625.02,1.0
66.0,3904.0,2.0,1.0,0.0,25.0,0.0,15.0,76.63,0.0
68.0,3904.0,2.0,1.0,0.0,22.0,0.0,12.0,132.74,1.0
76.0,3904.0,2.0,1.0,0.0,6.0,0.0,6.0,61.61,0.0
82.0,3904.0,2.0,1.0,0.0,6.0,0.0,6.0,317.81,0.0
82.0,3904.0,2.0,1.0,0.0,2.0,0.0,6.0,108.6,0.0
91.0,3904.0,2.0,1.0,0.0,30.0,0.0,16.0,822.45,1.0
91.0,3904.0,2.0,1.0,0.0,6.0,0.0,6.0,185.45,1.0
92.0,3904.0,2.0,1.0,0.0,20.0,0.0,13.0,391.24,1.0
123.0,3904.0,2.0,1.0,0.0,18.0,0.0,9.0,417.7,1.0
138.0,3904.0,2.0,1.0,0.0,27.0,0.0,12.0,531.31,1.0
142.0,3904.0,2.0,1.0,0.0,17.0,0.0,9.0,39.55,1.0
171.0,3904.0,2.0,1.0,0.0,6.0,0.0,6.0,26.79,0.0
144.0,3904.0,2.0,1.0,0.0,38.0,0.0,19.0,384.42,1.0
171.0,3904.0,2.0,1.0,0.0,2.0,0.0,6.0,102.24,0.0
83.0,3905.0,3.0,1.0,0.0,6.0,0.0,6.0,80.35,0.0
83.0,3905.0,3.0,1.0,0.0,2.0,0.0,6.0,7.89,0.0
87.0,3905.0,3.0,1.0,0.0,26.0,0.0,12.0,758.73,1.0
99.0,3905.0,3.0,1.0,0.0,6.0,0.0,6.0,28.81,0.0
99.0,3905.0,3.0,1.0,0.0,7.0,0.0,6.0,88.85,0.0
107.0,3905.0,3.0,1.0,0.0,20.0,0.0,13.0,133.19,0.0
118.0,3905.0,3.0,1.0,0.0,13.0,0.0,14.0,194.31,1.0
123.0,3905.0,3.0,1.0,0.0,13.0,0.0,14.0,9.0,0.0
124.0,3905.0,3.0,1.0,0.0,0.0,0.0,5.0,19.51,0.0
139.0,3905.0,3.0,1.0,0.0,0.0,0.0,5.0,15.88,0.0
141.0,3905.0,3.0,1.0,0.0,0.0,0.0,5.0,43.79,0.0
142.0,3905.0,3.0,1.0,0.0,6.0,0.0,6.0,137.3,1.0
143.0,3905.0,3.0,1.0,0.0,0.0,0.0,5.0,43.46,0.0
144.0,3905.0,3.0,1.0,0.0,0.0,0.0,5.0,42.42,0.0
25.0,3906.0,1.0,1.0,0.0,17.0,0.0,9.0,219.36,1.0
33.0,3906.0,1.0,1.0,0.0,13.0,0.0,14.0,51.12,0.0
34.0,3906.0,1.0,1.0,0.0,5.0,0.0,8.0,10.92,0.0
73.0,3906.0,1.0,1.0,0.0,1.0,0.0,5.0,43.45,0.0
74.0,3906.0,1.0,1.0,0.0,5.0,0.0,8.0,68.99,0.0
74.0,3906.0,1.0,1.0,0.0,18.0,0.0,9.0,370.71,1.0
75.0,3906.0,1.0,1.0,0.0,1.0,0.0,5.0,24.29,0.0
76.0,3906.0,1.0,1.0,0.0,1.0,0.0,5.0,28.66,0.0
123.0,3906.0,1.0,1.0,0.0,1.0,0.0,5.0,21.41,0.0
124.0,3906.0,1.0,1.0,0.0,1.0,0.0,5.0,26.73,0.0
125.0,3906.0,1.0,1.0,0.0,6.0,0.0,6.0,141.83,1.0
125.0,3906.0,1.0,1.0,0.0,1.0,0.0,5.0,2.3,0.0
126.0,3906.0,1.0,1.0,0.0,1.0,0.0,5.0,54.64,0.0
34.0,3908.0,1.0,0.0,0.0,0.0,0.0,5.0,58.09,0.0
35.0,3908.0,1.0,0.0,0.0,0.0,0.0,5.0,26.85,0.0
36.0,3908.0,1.0,0.0,0.0,6.0,0.0,6.0,690.01,1.0
38.0,3908.0,1.0,0.0,0.0,0.0,0.0,5.0,12.4,0.0
39.0,3908.0,1.0,0.0,0.0,13.0,0.0,14.0,30.83,0.0
40.0,3908.0,1.0,0.0,0.0,0.0,0.0,5.0,10.22,0.0
41.0,3908.0,1.0,0.0,0.0,0.0,0.0,5.0,42.57,0.0
41.0,3908.0,1.0,0.0,0.0,6.0,0.0,6.0,396.52,1.0
44.0,3908.0,1.0,0.0,0.0,0.0,0.0,5.0,39.85,0.0
45.0,3908.0,1.0,0.0,0.0,0.0,0.0,5.0,54.75,0.0
26.0,3909.0,4.0,0.0,0.0,25.0,0.0,15.0,13.29,0.0
50.0,3909.0,4.0,0.0,0.0,6.0,0.0,6.0,104.43,0.0
101.0,3909.0,4.0,0.0,0.0,35.0,0.0,18.0,4757.63,1.0
118.0,3909.0,4.0,0.0,0.0,6.0,0.0,6.0,8.81,0.0
118.0,3909.0,4.0,0.0,0.0,2.0,0.0,6.0,97.83,0.0
122.0,3911.0,3.0,0.0,0.0,0.0,0.0,5.0,22.4,0.0
123.0,3911.0,3.0,0.0,0.0,0.0,0.0,5.0,21.07,0.0
124.0,3911.0,3.0,0.0,0.0,22.0,0.0,12.0,428.65,1.0
124.0,3911.0,3.0,0.0,0.0,0.0,0.0,5.0,45.3,0.0
125.0,3911.0,3.0,0.0,0.0,0.0,0.0,5.0,6.24,0.0
126.0,3911.0,3.0,0.0,0.0,0.0,0.0,5.0,16.73,0.0
128.0,3911.0,3.0,0.0,0.0,0.0,0.0,5.0,26.1,0.0
129.0,3911.0,3.0,0.0,0.0,6.0,0.0,6.0,204.4,1.0
129.0,3911.0,3.0,0.0,0.0,0.0,0.0,5.0,41.59,0.0
130.0,3911.0,3.0,0.0,0.0,0.0,0.0,5.0,28.61,0.0
132.0,3911.0,3.0,0.0,0.0,0.0,0.0,5.0,14.53,0.0
133.0,3911.0,3.0,0.0,0.0,0.0,0.0,5.0,60.32,0.0
133.0,3911.0,3.0,0.0,0.0,22.0,0.0,12.0,185.66,1.0
134.0,3911.0,3.0,0.0,0.0,0.0,0.0,5.0,33.03,0.0
135.0,3911.0,3.0,0.0,0.0,0.0,0.0,5.0,10.3,0.0
88.0,3912.0,1.0,1.0,0.0,1.0,0.0,5.0,58.39,0.0
89.0,3912.0,1.0,1.0,0.0,5.0,0.0,8.0,50.21,0.0
89.0,3912.0,1.0,1.0,0.0,16.0,0.0,16.0,148.68,1.0
90.0,3912.0,1.0,1.0,0.0,1.0,0.0,5.0,13.59,0.0
90.0,3912.0,1.0,1.0,0.0,35.0,0.0,18.0,2225.62,1.0
91.0,3912.0,1.0,1.0,0.0,1.0,0.0,5.0,0.74,0.0
120.0,3912.0,1.0,1.0,0.0,0.0,0.0,5.0,34.19,0.0
121.0,3912.0,1.0,1.0,0.0,0.0,0.0,5.0,44.65,0.0
122.0,3912.0,1.0,1.0,0.0,6.0,0.0,6.0,223.92,1.0
122.0,3912.0,1.0,1.0,0.0,0.0,0.0,5.0,31.0,0.0
123.0,3912.0,1.0,1.0,0.0,0.0,0.0,5.0,21.26,0.0
152.0,3912.0,1.0,1.0,0.0,0.0,0.0,5.0,51.35,0.0
153.0,3912.0,1.0,1.0,0.0,0.0,0.0,5.0,19.15,0.0
153.0,3912.0,1.0,1.0,0.0,3.0,0.0,7.0,327.16,1.0
154.0,3912.0,1.0,1.0,0.0,9.0,0.0,10.0,75.75,0.0
155.0,3912.0,1.0,1.0,0.0,0.0,0.0,5.0,25.08,0.0
64.0,3915.0,3.0,1.0,0.0,0.0,0.0,5.0,35.99,0.0
65.0,3915.0,3.0,1.0,0.0,0.0,0.0,5.0,54.01,0.0
65.0,3915.0,3.0,1.0,0.0,26.0,0.0,12.0,700.03,1.0
66.0,3915.0,3.0,1.0,0.0,15.0,0.0,13.0,30.46,0.0
67.0,3915.0,3.0,1.0,0.0,0.0,0.0,5.0,21.87,0.0
27.0,3917.0,0.0,0.0,0.0,26.0,0.0,12.0,559.85,1.0
29.0,3917.0,0.0,0.0,0.0,6.0,0.0,6.0,138.93,0.0
65.0,3917.0,0.0,0.0,0.0,13.0,0.0,14.0,187.65,1.0
66.0,3917.0,0.0,0.0,0.0,25.0,0.0,15.0,119.71,0.0
70.0,3917.0,0.0,0.0,0.0,6.0,0.0,6.0,1510.34,1.0
72.0,3917.0,0.0,0.0,0.0,22.0,0.0,12.0,2.08,0.0
74.0,3917.0,0.0,0.0,0.0,22.0,0.0,12.0,973.23,1.0
105.0,3917.0,0.0,0.0,0.0,22.0,0.0,12.0,103.94,0.0
105.0,3917.0,0.0,0.0,0.0,48.0,0.0,12.0,13.07,0.0
117.0,3917.0,0.0,0.0,0.0,7.0,0.0,6.0,119.05,0.0
130.0,3917.0,0.0,0.0,0.0,25.0,0.0,15.0,101.75,0.0
135.0,3917.0,0.0,0.0,0.0,22.0,0.0,12.0,362.14,1.0
142.0,3917.0,0.0,0.0,0.0,12.0,0.0,13.0,19.33,0.0
141.0,3917.0,0.0,0.0,0.0,35.0,0.0,18.0,1455.29,1.0
151.0,3917.0,0.0,0.0,0.0,12.0,0.0,13.0,19.85,0.0
172.0,3917.0,0.0,0.0,0.0,0.0,0.0,5.0,17.73,0.0
173.0,3917.0,0.0,0.0,0.0,0.0,0.0,5.0,15.48,0.0
173.0,3917.0,0.0,0.0,0.0,6.0,0.0,6.0,403.31,1.0
174.0,3917.0,0.0,0.0,0.0,9.0,0.0,10.0,65.05,0.0
175.0,3917.0,0.0,0.0,0.0,0.0,0.0,5.0,27.52,0.0
138.0,3918.0,2.0,0.0,0.0,1.0,0.0,5.0,14.38,0.0
139.0,3918.0,2.0,0.0,0.0,1.0,0.0,5.0,45.25,0.0
140.0,3918.0,2.0,0.0,0.0,17.0,0.0,9.0,766.5,1.0
140.0,3918.0,2.0,0.0,0.0,1.0,0.0,5.0,13.32,0.0
141.0,3918.0,2.0,0.0,0.0,5.0,0.0,8.0,27.3,0.0
27.0,3919.0,3.0,0.0,0.0,22.0,0.0,12.0,28.92,0.0
29.0,3919.0,3.0,0.0,0.0,20.0,0.0,13.0,45.29,0.0
35.0,3919.0,3.0,0.0,0.0,35.0,0.0,18.0,4177.26,1.0
36.0,3919.0,3.0,0.0,0.0,6.0,0.0,6.0,80.93,0.0
61.0,3919.0,3.0,0.0,0.0,26.0,0.0,12.0,158.1,1.0
63.0,3919.0,3.0,0.0,0.0,6.0,0.0,6.0,26.83,0.0
63.0,3919.0,3.0,0.0,0.0,2.0,0.0,6.0,153.28,0.0
158.0,3919.0,3.0,0.0,0.0,0.0,0.0,5.0,13.88,0.0
160.0,3919.0,3.0,0.0,0.0,0.0,0.0,5.0,43.1,0.0
162.0,3919.0,3.0,0.0,0.0,27.0,0.0,12.0,279.89,1.0
164.0,3919.0,3.0,0.0,0.0,0.0,0.0,5.0,30.35,0.0
165.0,3919.0,3.0,0.0,0.0,0.0,0.0,5.0,52.21,0.0
174.0,3919.0,3.0,0.0,0.0,0.0,0.0,5.0,30.28,0.0
176.0,3919.0,3.0,0.0,0.0,0.0,0.0,5.0,20.81,0.0
177.0,3919.0,3.0,0.0,0.0,6.0,0.0,6.0,227.77,1.0
177.0,3919.0,3.0,0.0,0.0,0.0,0.0,5.0,28.04,0.0
178.0,3919.0,3.0,0.0,0.0,0.0,0.0,5.0,18.64,0.0
46.0,3920.0,2.0,1.0,0.0,0.0,0.0,5.0,43.57,0.0
47.0,3920.0,2.0,1.0,0.0,0.0,0.0,5.0,62.38,0.0
48.0,3920.0,2.0,1.0,0.0,11.0,0.0,12.0,54.57,1.0
48.0,3920.0,2.0,1.0,0.0,0.0,0.0,5.0,29.62,0.0
49.0,3920.0,2.0,1.0,0.0,0.0,0.0,5.0,45.46,0.0
97.0,3920.0,2.0,1.0,0.0,0.0,0.0,5.0,22.25,0.0
98.0,3920.0,2.0,1.0,0.0,0.0,0.0,5.0,27.03,0.0
99.0,3920.0,2.0,1.0,0.0,20.0,0.0,13.0,206.67,1.0
99.0,3920.0,2.0,1.0,0.0,0.0,0.0,5.0,18.17,0.0
100.0,3920.0,2.0,1.0,0.0,0.0,0.0,5.0,48.76,0.0
111.0,3920.0,2.0,1.0,0.0,0.0,0.0,5.0,19.34,0.0
112.0,3920.0,2.0,1.0,0.0,0.0,0.0,5.0,46.37,0.0
113.0,3920.0,2.0,1.0,0.0,25.0,0.0,15.0,23.59,1.0
114.0,3920.0,2.0,1.0,0.0,0.0,0.0,5.0,5.0,0.0
115.0,3920.0,2.0,1.0,0.0,0.0,0.0,5.0,56.26,0.0
70.0,3922.0,1.0,0.0,0.0,20.0,0.0,13.0,30.6,0.0
71.0,3922.0,1.0,0.0,0.0,25.0,0.0,15.0,70.3,0.0
79.0,3922.0,1.0,0.0,0.0,35.0,0.0,18.0,3697.45,1.0
85.0,3922.0,1.0,0.0,0.0,25.0,0.0,15.0,6.31,0.0
96.0,3922.0,1.0,0.0,0.0,6.0,0.0,6.0,117.24,0.0
167.0,3924.0,2.0,1.0,0.0,0.0,0.0,5.0,45.01,0.0
168.0,3924.0,2.0,1.0,0.0,0.0,0.0,5.0,3.31,0.0
170.0,3924.0,2.0,1.0,0.0,6.0,0.0,6.0,237.64,1.0
171.0,3924.0,2.0,1.0,0.0,0.0,0.0,5.0,12.03,0.0
172.0,3924.0,2.0,1.0,0.0,13.0,0.0,14.0,30.82,0.0
175.0,3924.0,2.0,1.0,0.0,0.0,0.0,5.0,9.63,0.0
176.0,3924.0,2.0,1.0,0.0,0.0,0.0,5.0,17.16,0.0
177.0,3924.0,2.0,1.0,0.0,22.0,0.0,12.0,96.24,1.0
178.0,3924.0,2.0,1.0,0.0,0.0,0.0,5.0,47.01,0.0
179.0,3924.0,2.0,1.0,0.0,0.0,0.0,5.0,31.53,0.0
72.0,3926.0,1.0,0.0,0.0,22.0,0.0,12.0,159.27,0.0
72.0,3926.0,1.0,0.0,0.0,48.0,0.0,12.0,137.64,0.0
104.0,3926.0,1.0,0.0,0.0,6.0,0.0,6.0,638.88,1.0
126.0,3926.0,1.0,0.0,0.0,20.0,0.0,13.0,29.99,0.0
136.0,3926.0,1.0,0.0,0.0,6.0,0.0,6.0,335.21,1.0
144.0,3926.0,1.0,0.0,0.0,13.0,0.0,14.0,29.57,0.0
145.0,3926.0,1.0,0.0,0.0,0.0,0.0,5.0,35.72,0.0
152.0,3926.0,1.0,0.0,0.0,0.0,0.0,5.0,22.92,0.0
153.0,3926.0,1.0,0.0,0.0,0.0,0.0,5.0,16.17,0.0
154.0,3926.0,1.0,0.0,0.0,11.0,0.0,12.0,157.77,1.0
154.0,3926.0,1.0,0.0,0.0,0.0,0.0,5.0,3.65,0.0
155.0,3926.0,1.0,0.0,0.0,0.0,0.0,5.0,13.13,0.0
170.0,3926.0,1.0,0.0,0.0,0.0,0.0,5.0,4.62,0.0
171.0,3926.0,1.0,0.0,0.0,0.0,0.0,5.0,2.47,0.0
171.0,3926.0,1.0,0.0,0.0,6.0,0.0,6.0,253.78,1.0
172.0,3926.0,1.0,0.0,0.0,0.0,0.0,5.0,34.85,0.0
173.0,3926.0,1.0,0.0,0.0,0.0,0.0,5.0,8.11,0.0
46.0,3927.0,0.0,1.0,0.0,6.0,0.0,6.0,14.85,0.0
46.0,3927.0,0.0,1.0,0.0,2.0,0.0,6.0,9.7,0.0
52.0,3927.0,0.0,1.0,0.0,26.0,0.0,12.0,800.18,1.0
86.0,3927.0,0.0,1.0,0.0,12.0,0.0,13.0,25.32,0.0
94.0,3927.0,0.0,1.0,0.0,6.0,0.0,6.0,432.68,1.0
95.0,3927.0,0.0,1.0,0.0,6.0,0.0,6.0,103.3,0.0
95.0,3927.0,0.0,1.0,0.0,2.0,0.0,6.0,36.24,0.0
117.0,3927.0,0.0,1.0,0.0,6.0,0.0,6.0,114.47,0.0
117.0,3927.0,0.0,1.0,0.0,2.0,0.0,6.0,252.76,0.0
123.0,3927.0,0.0,1.0,0.0,22.0,0.0,12.0,247.08,1.0
124.0,3927.0,0.0,1.0,0.0,6.0,0.0,6.0,243.87,1.0
27.0,3928.0,1.0,0.0,0.0,18.0,0.0,9.0,67.57,0.0
49.0,3928.0,1.0,0.0,0.0,16.0,0.0,16.0,222.22,1.0
53.0,3928.0,1.0,0.0,0.0,6.0,0.0,6.0,225.58,0.0
71.0,3928.0,1.0,0.0,0.0,6.0,0.0,6.0,166.19,0.0
90.0,3928.0,1.0,0.0,0.0,0.0,0.0,5.0,17.5,0.0
91.0,3928.0,1.0,0.0,0.0,15.0,0.0,13.0,68.72,0.0
91.0,3928.0,1.0,0.0,0.0,6.0,0.0,6.0,17.32,1.0
92.0,3928.0,1.0,0.0,0.0,20.0,0.0,13.0,73.22,0.0
93.0,3928.0,1.0,0.0,0.0,11.0,0.0,12.0,156.57,1.0
95.0,3928.0,1.0,0.0,0.0,9.0,0.0,10.0,3.5,0.0
97.0,3928.0,1.0,0.0,0.0,0.0,0.0,5.0,28.26,0.0
103.0,3928.0,1.0,0.0,0.0,0.0,0.0,5.0,1.74,0.0
104.0,3928.0,1.0,0.0,0.0,0.0,0.0,5.0,22.42,0.0
105.0,3928.0,1.0,0.0,0.0,22.0,0.0,12.0,224.7,1.0
105.0,3928.0,1.0,0.0,0.0,0.0,0.0,5.0,14.89,0.0
106.0,3928.0,1.0,0.0,0.0,0.0,0.0,5.0,19.64,0.0
125.0,3928.0,1.0,0.0,0.0,1.0,0.0,5.0,30.4,0.0
126.0,3928.0,1.0,0.0,0.0,1.0,0.0,5.0,7.72,0.0
127.0,3928.0,1.0,0.0,0.0,22.0,0.0,12.0,293.25,1.0
127.0,3928.0,1.0,0.0,0.0,1.0,0.0,5.0,13.08,0.0
129.0,3928.0,1.0,0.0,0.0,1.0,0.0,5.0,30.53,0.0
61.0,3929.0,2.0,1.0,0.0,6.0,0.0,6.0,202.48,0.0
61.0,3929.0,2.0,1.0,0.0,7.0,0.0,6.0,118.65,0.0
100.0,3929.0,2.0,1.0,0.0,6.0,0.0,6.0,130.08,1.0
133.0,3929.0,2.0,1.0,0.0,20.0,0.0,13.0,70.46,0.0
126.0,3929.0,2.0,1.0,0.0,35.0,0.0,18.0,2143.98,1.0
138.0,3929.0,2.0,1.0,0.0,12.0,0.0,13.0,129.4,0.0
119.0,3932.0,5.0,0.0,0.0,1.0,0.0,5.0,61.21,0.0
120.0,3932.0,5.0,0.0,0.0,1.0,0.0,5.0,7.55,0.0
121.0,3932.0,5.0,0.0,0.0,10.0,0.0,11.0,294.49,1.0
121.0,3932.0,5.0,0.0,0.0,1.0,0.0,5.0,0.2,0.0
122.0,3932.0,5.0,0.0,0.0,1.0,0.0,5.0,21.22,0.0
163.0,3936.0,5.0,0.0,0.0,0.0,0.0,5.0,58.45,0.0
164.0,3936.0,5.0,0.0,0.0,0.0,0.0,5.0,32.28,0.0
165.0,3936.0,5.0,0.0,0.0,27.0,0.0,12.0,289.78,1.0
165.0,3936.0,5.0,0.0,0.0,0.0,0.0,5.0,22.5,0.0
166.0,3936.0,5.0,0.0,0.0,0.0,0.0,5.0,55.14,0.0
28.0,3938.0,1.0,1.0,0.0,6.0,0.0,6.0,1181.69,1.0
35.0,3938.0,1.0,1.0,0.0,16.0,0.0,16.0,122.12,0.0
36.0,3938.0,1.0,1.0,0.0,3.0,0.0,7.0,81.86,1.0
42.0,3938.0,1.0,1.0,0.0,6.0,0.0,6.0,104.73,0.0
46.0,3938.0,1.0,1.0,0.0,22.0,0.0,12.0,745.27,1.0
52.0,3938.0,1.0,1.0,0.0,18.0,0.0,9.0,9.56,1.0
55.0,3938.0,1.0,1.0,0.0,17.0,0.0,9.0,16.58,1.0
59.0,3938.0,1.0,1.0,0.0,35.0,0.0,18.0,1921.75,1.0
63.0,3938.0,1.0,1.0,0.0,35.0,0.0,18.0,2380.4,1.0
64.0,3938.0,1.0,1.0,0.0,6.0,0.0,6.0,416.92,1.0
71.0,3938.0,1.0,1.0,0.0,6.0,0.0,6.0,647.95,1.0
74.0,3938.0,1.0,1.0,0.0,11.0,0.0,12.0,423.36,1.0
78.0,3938.0,1.0,1.0,0.0,16.0,0.0,16.0,404.39,1.0
84.0,3938.0,1.0,1.0,0.0,22.0,0.0,12.0,424.68,1.0
85.0,3938.0,1.0,1.0,0.0,11.0,0.0,12.0,643.68,1.0
85.0,3938.0,1.0,1.0,0.0,22.0,0.0,12.0,417.57,1.0
86.0,3938.0,1.0,1.0,0.0,18.0,0.0,9.0,15.92,0.0
86.0,3938.0,1.0,1.0,0.0,18.0,0.0,9.0,175.13,1.0
89.0,3938.0,1.0,1.0,0.0,38.0,0.0,19.0,226.0,1.0
90.0,3938.0,1.0,1.0,0.0,25.0,0.0,15.0,3.83,0.0
92.0,3938.0,1.0,1.0,0.0,6.0,0.0,6.0,389.82,1.0
92.0,3938.0,1.0,1.0,0.0,22.0,0.0,12.0,593.22,1.0
98.0,3938.0,1.0,1.0,0.0,16.0,0.0,16.0,498.37,1.0
105.0,3938.0,1.0,1.0,0.0,20.0,0.0,13.0,169.31,1.0
109.0,3938.0,1.0,1.0,0.0,41.0,0.0,19.0,592.03,1.0
114.0,3938.0,1.0,1.0,0.0,38.0,0.0,19.0,243.68,1.0
114.0,3938.0,1.0,1.0,0.0,35.0,0.0,18.0,1157.81,1.0
115.0,3938.0,1.0,1.0,0.0,22.0,0.0,12.0,72.63,1.0
116.0,3938.0,1.0,1.0,0.0,6.0,0.0,6.0,405.38,1.0
118.0,3938.0,1.0,1.0,0.0,17.0,0.0,9.0,377.55,1.0
118.0,3938.0,1.0,1.0,0.0,3.0,0.0,7.0,427.01,1.0
120.0,3938.0,1.0,1.0,0.0,9.0,0.0,10.0,38.03,1.0
124.0,3938.0,1.0,1.0,0.0,12.0,0.0,13.0,116.52,0.0
124.0,3938.0,1.0,1.0,0.0,22.0,0.0,12.0,36.71,1.0
128.0,3938.0,1.0,1.0,0.0,22.0,0.0,12.0,46.92,1.0
130.0,3938.0,1.0,1.0,0.0,6.0,0.0,6.0,363.46,1.0
139.0,3938.0,1.0,1.0,0.0,3.0,0.0,7.0,64.51,0.0
133.0,3938.0,1.0,1.0,0.0,22.0,0.0,12.0,60.74,1.0
141.0,3938.0,1.0,1.0,0.0,6.0,0.0,6.0,183.09,1.0
141.0,3938.0,1.0,1.0,0.0,18.0,0.0,9.0,89.11,1.0
147.0,3938.0,1.0,1.0,0.0,12.0,0.0,13.0,40.32,0.0
144.0,3938.0,1.0,1.0,0.0,25.0,0.0,15.0,454.99,1.0
147.0,3938.0,1.0,1.0,0.0,21.0,0.0,13.0,83.09,0.0
150.0,3938.0,1.0,1.0,0.0,22.0,0.0,12.0,236.78,1.0
156.0,3938.0,1.0,1.0,0.0,3.0,0.0,7.0,41.99,1.0
158.0,3938.0,1.0,1.0,0.0,27.0,0.0,12.0,488.35,1.0
166.0,3938.0,1.0,1.0,0.0,10.0,0.0,11.0,77.17,0.0
160.0,3938.0,1.0,1.0,0.0,6.0,0.0,6.0,461.25,1.0
166.0,3938.0,1.0,1.0,0.0,18.0,0.0,9.0,118.43,1.0
167.0,3938.0,1.0,1.0,0.0,1.0,0.0,5.0,0.9,0.0
168.0,3938.0,1.0,1.0,0.0,1.0,0.0,5.0,9.3,0.0
169.0,3938.0,1.0,1.0,0.0,1.0,0.0,5.0,30.04,0.0
170.0,3938.0,1.0,1.0,0.0,1.0,0.0,5.0,10.17,0.0
170.0,3938.0,1.0,1.0,0.0,12.0,0.0,13.0,187.42,1.0
171.0,3938.0,1.0,1.0,0.0,1.0,0.0,5.0,10.72,0.0
172.0,3938.0,1.0,1.0,0.0,17.0,0.0,9.0,7.75,1.0
172.0,3938.0,1.0,1.0,0.0,1.0,0.0,5.0,6.42,0.0
173.0,3938.0,1.0,1.0,0.0,1.0,0.0,5.0,5.53,0.0
174.0,3938.0,1.0,1.0,0.0,3.0,0.0,7.0,214.31,1.0
174.0,3938.0,1.0,1.0,0.0,1.0,0.0,5.0,13.25,0.0
175.0,3938.0,1.0,1.0,0.0,5.0,0.0,8.0,59.68,0.0
176.0,3938.0,1.0,1.0,0.0,1.0,0.0,5.0,28.11,0.0
177.0,3938.0,1.0,1.0,0.0,22.0,0.0,12.0,331.97,1.0
177.0,3938.0,1.0,1.0,0.0,1.0,0.0,5.0,9.33,0.0
178.0,3938.0,1.0,1.0,0.0,6.0,0.0,6.0,847.57,1.0
178.0,3938.0,1.0,1.0,0.0,1.0,0.0,5.0,30.31,0.0
179.0,3938.0,1.0,1.0,0.0,1.0,0.0,5.0,56.63,0.0
96.0,3939.0,2.0,1.0,0.0,1.0,0.0,5.0,29.78,0.0
97.0,3939.0,2.0,1.0,0.0,1.0,0.0,5.0,23.04,0.0
97.0,3939.0,2.0,1.0,0.0,30.0,0.0,16.0,1029.88,1.0
98.0,3939.0,2.0,1.0,0.0,1.0,0.0,5.0,10.41,0.0
99.0,3939.0,2.0,1.0,0.0,5.0,0.0,8.0,49.94,0.0
87.0,3940.0,2.0,0.0,0.0,20.0,0.0,13.0,7.52,0.0
94.0,3940.0,2.0,0.0,0.0,25.0,0.0,15.0,100.82,0.0
108.0,3940.0,2.0,0.0,0.0,35.0,0.0,18.0,3544.77,1.0
130.0,3940.0,2.0,0.0,0.0,13.0,0.0,14.0,60.63,1.0
147.0,3940.0,2.0,0.0,0.0,12.0,0.0,13.0,25.69,0.0
143.0,3940.0,2.0,0.0,0.0,12.0,0.0,13.0,349.93,1.0
159.0,3940.0,2.0,0.0,0.0,6.0,0.0,6.0,159.98,1.0
172.0,3940.0,2.0,0.0,0.0,6.0,0.0,6.0,212.7,0.0
173.0,3940.0,2.0,0.0,0.0,6.0,0.0,6.0,118.56,0.0
173.0,3940.0,2.0,0.0,0.0,2.0,0.0,6.0,84.48,0.0
179.0,3940.0,2.0,0.0,0.0,10.0,0.0,11.0,586.27,1.0
179.0,3940.0,2.0,0.0,0.0,6.0,0.0,6.0,695.53,1.0
63.0,3941.0,2.0,1.0,0.0,25.0,0.0,15.0,125.48,0.0
71.0,3941.0,2.0,1.0,0.0,22.0,0.0,12.0,20.85,0.0
89.0,3941.0,2.0,1.0,0.0,10.0,0.0,11.0,714.01,1.0
94.0,3941.0,2.0,1.0,0.0,6.0,0.0,6.0,84.14,1.0
118.0,3941.0,2.0,1.0,0.0,7.0,0.0,6.0,111.49,0.0
106.0,3941.0,2.0,1.0,0.0,21.0,0.0,13.0,157.1,1.0
120.0,3941.0,2.0,1.0,0.0,6.0,0.0,6.0,439.08,1.0
121.0,3941.0,2.0,1.0,0.0,27.0,0.0,12.0,576.69,1.0
133.0,3941.0,2.0,1.0,0.0,7.0,0.0,6.0,309.42,0.0
130.0,3941.0,2.0,1.0,0.0,35.0,0.0,18.0,6679.23,1.0
133.0,3941.0,2.0,1.0,0.0,2.0,0.0,6.0,135.89,0.0
154.0,3941.0,2.0,1.0,0.0,22.0,0.0,12.0,487.75,1.0
157.0,3941.0,2.0,1.0,0.0,25.0,0.0,15.0,82.13,0.0
155.0,3941.0,2.0,1.0,0.0,6.0,0.0,6.0,394.4,1.0
157.0,3941.0,2.0,1.0,0.0,31.0,0.0,9.0,163.79,1.0
162.0,3941.0,2.0,1.0,0.0,17.0,0.0,9.0,296.62,1.0
165.0,3941.0,2.0,1.0,0.0,6.0,0.0,6.0,129.52,0.0
164.0,3941.0,2.0,1.0,0.0,22.0,0.0,12.0,487.24,1.0
165.0,3941.0,2.0,1.0,0.0,7.0,0.0,6.0,85.05,0.0
165.0,3941.0,2.0,1.0,0.0,2.0,0.0,6.0,80.01,0.0
171.0,3941.0,2.0,1.0,0.0,6.0,0.0,6.0,496.17,1.0
174.0,3941.0,2.0,1.0,0.0,35.0,0.0,18.0,635.29,1.0
57.0,3943.0,5.0,0.0,0.0,9.0,0.0,10.0,33.96,0.0
58.0,3943.0,5.0,0.0,0.0,30.0,0.0,16.0,128.02,0.0
69.0,3943.0,5.0,0.0,0.0,6.0,0.0,6.0,906.51,1.0
71.0,3943.0,5.0,0.0,0.0,13.0,0.0,14.0,75.43,0.0
72.0,3943.0,5.0,0.0,0.0,0.0,0.0,5.0,13.12,0.0
81.0,3943.0,5.0,0.0,0.0,0.0,0.0,5.0,22.64,0.0
82.0,3943.0,5.0,0.0,0.0,0.0,0.0,5.0,22.2,0.0
83.0,3943.0,5.0,0.0,0.0,22.0,0.0,12.0,207.81,1.0
83.0,3943.0,5.0,0.0,0.0,9.0,0.0,10.0,144.64,0.0
84.0,3943.0,5.0,0.0,0.0,0.0,0.0,5.0,21.13,0.0
155.0,3943.0,5.0,0.0,0.0,1.0,0.0,5.0,57.25,0.0
156.0,3943.0,5.0,0.0,0.0,1.0,0.0,5.0,23.92,0.0
156.0,3943.0,5.0,0.0,0.0,35.0,0.0,18.0,3667.95,1.0
157.0,3943.0,5.0,0.0,0.0,1.0,0.0,5.0,8.08,0.0
158.0,3943.0,5.0,0.0,0.0,1.0,0.0,5.0,23.44,0.0
161.0,3944.0,2.0,0.0,0.0,1.0,0.0,5.0,26.26,0.0
162.0,3944.0,2.0,0.0,0.0,1.0,0.0,5.0,11.98,0.0
163.0,3944.0,2.0,0.0,0.0,6.0,0.0,6.0,226.28,1.0
164.0,3944.0,2.0,0.0,0.0,4.0,0.0,6.0,13.04,0.0
165.0,3944.0,2.0,0.0,0.0,1.0,0.0,5.0,20.4,0.0
57.0,3945.0,2.0,1.0,0.0,6.0,0.0,6.0,49.01,0.0
57.0,3945.0,2.0,1.0,0.0,2.0,0.0,6.0,13.29,0.0
73.0,3945.0,2.0,1.0,0.0,22.0,0.0,12.0,829.21,1.0
85.0,3945.0,2.0,1.0,0.0,12.0,0.0,13.0,11.33,0.0
92.0,3945.0,2.0,1.0,0.0,6.0,0.0,6.0,153.88,0.0
92.0,3945.0,2.0,1.0,0.0,2.0,0.0,6.0,161.3,0.0
92.0,3945.0,2.0,1.0,0.0,11.0,0.0,12.0,265.43,1.0
98.0,3945.0,2.0,1.0,0.0,12.0,0.0,13.0,32.76,0.0
98.0,3945.0,2.0,1.0,0.0,20.0,0.0,13.0,3.72,0.0
144.0,3945.0,2.0,1.0,0.0,0.0,0.0,5.0,16.91,0.0
145.0,3945.0,2.0,1.0,0.0,0.0,0.0,5.0,23.94,0.0
146.0,3945.0,2.0,1.0,0.0,6.0,0.0,6.0,74.97,1.0
146.0,3945.0,2.0,1.0,0.0,0.0,0.0,5.0,6.86,0.0
147.0,3945.0,2.0,1.0,0.0,0.0,0.0,5.0,4.84,0.0
164.0,3945.0,2.0,1.0,0.0,0.0,0.0,5.0,12.98,0.0
165.0,3945.0,2.0,1.0,0.0,9.0,0.0,10.0,62.54,0.0
166.0,3945.0,2.0,1.0,0.0,30.0,0.0,16.0,194.5,1.0
168.0,3945.0,2.0,1.0,0.0,0.0,0.0,5.0,9.59,0.0
169.0,3945.0,2.0,1.0,0.0,0.0,0.0,5.0,27.91,0.0
28.0,3946.0,3.0,0.0,0.0,26.0,0.0,12.0,182.26,1.0
32.0,3946.0,3.0,0.0,0.0,30.0,0.0,16.0,144.78,1.0
49.0,3946.0,3.0,0.0,0.0,16.0,0.0,16.0,159.87,0.0
48.0,3946.0,3.0,0.0,0.0,27.0,0.0,12.0,668.46,1.0
50.0,3946.0,3.0,0.0,0.0,12.0,0.0,13.0,53.66,0.0
163.0,3946.0,3.0,0.0,0.0,0.0,0.0,5.0,18.64,0.0
164.0,3946.0,3.0,0.0,0.0,0.0,0.0,5.0,12.61,0.0
164.0,3946.0,3.0,0.0,0.0,6.0,0.0,6.0,709.15,1.0
165.0,3946.0,3.0,0.0,0.0,0.0,0.0,5.0,34.21,0.0
166.0,3946.0,3.0,0.0,0.0,0.0,0.0,5.0,11.71,0.0
28.0,3947.0,0.0,1.0,0.0,35.0,0.0,18.0,269.43,1.0
37.0,3947.0,0.0,1.0,0.0,22.0,0.0,12.0,707.91,1.0
40.0,3947.0,0.0,1.0,0.0,25.0,0.0,15.0,394.05,1.0
41.0,3947.0,0.0,1.0,0.0,19.0,0.0,9.0,166.69,1.0
43.0,3947.0,0.0,1.0,0.0,22.0,0.0,12.0,963.62,1.0
47.0,3947.0,0.0,1.0,0.0,13.0,0.0,14.0,356.34,1.0
47.0,3947.0,0.0,1.0,0.0,21.0,0.0,13.0,120.18,1.0
48.0,3947.0,0.0,1.0,0.0,27.0,0.0,12.0,529.62,1.0
48.0,3947.0,0.0,1.0,0.0,22.0,0.0,12.0,338.8,1.0
48.0,3947.0,0.0,1.0,0.0,15.0,0.0,13.0,97.97,1.0
48.0,3947.0,0.0,1.0,0.0,22.0,0.0,12.0,714.26,1.0
50.0,3947.0,0.0,1.0,0.0,16.0,0.0,16.0,370.36,1.0
51.0,3947.0,0.0,1.0,0.0,20.0,0.0,13.0,110.87,1.0
55.0,3947.0,0.0,1.0,0.0,22.0,0.0,12.0,45.83,0.0
55.0,3947.0,0.0,1.0,0.0,16.0,0.0,16.0,528.94,1.0
56.0,3947.0,0.0,1.0,0.0,10.0,0.0,11.0,464.94,1.0
56.0,3947.0,0.0,1.0,0.0,6.0,0.0,6.0,204.85,1.0
58.0,3947.0,0.0,1.0,0.0,20.0,0.0,13.0,209.55,1.0
58.0,3947.0,0.0,1.0,0.0,22.0,0.0,12.0,167.45,1.0
59.0,3947.0,0.0,1.0,0.0,22.0,0.0,12.0,54.37,1.0
59.0,3947.0,0.0,1.0,0.0,22.0,0.0,12.0,57.21,1.0
60.0,3947.0,0.0,1.0,0.0,30.0,0.0,16.0,188.66,1.0
60.0,3947.0,0.0,1.0,0.0,6.0,0.0,6.0,858.21,1.0
62.0,3947.0,0.0,1.0,0.0,3.0,0.0,7.0,378.02,1.0
63.0,3947.0,0.0,1.0,0.0,22.0,0.0,12.0,189.3,1.0
65.0,3947.0,0.0,1.0,0.0,22.0,0.0,12.0,739.24,1.0
67.0,3947.0,0.0,1.0,0.0,6.0,0.0,6.0,125.61,1.0
67.0,3947.0,0.0,1.0,0.0,17.0,0.0,9.0,515.49,1.0
68.0,3947.0,0.0,1.0,0.0,9.0,0.0,10.0,233.72,1.0
69.0,3947.0,0.0,1.0,0.0,13.0,0.0,14.0,227.19,1.0
70.0,3947.0,0.0,1.0,0.0,6.0,0.0,6.0,432.42,1.0
72.0,3947.0,0.0,1.0,0.0,22.0,0.0,12.0,605.23,1.0
75.0,3947.0,0.0,1.0,0.0,20.0,0.0,13.0,61.63,1.0
75.0,3947.0,0.0,1.0,0.0,16.0,0.0,16.0,510.73,1.0
76.0,3947.0,0.0,1.0,0.0,7.0,0.0,6.0,396.93,0.0
76.0,3947.0,0.0,1.0,0.0,15.0,0.0,13.0,332.54,1.0
78.0,3947.0,0.0,1.0,0.0,10.0,0.0,11.0,773.44,1.0
79.0,3947.0,0.0,1.0,0.0,26.0,0.0,12.0,547.62,1.0
80.0,3947.0,0.0,1.0,0.0,6.0,0.0,6.0,333.19,1.0
84.0,3947.0,0.0,1.0,0.0,13.0,0.0,14.0,80.63,1.0
87.0,3947.0,0.0,1.0,0.0,16.0,0.0,16.0,883.98,1.0
88.0,3947.0,0.0,1.0,0.0,6.0,0.0,6.0,309.61,1.0
89.0,3947.0,0.0,1.0,0.0,22.0,0.0,12.0,61.58,1.0
91.0,3947.0,0.0,1.0,0.0,6.0,0.0,6.0,446.07,1.0
96.0,3947.0,0.0,1.0,0.0,16.0,0.0,16.0,633.84,1.0
96.0,3947.0,0.0,1.0,0.0,6.0,0.0,6.0,292.22,1.0
100.0,3947.0,0.0,1.0,0.0,27.0,0.0,12.0,558.94,1.0
101.0,3947.0,0.0,1.0,0.0,13.0,0.0,14.0,5.45,1.0
103.0,3947.0,0.0,1.0,0.0,6.0,0.0,6.0,443.09,1.0
104.0,3947.0,0.0,1.0,0.0,41.0,0.0,19.0,245.58,1.0
106.0,3947.0,0.0,1.0,0.0,16.0,0.0,16.0,437.86,1.0
108.0,3947.0,0.0,1.0,0.0,22.0,0.0,12.0,94.91,1.0
111.0,3947.0,0.0,1.0,0.0,6.0,0.0,6.0,148.61,1.0
115.0,3947.0,0.0,1.0,0.0,6.0,0.0,6.0,146.27,1.0
116.0,3947.0,0.0,1.0,0.0,22.0,0.0,12.0,374.87,1.0
116.0,3947.0,0.0,1.0,0.0,6.0,0.0,6.0,737.51,1.0
119.0,3947.0,0.0,1.0,0.0,7.0,0.0,6.0,52.74,0.0
118.0,3947.0,0.0,1.0,0.0,26.0,0.0,12.0,164.92,1.0
119.0,3947.0,0.0,1.0,0.0,2.0,0.0,6.0,118.72,0.0
123.0,3947.0,0.0,1.0,0.0,10.0,0.0,11.0,552.14,1.0
123.0,3947.0,0.0,1.0,0.0,26.0,0.0,12.0,267.87,1.0
125.0,3947.0,0.0,1.0,0.0,22.0,0.0,12.0,496.67,1.0
125.0,3947.0,0.0,1.0,0.0,30.0,0.0,16.0,119.15,1.0
133.0,3947.0,0.0,1.0,0.0,6.0,0.0,6.0,37.45,0.0
129.0,3947.0,0.0,1.0,0.0,35.0,0.0,18.0,2128.9,1.0
136.0,3947.0,0.0,1.0,0.0,41.0,0.0,19.0,210.89,1.0
139.0,3947.0,0.0,1.0,0.0,27.0,0.0,12.0,670.02,1.0
140.0,3947.0,0.0,1.0,0.0,22.0,0.0,12.0,365.64,1.0
144.0,3947.0,0.0,1.0,0.0,35.0,0.0,18.0,525.97,1.0
148.0,3947.0,0.0,1.0,0.0,41.0,0.0,19.0,276.51,1.0
151.0,3947.0,0.0,1.0,0.0,6.0,0.0,6.0,57.52,1.0
153.0,3947.0,0.0,1.0,0.0,35.0,0.0,18.0,4187.09,1.0
153.0,3947.0,0.0,1.0,0.0,15.0,0.0,13.0,196.03,1.0
153.0,3947.0,0.0,1.0,0.0,6.0,0.0,6.0,509.97,1.0
153.0,3947.0,0.0,1.0,0.0,11.0,0.0,12.0,257.59,1.0
153.0,3947.0,0.0,1.0,0.0,6.0,0.0,6.0,419.2,1.0
156.0,3947.0,0.0,1.0,0.0,20.0,0.0,13.0,72.47,1.0
163.0,3947.0,0.0,1.0,0.0,27.0,0.0,12.0,654.54,1.0
165.0,3947.0,0.0,1.0,0.0,6.0,0.0,6.0,577.11,1.0
166.0,3947.0,0.0,1.0,0.0,18.0,0.0,9.0,17.27,1.0
166.0,3947.0,0.0,1.0,0.0,6.0,0.0,6.0,311.15,1.0
166.0,3947.0,0.0,1.0,0.0,18.0,0.0,9.0,735.75,1.0
166.0,3947.0,0.0,1.0,0.0,22.0,0.0,12.0,428.5,1.0
167.0,3947.0,0.0,1.0,0.0,18.0,0.0,9.0,596.05,1.0
169.0,3947.0,0.0,1.0,0.0,9.0,0.0,10.0,480.63,1.0
169.0,3947.0,0.0,1.0,0.0,13.0,0.0,14.0,212.75,1.0
171.0,3947.0,0.0,1.0,0.0,22.0,0.0,12.0,51.34,1.0
173.0,3947.0,0.0,1.0,0.0,6.0,0.0,6.0,674.11,1.0
175.0,3947.0,0.0,1.0,0.0,10.0,0.0,11.0,341.1,1.0
176.0,3947.0,0.0,1.0,0.0,30.0,0.0,16.0,109.79,1.0
177.0,3947.0,0.0,1.0,0.0,22.0,0.0,12.0,491.35,1.0
179.0,3947.0,0.0,1.0,0.0,22.0,0.0,12.0,203.18,1.0
58.0,3948.0,3.0,1.0,0.0,6.0,0.0,6.0,55.44,0.0
58.0,3948.0,3.0,1.0,0.0,7.0,0.0,6.0,2.42,0.0
64.0,3948.0,3.0,1.0,0.0,35.0,0.0,18.0,5734.27,1.0
65.0,3948.0,3.0,1.0,0.0,7.0,0.0,6.0,32.79,0.0
68.0,3948.0,3.0,1.0,0.0,17.0,0.0,9.0,344.58,1.0
81.0,3948.0,3.0,1.0,0.0,8.0,0.0,9.0,204.43,0.0
95.0,3948.0,3.0,1.0,0.0,22.0,0.0,12.0,53.99,1.0
110.0,3948.0,3.0,1.0,0.0,22.0,0.0,12.0,138.62,0.0
117.0,3948.0,3.0,1.0,0.0,22.0,0.0,12.0,759.86,1.0
124.0,3948.0,3.0,1.0,0.0,41.0,0.0,19.0,417.83,1.0
137.0,3948.0,3.0,1.0,0.0,10.0,0.0,11.0,9.71,1.0
147.0,3948.0,3.0,1.0,0.0,25.0,0.0,15.0,78.07,0.0
141.0,3948.0,3.0,1.0,0.0,13.0,0.0,14.0,237.26,1.0
149.0,3948.0,3.0,1.0,0.0,25.0,0.0,15.0,78.81,0.0
152.0,3948.0,3.0,1.0,0.0,16.0,0.0,16.0,164.33,1.0
172.0,3948.0,3.0,1.0,0.0,18.0,0.0,9.0,220.24,1.0
29.0,3949.0,0.0,0.0,0.0,10.0,0.0,11.0,810.77,1.0
39.0,3949.0,0.0,0.0,0.0,6.0,0.0,6.0,15.21,0.0
48.0,3949.0,0.0,0.0,0.0,12.0,0.0,13.0,27.14,0.0
55.0,3949.0,0.0,0.0,0.0,6.0,0.0,6.0,60.33,0.0
55.0,3949.0,0.0,0.0,0.0,7.0,0.0,6.0,58.75,0.0
66.0,3949.0,0.0,0.0,0.0,17.0,0.0,9.0,51.0,1.0
75.0,3949.0,0.0,0.0,0.0,20.0,0.0,13.0,100.44,0.0
80.0,3949.0,0.0,0.0,0.0,9.0,0.0,10.0,107.84,0.0
29.0,3950.0,1.0,1.0,0.0,22.0,0.0,12.0,38.38,0.0
29.0,3950.0,1.0,1.0,0.0,45.0,0.0,18.0,2745.84,1.0
31.0,3950.0,1.0,1.0,0.0,25.0,0.0,15.0,64.89,0.0
57.0,3950.0,1.0,1.0,0.0,6.0,0.0,6.0,78.28,1.0
71.0,3950.0,1.0,1.0,0.0,19.0,0.0,9.0,118.57,0.0
65.0,3950.0,1.0,1.0,0.0,20.0,0.0,13.0,460.65,1.0
104.0,3950.0,1.0,1.0,0.0,7.0,0.0,6.0,38.81,0.0
111.0,3950.0,1.0,1.0,0.0,9.0,0.0,10.0,88.07,0.0
112.0,3950.0,1.0,1.0,0.0,0.0,0.0,5.0,15.97,0.0
113.0,3950.0,1.0,1.0,0.0,10.0,0.0,11.0,95.1,1.0
113.0,3950.0,1.0,1.0,0.0,0.0,0.0,5.0,16.15,0.0
114.0,3950.0,1.0,1.0,0.0,0.0,0.0,5.0,12.43,0.0
131.0,3950.0,1.0,1.0,0.0,0.0,0.0,5.0,16.37,0.0
132.0,3950.0,1.0,1.0,0.0,0.0,0.0,5.0,20.68,0.0
132.0,3950.0,1.0,1.0,0.0,20.0,0.0,13.0,168.93,1.0
133.0,3950.0,1.0,1.0,0.0,0.0,0.0,5.0,29.44,0.0
134.0,3950.0,1.0,1.0,0.0,0.0,0.0,5.0,23.62,0.0
152.0,3950.0,1.0,1.0,0.0,1.0,0.0,5.0,30.57,0.0
153.0,3950.0,1.0,1.0,0.0,4.0,0.0,6.0,185.82,0.0
154.0,3950.0,1.0,1.0,0.0,6.0,0.0,6.0,1035.05,1.0
154.0,3950.0,1.0,1.0,0.0,1.0,0.0,5.0,10.97,0.0
155.0,3950.0,1.0,1.0,0.0,1.0,0.0,5.0,38.56,0.0
29.0,3952.0,2.0,0.0,0.0,9.0,0.0,10.0,384.47,1.0
31.0,3952.0,2.0,0.0,0.0,13.0,0.0,14.0,16.84,0.0
32.0,3952.0,2.0,0.0,0.0,0.0,0.0,5.0,32.45,0.0
37.0,3952.0,2.0,0.0,0.0,0.0,0.0,5.0,52.87,0.0
38.0,3952.0,2.0,0.0,0.0,0.0,0.0,5.0,27.68,0.0
39.0,3952.0,2.0,0.0,0.0,38.0,0.0,19.0,333.94,1.0
39.0,3952.0,2.0,0.0,0.0,0.0,0.0,5.0,0.82,0.0
40.0,3952.0,2.0,0.0,0.0,0.0,0.0,5.0,24.07,0.0
65.0,3952.0,2.0,0.0,0.0,0.0,0.0,5.0,39.4,0.0
66.0,3952.0,2.0,0.0,0.0,0.0,0.0,5.0,31.86,0.0
66.0,3952.0,2.0,0.0,0.0,6.0,0.0,6.0,117.85,1.0
68.0,3952.0,2.0,0.0,0.0,0.0,0.0,5.0,53.8,0.0
69.0,3952.0,2.0,0.0,0.0,0.0,0.0,5.0,23.49,0.0
29.0,3953.0,0.0,1.0,0.0,16.0,0.0,16.0,654.98,1.0
35.0,3953.0,0.0,1.0,0.0,14.0,0.0,15.0,22.35,0.0
34.0,3953.0,0.0,1.0,0.0,35.0,0.0,18.0,5771.18,1.0
36.0,3953.0,0.0,1.0,0.0,1.0,0.0,5.0,43.27,0.0
85.0,3953.0,0.0,1.0,0.0,1.0,0.0,5.0,10.35,0.0
86.0,3953.0,0.0,1.0,0.0,1.0,0.0,5.0,22.3,0.0
86.0,3953.0,0.0,1.0,0.0,15.0,0.0,13.0,255.78,1.0
88.0,3953.0,0.0,1.0,0.0,1.0,0.0,5.0,23.47,0.0
89.0,3953.0,0.0,1.0,0.0,1.0,0.0,5.0,28.67,0.0
54.0,3955.0,2.0,1.0,0.0,9.0,0.0,10.0,31.32,0.0
55.0,3955.0,2.0,1.0,0.0,0.0,0.0,5.0,1.62,0.0
55.0,3955.0,2.0,1.0,0.0,16.0,0.0,16.0,270.32,1.0
56.0,3955.0,2.0,1.0,0.0,32.0,0.0,11.0,12.32,0.0
57.0,3955.0,2.0,1.0,0.0,0.0,0.0,5.0,34.9,0.0
98.0,3955.0,2.0,1.0,0.0,4.0,0.0,6.0,130.9,0.0
98.0,3955.0,2.0,1.0,0.0,42.0,0.0,6.0,48.92,0.0
98.0,3955.0,2.0,1.0,0.0,22.0,0.0,12.0,805.74,1.0
99.0,3955.0,2.0,1.0,0.0,1.0,0.0,5.0,12.33,0.0
100.0,3955.0,2.0,1.0,0.0,1.0,0.0,5.0,21.55,0.0
103.0,3955.0,2.0,1.0,0.0,1.0,0.0,5.0,41.87,0.0
104.0,3955.0,2.0,1.0,0.0,5.0,0.0,8.0,3.72,0.0
105.0,3955.0,2.0,1.0,0.0,6.0,0.0,6.0,195.24,1.0
105.0,3955.0,2.0,1.0,0.0,1.0,0.0,5.0,28.92,0.0
106.0,3955.0,2.0,1.0,0.0,1.0,0.0,5.0,23.66,0.0
150.0,3955.0,2.0,1.0,0.0,1.0,0.0,5.0,5.84,0.0
151.0,3955.0,2.0,1.0,0.0,1.0,0.0,5.0,13.74,0.0
151.0,3955.0,2.0,1.0,0.0,44.0,0.0,13.0,246.8,1.0
152.0,3955.0,2.0,1.0,0.0,1.0,0.0,5.0,43.78,0.0
153.0,3955.0,2.0,1.0,0.0,1.0,0.0,5.0,33.67,0.0
33.0,3957.0,1.0,0.0,0.0,2.0,0.0,6.0,26.45,0.0
80.0,3957.0,1.0,0.0,0.0,30.0,0.0,16.0,96.4,0.0
85.0,3957.0,1.0,0.0,0.0,10.0,0.0,11.0,284.25,1.0
94.0,3957.0,1.0,0.0,0.0,9.0,0.0,10.0,15.38,0.0
95.0,3957.0,1.0,0.0,0.0,0.0,0.0,5.0,16.38,0.0
100.0,3960.0,3.0,0.0,0.0,1.0,0.0,5.0,26.14,0.0
101.0,3960.0,3.0,0.0,0.0,1.0,0.0,5.0,3.43,0.0
102.0,3960.0,3.0,0.0,0.0,6.0,0.0,6.0,323.64,1.0
102.0,3960.0,3.0,0.0,0.0,1.0,0.0,5.0,39.34,0.0
103.0,3960.0,3.0,0.0,0.0,1.0,0.0,5.0,5.89,0.0
116.0,3963.0,1.0,0.0,0.0,1.0,0.0,5.0,17.58,0.0
117.0,3963.0,1.0,0.0,0.0,1.0,0.0,5.0,31.22,0.0
117.0,3963.0,1.0,0.0,0.0,6.0,0.0,6.0,285.17,1.0
118.0,3963.0,1.0,0.0,0.0,1.0,0.0,5.0,45.6,0.0
119.0,3963.0,1.0,0.0,0.0,5.0,0.0,8.0,24.61,0.0
130.0,3964.0,1.0,0.0,0.0,13.0,0.0,14.0,55.84,0.0
131.0,3964.0,1.0,0.0,0.0,12.0,0.0,13.0,121.7,0.0
132.0,3964.0,1.0,0.0,0.0,35.0,0.0,18.0,710.77,1.0
150.0,3964.0,1.0,0.0,0.0,25.0,0.0,15.0,42.42,0.0
153.0,3964.0,1.0,0.0,0.0,20.0,0.0,13.0,290.96,1.0
162.0,3964.0,1.0,0.0,0.0,35.0,0.0,18.0,6565.95,1.0
167.0,3964.0,1.0,0.0,0.0,22.0,0.0,12.0,257.28,1.0
30.0,3965.0,2.0,0.0,0.0,3.0,0.0,7.0,85.79,0.0
41.0,3965.0,2.0,0.0,0.0,3.0,0.0,7.0,451.63,1.0
41.0,3965.0,2.0,0.0,0.0,3.0,0.0,7.0,40.85,1.0
58.0,3965.0,2.0,0.0,0.0,6.0,0.0,6.0,81.49,0.0
45.0,3965.0,2.0,0.0,0.0,17.0,0.0,9.0,329.29,1.0
82.0,3965.0,2.0,0.0,0.0,12.0,0.0,13.0,21.93,0.0
111.0,3965.0,2.0,0.0,0.0,12.0,0.0,13.0,26.43,0.0
111.0,3965.0,2.0,0.0,0.0,20.0,0.0,13.0,32.55,0.0
112.0,3965.0,2.0,0.0,0.0,26.0,0.0,12.0,248.78,1.0
117.0,3965.0,2.0,0.0,0.0,13.0,0.0,14.0,5.68,0.0
118.0,3965.0,2.0,0.0,0.0,0.0,0.0,5.0,6.55,0.0
30.0,3966.0,2.0,0.0,0.0,30.0,0.0,16.0,68.6,0.0
30.0,3966.0,2.0,0.0,0.0,13.0,0.0,14.0,362.31,1.0
31.0,3966.0,2.0,0.0,0.0,13.0,0.0,14.0,50.24,0.0
32.0,3966.0,2.0,0.0,0.0,0.0,0.0,5.0,0.58,0.0
78.0,3966.0,2.0,0.0,0.0,0.0,0.0,5.0,6.94,0.0
79.0,3966.0,2.0,0.0,0.0,0.0,0.0,5.0,10.81,0.0
80.0,3966.0,2.0,0.0,0.0,22.0,0.0,12.0,159.07,1.0
80.0,3966.0,2.0,0.0,0.0,0.0,0.0,5.0,45.93,0.0
81.0,3966.0,2.0,0.0,0.0,0.0,0.0,5.0,25.62,0.0
101.0,3967.0,3.0,0.0,0.0,17.0,0.0,9.0,31.64,0.0
104.0,3967.0,3.0,0.0,0.0,20.0,0.0,13.0,18.91,0.0
127.0,3967.0,3.0,0.0,0.0,9.0,0.0,10.0,64.05,1.0
138.0,3967.0,3.0,0.0,0.0,13.0,0.0,14.0,47.08,0.0
139.0,3967.0,3.0,0.0,0.0,4.0,0.0,6.0,56.01,0.0
31.0,3971.0,1.0,1.0,0.0,6.0,0.0,6.0,62.92,1.0
36.0,3971.0,1.0,1.0,0.0,6.0,0.0,6.0,33.86,1.0
36.0,3971.0,1.0,1.0,0.0,38.0,0.0,19.0,423.57,1.0
37.0,3971.0,1.0,1.0,0.0,13.0,0.0,14.0,395.61,1.0
37.0,3971.0,1.0,1.0,0.0,27.0,0.0,12.0,46.83,1.0
38.0,3971.0,1.0,1.0,0.0,6.0,0.0,6.0,512.48,1.0
38.0,3971.0,1.0,1.0,0.0,6.0,0.0,6.0,45.79,1.0
39.0,3971.0,1.0,1.0,0.0,13.0,0.0,14.0,57.14,1.0
40.0,3971.0,1.0,1.0,0.0,25.0,0.0,15.0,248.34,1.0
41.0,3971.0,1.0,1.0,0.0,12.0,0.0,13.0,262.48,1.0
42.0,3971.0,1.0,1.0,0.0,35.0,0.0,18.0,6532.45,1.0
42.0,3971.0,1.0,1.0,0.0,30.0,0.0,16.0,515.87,1.0
42.0,3971.0,1.0,1.0,0.0,22.0,0.0,12.0,122.3,1.0
44.0,3971.0,1.0,1.0,0.0,10.0,0.0,11.0,304.08,1.0
44.0,3971.0,1.0,1.0,0.0,30.0,0.0,16.0,115.03,1.0
44.0,3971.0,1.0,1.0,0.0,13.0,0.0,14.0,225.31,1.0
45.0,3971.0,1.0,1.0,0.0,35.0,0.0,18.0,2667.58,1.0
45.0,3971.0,1.0,1.0,0.0,35.0,0.0,18.0,2331.43,1.0
45.0,3971.0,1.0,1.0,0.0,6.0,0.0,6.0,1008.02,1.0
46.0,3971.0,1.0,1.0,0.0,22.0,0.0,12.0,518.69,1.0
46.0,3971.0,1.0,1.0,0.0,22.0,0.0,12.0,44.0,1.0
48.0,3971.0,1.0,1.0,0.0,2.0,0.0,6.0,511.38,1.0
48.0,3971.0,1.0,1.0,0.0,35.0,0.0,18.0,7665.56,1.0
49.0,3971.0,1.0,1.0,0.0,35.0,0.0,18.0,996.38,1.0
49.0,3971.0,1.0,1.0,0.0,6.0,0.0,6.0,584.12,1.0
50.0,3971.0,1.0,1.0,0.0,12.0,0.0,13.0,40.36,1.0
50.0,3971.0,1.0,1.0,0.0,12.0,0.0,13.0,60.43,1.0
50.0,3971.0,1.0,1.0,0.0,18.0,0.0,9.0,196.38,1.0
50.0,3971.0,1.0,1.0,0.0,12.0,0.0,13.0,4.63,0.0
50.0,3971.0,1.0,1.0,0.0,6.0,0.0,6.0,462.6,1.0
51.0,3971.0,1.0,1.0,0.0,16.0,0.0,16.0,654.53,1.0
51.0,3971.0,1.0,1.0,0.0,6.0,0.0,6.0,1025.4,1.0
54.0,3971.0,1.0,1.0,0.0,6.0,0.0,6.0,388.53,1.0
54.0,3971.0,1.0,1.0,0.0,35.0,0.0,18.0,1807.68,1.0
55.0,3971.0,1.0,1.0,0.0,17.0,0.0,9.0,779.47,1.0
55.0,3971.0,1.0,1.0,0.0,22.0,0.0,12.0,357.62,1.0
56.0,3971.0,1.0,1.0,0.0,18.0,0.0,9.0,101.71,1.0
58.0,3971.0,1.0,1.0,0.0,22.0,0.0,12.0,150.02,1.0
58.0,3971.0,1.0,1.0,0.0,6.0,0.0,6.0,117.64,1.0
58.0,3971.0,1.0,1.0,0.0,6.0,0.0,6.0,112.94,1.0
58.0,3971.0,1.0,1.0,0.0,48.0,0.0,12.0,273.89,1.0
59.0,3971.0,1.0,1.0,0.0,22.0,0.0,12.0,29.22,1.0
59.0,3971.0,1.0,1.0,0.0,6.0,0.0,6.0,166.89,1.0
60.0,3971.0,1.0,1.0,0.0,22.0,0.0,12.0,396.42,1.0
60.0,3971.0,1.0,1.0,0.0,41.0,0.0,19.0,245.18,1.0
62.0,3971.0,1.0,1.0,0.0,30.0,0.0,16.0,118.19,1.0
63.0,3971.0,1.0,1.0,0.0,20.0,0.0,13.0,201.74,1.0
64.0,3971.0,1.0,1.0,0.0,12.0,0.0,13.0,133.2,0.0
63.0,3971.0,1.0,1.0,0.0,6.0,0.0,6.0,275.16,1.0
64.0,3971.0,1.0,1.0,0.0,20.0,0.0,13.0,54.94,0.0
64.0,3971.0,1.0,1.0,0.0,35.0,0.0,18.0,1368.72,1.0
64.0,3971.0,1.0,1.0,0.0,20.0,0.0,13.0,25.32,1.0
66.0,3971.0,1.0,1.0,0.0,17.0,0.0,9.0,986.56,1.0
66.0,3971.0,1.0,1.0,0.0,20.0,0.0,13.0,79.22,1.0
67.0,3971.0,1.0,1.0,0.0,22.0,0.0,12.0,334.54,1.0
70.0,3971.0,1.0,1.0,0.0,9.0,0.0,10.0,69.55,0.0
69.0,3971.0,1.0,1.0,0.0,19.0,0.0,9.0,389.74,1.0
70.0,3971.0,1.0,1.0,0.0,13.0,0.0,14.0,355.02,1.0
70.0,3971.0,1.0,1.0,0.0,22.0,0.0,12.0,41.35,1.0
70.0,3971.0,1.0,1.0,0.0,22.0,0.0,12.0,319.62,1.0
70.0,3971.0,1.0,1.0,0.0,6.0,0.0,6.0,267.01,1.0
71.0,3971.0,1.0,1.0,0.0,22.0,0.0,12.0,269.02,1.0
71.0,3971.0,1.0,1.0,0.0,25.0,0.0,15.0,230.7,1.0
71.0,3971.0,1.0,1.0,0.0,35.0,0.0,18.0,4375.65,1.0
71.0,3971.0,1.0,1.0,0.0,0.0,0.0,5.0,72.93,0.0
71.0,3971.0,1.0,1.0,0.0,22.0,0.0,12.0,554.02,1.0
72.0,3971.0,1.0,1.0,0.0,6.0,0.0,6.0,52.53,1.0
72.0,3971.0,1.0,1.0,0.0,0.0,0.0,5.0,29.63,0.0
73.0,3971.0,1.0,1.0,0.0,0.0,0.0,5.0,58.54,0.0
74.0,3971.0,1.0,1.0,0.0,0.0,0.0,5.0,16.55,0.0
75.0,3971.0,1.0,1.0,0.0,35.0,0.0,18.0,5235.07,1.0
75.0,3971.0,1.0,1.0,0.0,0.0,0.0,5.0,42.3,0.0
75.0,3971.0,1.0,1.0,0.0,6.0,0.0,6.0,222.37,1.0
75.0,3971.0,1.0,1.0,0.0,22.0,0.0,12.0,114.02,1.0
76.0,3971.0,1.0,1.0,0.0,36.0,0.0,15.0,79.95,0.0
76.0,3971.0,1.0,1.0,0.0,20.0,0.0,13.0,269.71,1.0
77.0,3971.0,1.0,1.0,0.0,0.0,0.0,5.0,16.26,0.0
77.0,3971.0,1.0,1.0,0.0,1.0,0.0,5.0,3.48,0.0
78.0,3971.0,1.0,1.0,0.0,16.0,0.0,16.0,25.57,1.0
78.0,3971.0,1.0,1.0,0.0,1.0,0.0,5.0,11.63,0.0
79.0,3971.0,1.0,1.0,0.0,1.0,0.0,5.0,2.84,0.0
80.0,3971.0,1.0,1.0,0.0,1.0,0.0,5.0,16.29,0.0
81.0,3971.0,1.0,1.0,0.0,1.0,0.0,5.0,53.29,0.0
81.0,3971.0,1.0,1.0,0.0,22.0,0.0,12.0,726.36,1.0
81.0,3971.0,1.0,1.0,0.0,6.0,0.0,6.0,168.06,1.0
82.0,3971.0,1.0,1.0,0.0,1.0,0.0,5.0,46.42,0.0
82.0,3971.0,1.0,1.0,0.0,6.0,0.0,6.0,96.05,1.0
83.0,3971.0,1.0,1.0,0.0,22.0,0.0,12.0,576.5,1.0
83.0,3971.0,1.0,1.0,0.0,1.0,0.0,5.0,13.76,0.0
84.0,3971.0,1.0,1.0,0.0,1.0,0.0,5.0,62.01,0.0
86.0,3971.0,1.0,1.0,0.0,1.0,0.0,5.0,11.66,0.0
87.0,3971.0,1.0,1.0,0.0,1.0,0.0,5.0,7.85,0.0
87.0,3971.0,1.0,1.0,0.0,22.0,0.0,12.0,356.26,1.0
88.0,3971.0,1.0,1.0,0.0,1.0,0.0,5.0,30.53,0.0
87.0,3971.0,1.0,1.0,0.0,26.0,0.0,12.0,208.63,1.0
89.0,3971.0,1.0,1.0,0.0,1.0,0.0,5.0,3.01,0.0
90.0,3971.0,1.0,1.0,0.0,1.0,0.0,5.0,5.76,0.0
91.0,3971.0,1.0,1.0,0.0,1.0,0.0,5.0,21.69,0.0
91.0,3971.0,1.0,1.0,0.0,22.0,0.0,12.0,3.96,1.0
92.0,3971.0,1.0,1.0,0.0,1.0,0.0,5.0,0.22,0.0
92.0,3971.0,1.0,1.0,0.0,22.0,0.0,12.0,508.92,1.0
93.0,3971.0,1.0,1.0,0.0,6.0,0.0,6.0,542.83,1.0
93.0,3971.0,1.0,1.0,0.0,1.0,0.0,5.0,53.67,0.0
93.0,3971.0,1.0,1.0,0.0,17.0,0.0,9.0,126.39,1.0
94.0,3971.0,1.0,1.0,0.0,1.0,0.0,5.0,33.2,0.0
95.0,3971.0,1.0,1.0,0.0,17.0,0.0,9.0,43.46,1.0
95.0,3971.0,1.0,1.0,0.0,1.0,0.0,5.0,18.47,0.0
96.0,3971.0,1.0,1.0,0.0,18.0,0.0,9.0,164.33,1.0
96.0,3971.0,1.0,1.0,0.0,1.0,0.0,5.0,68.98,0.0
97.0,3971.0,1.0,1.0,0.0,22.0,0.0,12.0,578.24,1.0
97.0,3971.0,1.0,1.0,0.0,1.0,0.0,5.0,60.02,0.0
98.0,3971.0,1.0,1.0,0.0,27.0,0.0,12.0,133.36,1.0
98.0,3971.0,1.0,1.0,0.0,1.0,0.0,5.0,16.06,0.0
99.0,3971.0,1.0,1.0,0.0,1.0,0.0,5.0,23.37,0.0
99.0,3971.0,1.0,1.0,0.0,16.0,0.0,16.0,277.78,1.0
100.0,3971.0,1.0,1.0,0.0,1.0,0.0,5.0,7.63,0.0
101.0,3971.0,1.0,1.0,0.0,1.0,0.0,5.0,13.77,0.0
102.0,3971.0,1.0,1.0,0.0,4.0,0.0,6.0,20.91,0.0
103.0,3971.0,1.0,1.0,0.0,20.0,0.0,13.0,27.55,1.0
103.0,3971.0,1.0,1.0,0.0,1.0,0.0,5.0,8.3,0.0
103.0,3971.0,1.0,1.0,0.0,6.0,0.0,6.0,317.67,1.0
104.0,3971.0,1.0,1.0,0.0,1.0,0.0,5.0,21.14,0.0
104.0,3971.0,1.0,1.0,0.0,16.0,0.0,16.0,365.6,1.0
105.0,3971.0,1.0,1.0,0.0,1.0,0.0,5.0,26.55,0.0
104.0,3971.0,1.0,1.0,0.0,22.0,0.0,12.0,190.47,1.0
106.0,3971.0,1.0,1.0,0.0,1.0,0.0,5.0,39.8,0.0
106.0,3971.0,1.0,1.0,0.0,20.0,0.0,13.0,130.97,1.0
106.0,3971.0,1.0,1.0,0.0,18.0,0.0,9.0,565.59,1.0
107.0,3971.0,1.0,1.0,0.0,6.0,0.0,6.0,660.46,1.0
107.0,3971.0,1.0,1.0,0.0,16.0,0.0,16.0,588.44,1.0
107.0,3971.0,1.0,1.0,0.0,10.0,0.0,11.0,124.07,0.0
107.0,3971.0,1.0,1.0,0.0,35.0,0.0,18.0,1557.41,1.0
108.0,3971.0,1.0,1.0,0.0,17.0,0.0,9.0,964.34,1.0
108.0,3971.0,1.0,1.0,0.0,1.0,0.0,5.0,30.97,0.0
109.0,3971.0,1.0,1.0,0.0,35.0,0.0,18.0,4627.78,1.0
109.0,3971.0,1.0,1.0,0.0,5.0,0.0,8.0,1.37,0.0
110.0,3971.0,1.0,1.0,0.0,1.0,0.0,5.0,41.53,0.0
111.0,3971.0,1.0,1.0,0.0,1.0,0.0,5.0,40.35,0.0
111.0,3971.0,1.0,1.0,0.0,30.0,0.0,16.0,419.73,1.0
112.0,3971.0,1.0,1.0,0.0,1.0,0.0,5.0,12.1,0.0
112.0,3971.0,1.0,1.0,0.0,25.0,0.0,15.0,56.03,1.0
113.0,3971.0,1.0,1.0,0.0,1.0,0.0,5.0,63.22,0.0
114.0,3971.0,1.0,1.0,0.0,22.0,0.0,12.0,166.08,1.0
114.0,3971.0,1.0,1.0,0.0,1.0,0.0,5.0,14.93,0.0
115.0,3971.0,1.0,1.0,0.0,26.0,0.0,12.0,99.82,1.0
115.0,3971.0,1.0,1.0,0.0,1.0,0.0,5.0,62.24,0.0
116.0,3971.0,1.0,1.0,0.0,1.0,0.0,5.0,19.53,0.0
117.0,3971.0,1.0,1.0,0.0,22.0,0.0,12.0,605.73,1.0
119.0,3971.0,1.0,1.0,0.0,1.0,0.0,5.0,19.31,0.0
118.0,3971.0,1.0,1.0,0.0,35.0,0.0,18.0,6405.95,1.0
120.0,3971.0,1.0,1.0,0.0,1.0,0.0,5.0,10.66,0.0
123.0,3971.0,1.0,1.0,0.0,1.0,0.0,5.0,1.7,0.0
124.0,3971.0,1.0,1.0,0.0,1.0,0.0,5.0,9.78,0.0
124.0,3971.0,1.0,1.0,0.0,22.0,0.0,12.0,269.78,1.0
125.0,3971.0,1.0,1.0,0.0,5.0,0.0,8.0,40.68,0.0
126.0,3971.0,1.0,1.0,0.0,1.0,0.0,5.0,12.48,0.0
127.0,3971.0,1.0,1.0,0.0,14.0,0.0,15.0,20.71,0.0
127.0,3971.0,1.0,1.0,0.0,6.0,0.0,6.0,346.66,1.0
128.0,3971.0,1.0,1.0,0.0,1.0,0.0,5.0,58.64,0.0
128.0,3971.0,1.0,1.0,0.0,6.0,0.0,6.0,662.6,1.0
129.0,3971.0,1.0,1.0,0.0,43.0,0.0,9.0,15.41,0.0
130.0,3971.0,1.0,1.0,0.0,0.0,0.0,5.0,38.48,0.0
130.0,3971.0,1.0,1.0,0.0,1.0,0.0,5.0,19.66,0.0
131.0,3971.0,1.0,1.0,0.0,6.0,0.0,6.0,687.39,1.0
131.0,3971.0,1.0,1.0,0.0,1.0,0.0,5.0,12.84,0.0
132.0,3971.0,1.0,1.0,0.0,6.0,0.0,6.0,7.57,1.0
132.0,3971.0,1.0,1.0,0.0,1.0,0.0,5.0,26.96,0.0
133.0,3971.0,1.0,1.0,0.0,6.0,0.0,6.0,570.63,1.0
134.0,3971.0,1.0,1.0,0.0,1.0,0.0,5.0,31.3,0.0
135.0,3971.0,1.0,1.0,0.0,6.0,0.0,6.0,338.52,1.0
135.0,3971.0,1.0,1.0,0.0,1.0,0.0,5.0,36.67,0.0
136.0,3971.0,1.0,1.0,0.0,9.0,0.0,10.0,57.08,1.0
136.0,3971.0,1.0,1.0,0.0,1.0,0.0,5.0,71.21,0.0
137.0,3971.0,1.0,1.0,0.0,1.0,0.0,5.0,19.63,0.0
137.0,3971.0,1.0,1.0,0.0,11.0,0.0,12.0,38.07,1.0
138.0,3971.0,1.0,1.0,0.0,28.0,0.0,13.0,10.43,0.0
139.0,3971.0,1.0,1.0,0.0,0.0,0.0,5.0,26.93,0.0
140.0,3971.0,1.0,1.0,0.0,1.0,0.0,5.0,34.07,0.0
141.0,3971.0,1.0,1.0,0.0,1.0,0.0,5.0,15.35,0.0
141.0,3971.0,1.0,1.0,0.0,22.0,0.0,12.0,655.15,1.0
142.0,3971.0,1.0,1.0,0.0,5.0,0.0,8.0,23.75,0.0
143.0,3971.0,1.0,1.0,0.0,1.0,0.0,5.0,41.07,0.0
144.0,3971.0,1.0,1.0,0.0,1.0,0.0,5.0,47.9,0.0
145.0,3971.0,1.0,1.0,0.0,6.0,0.0,6.0,633.75,1.0
145.0,3971.0,1.0,1.0,0.0,1.0,0.0,5.0,12.65,0.0
146.0,3971.0,1.0,1.0,0.0,5.0,0.0,8.0,5.61,0.0
147.0,3971.0,1.0,1.0,0.0,22.0,0.0,12.0,260.6,1.0
147.0,3971.0,1.0,1.0,0.0,1.0,0.0,5.0,47.77,0.0
148.0,3971.0,1.0,1.0,0.0,1.0,0.0,5.0,25.95,0.0
151.0,3971.0,1.0,1.0,0.0,1.0,0.0,5.0,37.55,0.0
152.0,3971.0,1.0,1.0,0.0,1.0,0.0,5.0,31.84,0.0
153.0,3971.0,1.0,1.0,0.0,19.0,0.0,9.0,363.29,1.0
153.0,3971.0,1.0,1.0,0.0,1.0,0.0,5.0,27.08,0.0
154.0,3971.0,1.0,1.0,0.0,1.0,0.0,5.0,14.84,0.0
155.0,3971.0,1.0,1.0,0.0,1.0,0.0,5.0,10.63,0.0
155.0,3971.0,1.0,1.0,0.0,22.0,0.0,12.0,243.96,1.0
156.0,3971.0,1.0,1.0,0.0,1.0,0.0,5.0,13.31,0.0
156.0,3971.0,1.0,1.0,0.0,38.0,0.0,19.0,325.5,1.0
157.0,3971.0,1.0,1.0,0.0,1.0,0.0,5.0,24.46,0.0
157.0,3971.0,1.0,1.0,0.0,3.0,0.0,7.0,892.21,1.0
160.0,3971.0,1.0,1.0,0.0,1.0,0.0,5.0,21.67,0.0
160.0,3971.0,1.0,1.0,0.0,13.0,0.0,14.0,55.57,1.0
161.0,3971.0,1.0,1.0,0.0,1.0,0.0,5.0,64.13,0.0
161.0,3971.0,1.0,1.0,0.0,26.0,0.0,12.0,468.21,1.0
162.0,3971.0,1.0,1.0,0.0,1.0,0.0,5.0,32.81,0.0
163.0,3971.0,1.0,1.0,0.0,6.0,0.0,6.0,42.47,1.0
163.0,3971.0,1.0,1.0,0.0,1.0,0.0,5.0,14.57,0.0
164.0,3971.0,1.0,1.0,0.0,1.0,0.0,5.0,10.72,0.0
165.0,3971.0,1.0,1.0,0.0,1.0,0.0,5.0,37.27,0.0
166.0,3971.0,1.0,1.0,0.0,1.0,0.0,5.0,30.13,0.0
166.0,3971.0,1.0,1.0,0.0,3.0,0.0,7.0,72.62,1.0
167.0,3971.0,1.0,1.0,0.0,1.0,0.0,5.0,29.86,0.0
167.0,3971.0,1.0,1.0,0.0,20.0,0.0,13.0,46.16,1.0
168.0,3971.0,1.0,1.0,0.0,1.0,0.0,5.0,0.3,0.0
169.0,3971.0,1.0,1.0,0.0,1.0,0.0,5.0,15.38,0.0
170.0,3971.0,1.0,1.0,0.0,1.0,0.0,5.0,48.66,0.0
171.0,3971.0,1.0,1.0,0.0,12.0,0.0,13.0,202.6,1.0
171.0,3971.0,1.0,1.0,0.0,1.0,0.0,5.0,3.78,0.0
172.0,3971.0,1.0,1.0,0.0,12.0,0.0,13.0,204.42,1.0
172.0,3971.0,1.0,1.0,0.0,1.0,0.0,5.0,28.26,0.0
173.0,3971.0,1.0,1.0,0.0,1.0,0.0,5.0,4.72,0.0
173.0,3971.0,1.0,1.0,0.0,6.0,0.0,6.0,313.13,1.0
174.0,3971.0,1.0,1.0,0.0,1.0,0.0,5.0,44.35,0.0
175.0,3971.0,1.0,1.0,0.0,10.0,0.0,11.0,397.2,1.0
175.0,3971.0,1.0,1.0,0.0,1.0,0.0,5.0,39.96,0.0
176.0,3971.0,1.0,1.0,0.0,1.0,0.0,5.0,26.09,0.0
177.0,3971.0,1.0,1.0,0.0,1.0,0.0,5.0,22.92,0.0
177.0,3971.0,1.0,1.0,0.0,18.0,0.0,9.0,199.17,1.0
178.0,3971.0,1.0,1.0,0.0,1.0,0.0,5.0,27.49,0.0
179.0,3971.0,1.0,1.0,0.0,1.0,0.0,5.0,15.12,0.0
122.0,3973.0,2.0,1.0,0.0,0.0,0.0,5.0,45.59,0.0
123.0,3973.0,2.0,1.0,0.0,0.0,0.0,5.0,3.57,0.0
123.0,3973.0,2.0,1.0,0.0,22.0,0.0,12.0,173.28,1.0
124.0,3973.0,2.0,1.0,0.0,0.0,0.0,5.0,50.27,0.0
125.0,3973.0,2.0,1.0,0.0,0.0,0.0,5.0,38.55,0.0
31.0,3975.0,4.0,0.0,0.0,38.0,0.0,19.0,454.94,1.0
43.0,3975.0,4.0,0.0,0.0,18.0,0.0,9.0,243.98,0.0
38.0,3975.0,4.0,0.0,0.0,13.0,0.0,14.0,477.46,1.0
51.0,3975.0,4.0,0.0,0.0,27.0,0.0,12.0,291.62,1.0
57.0,3975.0,4.0,0.0,0.0,22.0,0.0,12.0,98.67,1.0
76.0,3975.0,4.0,0.0,0.0,12.0,0.0,13.0,45.51,0.0
62.0,3975.0,4.0,0.0,0.0,6.0,0.0,6.0,36.69,1.0
78.0,3975.0,4.0,0.0,0.0,11.0,0.0,12.0,57.6,0.0
83.0,3975.0,4.0,0.0,0.0,22.0,0.0,12.0,1038.25,1.0
88.0,3975.0,4.0,0.0,0.0,3.0,0.0,7.0,241.39,1.0
96.0,3975.0,4.0,0.0,0.0,11.0,0.0,12.0,52.26,0.0
89.0,3975.0,4.0,0.0,0.0,38.0,0.0,19.0,302.26,1.0
96.0,3975.0,4.0,0.0,0.0,26.0,0.0,12.0,31.65,0.0
100.0,3975.0,4.0,0.0,0.0,2.0,0.0,6.0,176.76,0.0
108.0,3975.0,4.0,0.0,0.0,6.0,0.0,6.0,0.65,0.0
126.0,3975.0,4.0,0.0,0.0,26.0,0.0,12.0,281.7,1.0
132.0,3975.0,4.0,0.0,0.0,6.0,0.0,6.0,66.8,0.0
128.0,3975.0,4.0,0.0,0.0,6.0,0.0,6.0,256.82,1.0
132.0,3975.0,4.0,0.0,0.0,2.0,0.0,6.0,140.52,0.0
136.0,3975.0,4.0,0.0,0.0,6.0,0.0,6.0,139.93,1.0
145.0,3975.0,4.0,0.0,0.0,38.0,0.0,19.0,308.29,1.0
146.0,3975.0,4.0,0.0,0.0,35.0,0.0,18.0,2622.34,1.0
153.0,3975.0,4.0,0.0,0.0,6.0,0.0,6.0,42.59,1.0
159.0,3975.0,4.0,0.0,0.0,6.0,0.0,6.0,908.34,1.0
170.0,3975.0,4.0,0.0,0.0,35.0,0.0,18.0,1219.86,1.0
78.0,3978.0,2.0,1.0,0.0,7.0,0.0,6.0,309.37,0.0
87.0,3978.0,2.0,1.0,0.0,25.0,0.0,15.0,61.85,0.0
129.0,3978.0,2.0,1.0,0.0,25.0,0.0,15.0,289.22,1.0
144.0,3978.0,2.0,1.0,0.0,22.0,0.0,12.0,51.09,0.0
162.0,3978.0,2.0,1.0,0.0,22.0,0.0,12.0,74.39,0.0
162.0,3978.0,2.0,1.0,0.0,48.0,0.0,12.0,47.47,0.0
163.0,3978.0,2.0,1.0,0.0,25.0,0.0,15.0,111.33,0.0
169.0,3978.0,2.0,1.0,0.0,27.0,0.0,12.0,188.6,1.0
172.0,3978.0,2.0,1.0,0.0,16.0,0.0,16.0,93.98,1.0
175.0,3978.0,2.0,1.0,0.0,6.0,0.0,6.0,10.21,0.0
174.0,3978.0,2.0,1.0,0.0,30.0,0.0,16.0,359.27,1.0
175.0,3978.0,2.0,1.0,0.0,7.0,0.0,6.0,9.11,0.0
79.0,3979.0,1.0,1.0,0.0,1.0,0.0,5.0,19.76,0.0
80.0,3979.0,1.0,1.0,0.0,1.0,0.0,5.0,33.39,0.0
80.0,3979.0,1.0,1.0,0.0,22.0,0.0,12.0,109.75,1.0
81.0,3979.0,1.0,1.0,0.0,5.0,0.0,8.0,21.04,0.0
82.0,3979.0,1.0,1.0,0.0,5.0,0.0,8.0,42.42,0.0
122.0,3979.0,1.0,1.0,0.0,0.0,0.0,5.0,16.03,0.0
123.0,3979.0,1.0,1.0,0.0,0.0,0.0,5.0,12.15,0.0
124.0,3979.0,1.0,1.0,0.0,35.0,0.0,18.0,1580.93,1.0
124.0,3979.0,1.0,1.0,0.0,0.0,0.0,5.0,52.28,0.0
125.0,3979.0,1.0,1.0,0.0,0.0,0.0,5.0,18.82,0.0
50.0,3980.0,1.0,1.0,0.0,0.0,0.0,5.0,3.52,0.0
51.0,3980.0,1.0,1.0,0.0,37.0,0.0,16.0,148.59,0.0
52.0,3980.0,1.0,1.0,0.0,27.0,0.0,12.0,655.06,1.0
52.0,3980.0,1.0,1.0,0.0,0.0,0.0,5.0,73.48,0.0
52.0,3980.0,1.0,1.0,0.0,1.0,0.0,5.0,34.45,0.0
57.0,3980.0,1.0,1.0,0.0,1.0,0.0,5.0,53.14,0.0
58.0,3980.0,1.0,1.0,0.0,1.0,0.0,5.0,25.44,0.0
59.0,3980.0,1.0,1.0,0.0,22.0,0.0,12.0,542.44,1.0
59.0,3980.0,1.0,1.0,0.0,1.0,0.0,5.0,36.92,0.0
60.0,3980.0,1.0,1.0,0.0,1.0,0.0,5.0,9.16,0.0
64.0,3980.0,1.0,1.0,0.0,1.0,0.0,5.0,23.47,0.0
65.0,3980.0,1.0,1.0,0.0,5.0,0.0,8.0,48.64,0.0
65.0,3980.0,1.0,1.0,0.0,13.0,0.0,14.0,171.8,1.0
66.0,3980.0,1.0,1.0,0.0,1.0,0.0,5.0,36.9,0.0
67.0,3980.0,1.0,1.0,0.0,14.0,0.0,15.0,94.7,0.0
80.0,3980.0,1.0,1.0,0.0,1.0,0.0,5.0,10.21,0.0
81.0,3980.0,1.0,1.0,0.0,1.0,0.0,5.0,6.19,0.0
82.0,3980.0,1.0,1.0,0.0,22.0,0.0,12.0,296.61,1.0
82.0,3980.0,1.0,1.0,0.0,1.0,0.0,5.0,8.66,0.0
83.0,3980.0,1.0,1.0,0.0,5.0,0.0,8.0,15.37,0.0
85.0,3980.0,1.0,1.0,0.0,5.0,0.0,8.0,81.88,0.0
86.0,3980.0,1.0,1.0,0.0,1.0,0.0,5.0,20.91,0.0
86.0,3980.0,1.0,1.0,0.0,22.0,0.0,12.0,409.15,1.0
87.0,3980.0,1.0,1.0,0.0,1.0,0.0,5.0,6.2,0.0
88.0,3980.0,1.0,1.0,0.0,1.0,0.0,5.0,25.98,0.0
142.0,3980.0,1.0,1.0,0.0,1.0,0.0,5.0,40.23,0.0
143.0,3980.0,1.0,1.0,0.0,1.0,0.0,5.0,26.86,0.0
143.0,3980.0,1.0,1.0,0.0,35.0,0.0,18.0,3281.18,1.0
144.0,3980.0,1.0,1.0,0.0,1.0,0.0,5.0,49.35,0.0
145.0,3980.0,1.0,1.0,0.0,1.0,0.0,5.0,48.41,0.0
32.0,3982.0,2.0,0.0,0.0,3.0,0.0,7.0,105.68,0.0
35.0,3982.0,2.0,0.0,0.0,18.0,0.0,9.0,49.53,0.0
43.0,3982.0,2.0,0.0,0.0,6.0,0.0,6.0,855.66,1.0
45.0,3982.0,2.0,0.0,0.0,12.0,0.0,13.0,65.86,0.0
74.0,3982.0,2.0,0.0,0.0,16.0,0.0,16.0,12.46,0.0
88.0,3982.0,2.0,0.0,0.0,1.0,0.0,5.0,14.67,0.0
89.0,3982.0,2.0,0.0,0.0,1.0,0.0,5.0,57.24,0.0
89.0,3982.0,2.0,0.0,0.0,35.0,0.0,18.0,719.93,1.0
90.0,3982.0,2.0,0.0,0.0,1.0,0.0,5.0,61.71,0.0
91.0,3982.0,2.0,0.0,0.0,1.0,0.0,5.0,16.06,0.0
133.0,3982.0,2.0,0.0,0.0,1.0,0.0,5.0,33.12,0.0
134.0,3982.0,2.0,0.0,0.0,5.0,0.0,8.0,62.75,0.0
134.0,3982.0,2.0,0.0,0.0,15.0,0.0,13.0,381.39,1.0
135.0,3982.0,2.0,0.0,0.0,1.0,0.0,5.0,38.41,0.0
136.0,3982.0,2.0,0.0,0.0,1.0,0.0,5.0,35.46,0.0
32.0,3983.0,1.0,0.0,0.0,6.0,0.0,6.0,557.4,1.0
41.0,3983.0,1.0,0.0,0.0,9.0,0.0,10.0,30.73,0.0
42.0,3983.0,1.0,0.0,0.0,0.0,0.0,5.0,25.68,0.0
92.0,3983.0,1.0,0.0,0.0,27.0,0.0,12.0,197.26,0.0
93.0,3983.0,1.0,0.0,0.0,0.0,0.0,5.0,19.29,0.0
94.0,3983.0,1.0,0.0,0.0,17.0,0.0,9.0,396.02,1.0
94.0,3983.0,1.0,0.0,0.0,0.0,0.0,5.0,21.64,0.0
95.0,3983.0,1.0,0.0,0.0,0.0,0.0,5.0,16.4,0.0
32.0,3985.0,4.0,1.0,0.0,6.0,0.0,6.0,89.83,0.0
51.0,3985.0,4.0,1.0,0.0,22.0,0.0,12.0,71.73,1.0
74.0,3985.0,4.0,1.0,0.0,12.0,0.0,13.0,105.99,0.0
94.0,3985.0,4.0,1.0,0.0,3.0,0.0,7.0,127.16,0.0
155.0,3985.0,4.0,1.0,0.0,0.0,0.0,5.0,13.05,0.0
156.0,3985.0,4.0,1.0,0.0,0.0,0.0,5.0,23.48,0.0
156.0,3985.0,4.0,1.0,0.0,26.0,0.0,12.0,178.45,1.0
157.0,3985.0,4.0,1.0,0.0,0.0,0.0,5.0,1.85,0.0
158.0,3985.0,4.0,1.0,0.0,0.0,0.0,5.0,46.46,0.0
32.0,3987.0,0.0,1.0,0.0,30.0,0.0,16.0,952.31,1.0
43.0,3987.0,0.0,1.0,0.0,19.0,0.0,9.0,142.25,0.0
57.0,3987.0,0.0,1.0,0.0,9.0,0.0,10.0,13.21,0.0
79.0,3987.0,0.0,1.0,0.0,0.0,0.0,5.0,0.64,0.0
80.0,3987.0,0.0,1.0,0.0,0.0,0.0,5.0,41.85,0.0
80.0,3987.0,0.0,1.0,0.0,22.0,0.0,12.0,641.54,1.0
81.0,3987.0,0.0,1.0,0.0,0.0,0.0,5.0,48.69,0.0
82.0,3987.0,0.0,1.0,0.0,0.0,0.0,5.0,16.21,0.0
83.0,3987.0,0.0,1.0,0.0,15.0,0.0,13.0,146.18,1.0
83.0,3987.0,0.0,1.0,0.0,0.0,0.0,5.0,15.45,0.0
84.0,3987.0,0.0,1.0,0.0,0.0,0.0,5.0,46.53,0.0
151.0,3987.0,0.0,1.0,0.0,1.0,0.0,5.0,6.9,0.0
152.0,3987.0,0.0,1.0,0.0,1.0,0.0,5.0,38.24,0.0
152.0,3987.0,0.0,1.0,0.0,22.0,0.0,12.0,315.18,1.0
153.0,3987.0,0.0,1.0,0.0,5.0,0.0,8.0,85.12,0.0
154.0,3987.0,0.0,1.0,0.0,1.0,0.0,5.0,34.15,0.0
171.0,3987.0,0.0,1.0,0.0,1.0,0.0,5.0,2.82,0.0
172.0,3987.0,0.0,1.0,0.0,1.0,0.0,5.0,19.43,0.0
172.0,3987.0,0.0,1.0,0.0,22.0,0.0,12.0,250.1,1.0
173.0,3987.0,0.0,1.0,0.0,1.0,0.0,5.0,35.28,0.0
174.0,3987.0,0.0,1.0,0.0,1.0,0.0,5.0,10.22,0.0
149.0,3990.0,1.0,0.0,0.0,1.0,0.0,5.0,8.43,0.0
150.0,3990.0,1.0,0.0,0.0,1.0,0.0,5.0,36.6,0.0
150.0,3990.0,1.0,0.0,0.0,6.0,0.0,6.0,198.0,1.0
152.0,3990.0,1.0,0.0,0.0,1.0,0.0,5.0,9.82,0.0
153.0,3990.0,1.0,0.0,0.0,1.0,0.0,5.0,4.22,0.0
156.0,3990.0,1.0,0.0,0.0,1.0,0.0,5.0,15.99,0.0
157.0,3990.0,1.0,0.0,0.0,1.0,0.0,5.0,37.36,0.0
157.0,3990.0,1.0,0.0,0.0,10.0,0.0,11.0,291.46,1.0
158.0,3990.0,1.0,0.0,0.0,1.0,0.0,5.0,42.36,0.0
159.0,3990.0,1.0,0.0,0.0,1.0,0.0,5.0,35.03,0.0
109.0,3993.0,0.0,1.0,0.0,0.0,0.0,5.0,31.92,0.0
110.0,3993.0,0.0,1.0,0.0,0.0,0.0,5.0,9.55,0.0
111.0,3993.0,0.0,1.0,0.0,10.0,0.0,11.0,851.65,1.0
111.0,3993.0,0.0,1.0,0.0,0.0,0.0,5.0,8.88,0.0
112.0,3993.0,0.0,1.0,0.0,0.0,0.0,5.0,7.46,0.0
102.0,3994.0,3.0,1.0,0.0,0.0,0.0,5.0,9.22,0.0
103.0,3994.0,3.0,1.0,0.0,0.0,0.0,5.0,30.67,0.0
103.0,3994.0,3.0,1.0,0.0,13.0,0.0,14.0,101.43,1.0
104.0,3994.0,3.0,1.0,0.0,0.0,0.0,5.0,32.83,0.0
105.0,3994.0,3.0,1.0,0.0,9.0,0.0,10.0,83.19,0.0
50.0,3995.0,0.0,0.0,0.0,0.0,0.0,5.0,0.16,0.0
51.0,3995.0,0.0,0.0,0.0,0.0,0.0,5.0,51.17,0.0
51.0,3995.0,0.0,0.0,0.0,20.0,0.0,13.0,247.14,1.0
52.0,3995.0,0.0,0.0,0.0,0.0,0.0,5.0,3.03,0.0
53.0,3995.0,0.0,0.0,0.0,0.0,0.0,5.0,31.97,0.0
109.0,3995.0,0.0,0.0,0.0,1.0,0.0,5.0,17.48,0.0
110.0,3995.0,0.0,0.0,0.0,1.0,0.0,5.0,12.0,0.0
110.0,3995.0,0.0,0.0,0.0,25.0,0.0,15.0,264.99,1.0
112.0,3995.0,0.0,0.0,0.0,1.0,0.0,5.0,44.36,0.0
113.0,3995.0,0.0,0.0,0.0,1.0,0.0,5.0,4.59,0.0
141.0,3995.0,0.0,0.0,0.0,0.0,0.0,5.0,2.27,0.0
142.0,3995.0,0.0,0.0,0.0,0.0,0.0,5.0,34.29,0.0
143.0,3995.0,0.0,0.0,0.0,11.0,0.0,12.0,706.83,1.0
143.0,3995.0,0.0,0.0,0.0,0.0,0.0,5.0,20.9,0.0
144.0,3995.0,0.0,0.0,0.0,0.0,0.0,5.0,5.43,0.0
177.0,3995.0,0.0,0.0,0.0,1.0,0.0,5.0,21.79,0.0
178.0,3995.0,0.0,0.0,0.0,1.0,0.0,5.0,5.43,0.0
179.0,3995.0,0.0,0.0,0.0,38.0,0.0,19.0,483.1,1.0
179.0,3995.0,0.0,0.0,0.0,14.0,0.0,15.0,42.49,0.0
39.0,3999.0,1.0,0.0,0.0,6.0,0.0,6.0,29.75,0.0
39.0,3999.0,1.0,0.0,0.0,2.0,0.0,6.0,208.04,0.0
39.0,3999.0,1.0,0.0,0.0,35.0,0.0,18.0,2590.21,1.0
61.0,3999.0,1.0,0.0,0.0,8.0,0.0,9.0,67.69,0.0
115.0,3999.0,1.0,0.0,0.0,7.0,0.0,6.0,297.3,0.0
117.0,3999.0,1.0,0.0,0.0,22.0,0.0,12.0,567.14,1.0
119.0,3999.0,1.0,0.0,0.0,7.0,0.0,6.0,135.44,0.0
126.0,3999.0,1.0,0.0,0.0,20.0,0.0,13.0,11.35,0.0
34.0,4000.0,4.0,1.0,0.0,6.0,0.0,6.0,111.3,1.0
47.0,4000.0,4.0,1.0,0.0,17.0,0.0,9.0,125.45,0.0
41.0,4000.0,4.0,1.0,0.0,6.0,0.0,6.0,639.55,1.0
57.0,4000.0,4.0,1.0,0.0,30.0,0.0,16.0,206.27,0.0
64.0,4000.0,4.0,1.0,0.0,16.0,0.0,16.0,1119.3,1.0
70.0,4000.0,4.0,1.0,0.0,9.0,0.0,10.0,35.93,0.0
71.0,4000.0,4.0,1.0,0.0,0.0,0.0,5.0,36.68,0.0
87.0,4000.0,4.0,1.0,0.0,0.0,0.0,5.0,15.48,0.0
88.0,4000.0,4.0,1.0,0.0,0.0,0.0,5.0,3.13,0.0
88.0,4000.0,4.0,1.0,0.0,6.0,0.0,6.0,521.96,1.0
89.0,4000.0,4.0,1.0,0.0,0.0,0.0,5.0,26.09,0.0
91.0,4000.0,4.0,1.0,0.0,0.0,0.0,5.0,19.52,0.0
128.0,4000.0,4.0,1.0,0.0,0.0,0.0,5.0,32.21,0.0
129.0,4000.0,4.0,1.0,0.0,0.0,0.0,5.0,9.22,0.0
129.0,4000.0,4.0,1.0,0.0,45.0,0.0,18.0,2045.42,1.0
130.0,4000.0,4.0,1.0,0.0,0.0,0.0,5.0,32.15,0.0
131.0,4000.0,4.0,1.0,0.0,0.0,0.0,5.0,20.94,0.0
140.0,4000.0,4.0,1.0,0.0,0.0,0.0,5.0,33.86,0.0
141.0,4000.0,4.0,1.0,0.0,0.0,0.0,5.0,3.12,0.0
141.0,4000.0,4.0,1.0,0.0,22.0,0.0,12.0,339.51,1.0
142.0,4000.0,4.0,1.0,0.0,0.0,0.0,5.0,46.94,0.0
143.0,4000.0,4.0,1.0,0.0,0.0,0.0,5.0,7.97,0.0
152.0,4002.0,2.0,0.0,0.0,1.0,0.0,5.0,36.52,0.0
153.0,4002.0,2.0,0.0,0.0,1.0,0.0,5.0,43.57,0.0
153.0,4002.0,2.0,0.0,0.0,3.0,0.0,7.0,745.65,1.0
154.0,4002.0,2.0,0.0,0.0,1.0,0.0,5.0,27.4,0.0
155.0,4002.0,2.0,0.0,0.0,1.0,0.0,5.0,62.68,0.0
169.0,4002.0,2.0,0.0,0.0,42.0,0.0,6.0,380.0,0.0
170.0,4002.0,2.0,0.0,0.0,1.0,0.0,5.0,37.74,0.0
170.0,4002.0,2.0,0.0,0.0,6.0,0.0,6.0,46.08,1.0
171.0,4002.0,2.0,0.0,0.0,1.0,0.0,5.0,38.31,0.0
172.0,4002.0,2.0,0.0,0.0,1.0,0.0,5.0,40.98,0.0
78.0,4005.0,1.0,1.0,0.0,7.0,0.0,6.0,74.07,0.0
78.0,4005.0,1.0,1.0,0.0,2.0,0.0,6.0,109.2,0.0
107.0,4005.0,1.0,1.0,0.0,22.0,0.0,12.0,401.96,1.0
107.0,4005.0,1.0,1.0,0.0,12.0,0.0,13.0,29.31,0.0
107.0,4005.0,1.0,1.0,0.0,20.0,0.0,13.0,3.12,0.0
114.0,4005.0,1.0,1.0,0.0,0.0,0.0,5.0,20.07,0.0
115.0,4005.0,1.0,1.0,0.0,0.0,0.0,5.0,34.93,0.0
115.0,4005.0,1.0,1.0,0.0,10.0,0.0,11.0,105.75,1.0
116.0,4005.0,1.0,1.0,0.0,0.0,0.0,5.0,19.54,0.0
118.0,4005.0,1.0,1.0,0.0,0.0,0.0,5.0,3.39,0.0
132.0,4005.0,1.0,1.0,0.0,0.0,0.0,5.0,60.8,0.0
133.0,4005.0,1.0,1.0,0.0,0.0,0.0,5.0,9.18,0.0
135.0,4005.0,1.0,1.0,0.0,12.0,0.0,13.0,29.31,1.0
135.0,4005.0,1.0,1.0,0.0,0.0,0.0,5.0,8.61,0.0
136.0,4005.0,1.0,1.0,0.0,0.0,0.0,5.0,22.77,0.0
155.0,4005.0,1.0,1.0,0.0,1.0,0.0,5.0,42.3,0.0
156.0,4005.0,1.0,1.0,0.0,1.0,0.0,5.0,24.46,0.0
156.0,4005.0,1.0,1.0,0.0,35.0,0.0,18.0,1084.18,1.0
157.0,4005.0,1.0,1.0,0.0,1.0,0.0,5.0,15.66,0.0
158.0,4005.0,1.0,1.0,0.0,1.0,0.0,5.0,36.16,0.0
63.0,4007.0,0.0,1.0,0.0,1.0,0.0,5.0,22.54,0.0
64.0,4007.0,0.0,1.0,0.0,1.0,0.0,5.0,4.99,0.0
65.0,4007.0,0.0,1.0,0.0,6.0,0.0,6.0,504.09,1.0
65.0,4007.0,0.0,1.0,0.0,1.0,0.0,5.0,2.01,0.0
66.0,4007.0,0.0,1.0,0.0,1.0,0.0,5.0,54.54,0.0
109.0,4007.0,0.0,1.0,0.0,5.0,0.0,8.0,41.01,0.0
110.0,4007.0,0.0,1.0,0.0,1.0,0.0,5.0,40.54,0.0
110.0,4007.0,0.0,1.0,0.0,22.0,0.0,12.0,251.8,1.0
111.0,4007.0,0.0,1.0,0.0,1.0,0.0,5.0,51.93,0.0
112.0,4007.0,0.0,1.0,0.0,5.0,0.0,8.0,14.77,0.0
131.0,4007.0,0.0,1.0,0.0,42.0,0.0,6.0,121.52,0.0
132.0,4007.0,0.0,1.0,0.0,1.0,0.0,5.0,16.76,0.0
133.0,4007.0,0.0,1.0,0.0,30.0,0.0,16.0,462.78,1.0
134.0,4007.0,0.0,1.0,0.0,1.0,0.0,5.0,12.3,0.0
135.0,4007.0,0.0,1.0,0.0,1.0,0.0,5.0,14.19,0.0
34.0,4009.0,2.0,1.0,0.0,22.0,0.0,12.0,500.86,1.0
47.0,4009.0,2.0,1.0,0.0,3.0,0.0,7.0,59.41,0.0
79.0,4009.0,2.0,1.0,0.0,6.0,0.0,6.0,796.46,1.0
100.0,4009.0,2.0,1.0,0.0,4.0,0.0,6.0,24.64,0.0
101.0,4009.0,2.0,1.0,0.0,1.0,0.0,5.0,44.15,0.0
108.0,4009.0,2.0,1.0,0.0,1.0,0.0,5.0,21.16,0.0
109.0,4009.0,2.0,1.0,0.0,1.0,0.0,5.0,7.35,0.0
110.0,4009.0,2.0,1.0,0.0,22.0,0.0,12.0,558.13,1.0
110.0,4009.0,2.0,1.0,0.0,1.0,0.0,5.0,6.39,0.0
111.0,4009.0,2.0,1.0,0.0,1.0,0.0,5.0,38.94,0.0
70.0,4010.0,0.0,1.0,0.0,6.0,0.0,6.0,87.92,0.0
70.0,4010.0,0.0,1.0,0.0,7.0,0.0,6.0,221.19,0.0
85.0,4010.0,0.0,1.0,0.0,11.0,0.0,12.0,259.92,1.0
158.0,4010.0,0.0,1.0,0.0,22.0,0.0,12.0,98.98,0.0
171.0,4010.0,0.0,1.0,0.0,20.0,0.0,13.0,16.6,0.0
175.0,4010.0,0.0,1.0,0.0,6.0,0.0,6.0,532.67,1.0
153.0,4012.0,1.0,0.0,0.0,1.0,0.0,5.0,27.04,0.0
154.0,4012.0,1.0,0.0,0.0,1.0,0.0,5.0,16.98,0.0
154.0,4012.0,1.0,0.0,0.0,38.0,0.0,19.0,319.79,1.0
155.0,4012.0,1.0,0.0,0.0,1.0,0.0,5.0,8.72,0.0
156.0,4012.0,1.0,0.0,0.0,1.0,0.0,5.0,24.2,0.0
71.0,4016.0,2.0,1.0,0.0,12.0,0.0,13.0,5.72,0.0
95.0,4016.0,2.0,1.0,0.0,25.0,0.0,15.0,118.64,0.0
136.0,4016.0,2.0,1.0,0.0,22.0,0.0,12.0,389.92,1.0
154.0,4016.0,2.0,1.0,0.0,22.0,0.0,12.0,675.58,1.0
172.0,4016.0,2.0,1.0,0.0,16.0,0.0,16.0,759.36,1.0
174.0,4016.0,2.0,1.0,0.0,20.0,0.0,13.0,26.53,0.0
172.0,4016.0,2.0,1.0,0.0,9.0,0.0,10.0,161.07,1.0
175.0,4016.0,2.0,1.0,0.0,12.0,0.0,13.0,50.29,0.0
45.0,4018.0,0.0,1.0,0.0,15.0,0.0,13.0,18.91,0.0
46.0,4018.0,0.0,1.0,0.0,0.0,0.0,5.0,23.58,0.0
46.0,4018.0,0.0,1.0,0.0,17.0,0.0,9.0,86.04,1.0
48.0,4018.0,0.0,1.0,0.0,0.0,0.0,5.0,19.55,0.0
49.0,4018.0,0.0,1.0,0.0,0.0,0.0,5.0,47.02,0.0
57.0,4018.0,0.0,1.0,0.0,0.0,0.0,5.0,32.55,0.0
58.0,4018.0,0.0,1.0,0.0,0.0,0.0,5.0,30.5,0.0
59.0,4018.0,0.0,1.0,0.0,22.0,0.0,12.0,576.42,1.0
59.0,4018.0,0.0,1.0,0.0,0.0,0.0,5.0,18.94,0.0
60.0,4018.0,0.0,1.0,0.0,0.0,0.0,5.0,8.37,0.0
73.0,4018.0,0.0,1.0,0.0,0.0,0.0,5.0,16.89,0.0
74.0,4018.0,0.0,1.0,0.0,0.0,0.0,5.0,10.67,0.0
74.0,4018.0,0.0,1.0,0.0,9.0,0.0,10.0,32.97,1.0
75.0,4018.0,0.0,1.0,0.0,0.0,0.0,5.0,2.37,0.0
76.0,4018.0,0.0,1.0,0.0,0.0,0.0,5.0,8.49,0.0
99.0,4018.0,0.0,1.0,0.0,0.0,0.0,5.0,18.16,0.0
100.0,4018.0,0.0,1.0,0.0,0.0,0.0,5.0,63.55,0.0
103.0,4018.0,0.0,1.0,0.0,38.0,0.0,19.0,331.99,1.0
103.0,4018.0,0.0,1.0,0.0,0.0,0.0,5.0,33.68,0.0
104.0,4018.0,0.0,1.0,0.0,0.0,0.0,5.0,38.28,0.0
36.0,4020.0,0.0,0.0,0.0,3.0,0.0,7.0,5.51,0.0
70.0,4020.0,0.0,0.0,0.0,6.0,0.0,6.0,84.04,0.0
71.0,4020.0,0.0,0.0,0.0,6.0,0.0,6.0,141.38,1.0
74.0,4020.0,0.0,0.0,0.0,6.0,0.0,6.0,193.12,0.0
74.0,4020.0,0.0,0.0,0.0,2.0,0.0,6.0,47.63,0.0
81.0,4020.0,0.0,0.0,0.0,25.0,0.0,15.0,345.43,1.0
90.0,4020.0,0.0,0.0,0.0,13.0,0.0,14.0,10.6,0.0
91.0,4020.0,0.0,0.0,0.0,0.0,0.0,5.0,22.89,0.0
107.0,4020.0,0.0,0.0,0.0,0.0,0.0,5.0,44.2,0.0
108.0,4020.0,0.0,0.0,0.0,0.0,0.0,5.0,48.4,0.0
108.0,4020.0,0.0,0.0,0.0,6.0,0.0,6.0,779.06,1.0
109.0,4020.0,0.0,0.0,0.0,0.0,0.0,5.0,58.85,0.0
110.0,4020.0,0.0,0.0,0.0,0.0,0.0,5.0,34.98,0.0
116.0,4020.0,0.0,0.0,0.0,9.0,0.0,10.0,47.46,0.0
117.0,4020.0,0.0,0.0,0.0,0.0,0.0,5.0,55.49,0.0
118.0,4020.0,0.0,0.0,0.0,3.0,0.0,7.0,153.97,1.0
118.0,4020.0,0.0,0.0,0.0,0.0,0.0,5.0,33.89,0.0
118.0,4020.0,0.0,0.0,0.0,3.0,0.0,7.0,187.25,1.0
119.0,4020.0,0.0,0.0,0.0,0.0,0.0,5.0,34.53,0.0
120.0,4020.0,0.0,0.0,0.0,0.0,0.0,5.0,35.55,0.0
157.0,4020.0,0.0,0.0,0.0,13.0,0.0,14.0,78.04,0.0
158.0,4020.0,0.0,0.0,0.0,0.0,0.0,5.0,76.67,0.0
159.0,4020.0,0.0,0.0,0.0,19.0,0.0,9.0,876.97,1.0
159.0,4020.0,0.0,0.0,0.0,0.0,0.0,5.0,24.68,0.0
160.0,4020.0,0.0,0.0,0.0,0.0,0.0,5.0,31.3,0.0
80.0,4021.0,4.0,1.0,0.0,0.0,0.0,5.0,66.75,0.0
81.0,4021.0,4.0,1.0,0.0,0.0,0.0,5.0,13.04,0.0
82.0,4021.0,4.0,1.0,0.0,6.0,0.0,6.0,89.66,1.0
82.0,4021.0,4.0,1.0,0.0,0.0,0.0,5.0,5.78,0.0
83.0,4021.0,4.0,1.0,0.0,13.0,0.0,14.0,66.44,0.0
37.0,4024.0,4.0,1.0,0.0,6.0,0.0,6.0,49.37,0.0
46.0,4024.0,4.0,1.0,0.0,6.0,0.0,6.0,9.34,1.0
48.0,4024.0,4.0,1.0,0.0,12.0,0.0,13.0,186.44,0.0
53.0,4024.0,4.0,1.0,0.0,11.0,0.0,12.0,78.97,0.0
137.0,4024.0,4.0,1.0,0.0,1.0,0.0,5.0,22.11,0.0
138.0,4024.0,4.0,1.0,0.0,1.0,0.0,5.0,41.38,0.0
140.0,4024.0,4.0,1.0,0.0,6.0,0.0,6.0,709.63,1.0
140.0,4024.0,4.0,1.0,0.0,1.0,0.0,5.0,17.15,0.0
141.0,4024.0,4.0,1.0,0.0,5.0,0.0,8.0,82.25,0.0
79.0,4025.0,7.0,1.0,0.0,12.0,0.0,13.0,43.8,0.0
79.0,4025.0,7.0,1.0,0.0,21.0,0.0,13.0,72.64,0.0
94.0,4025.0,7.0,1.0,0.0,27.0,0.0,12.0,855.01,1.0
100.0,4025.0,7.0,1.0,0.0,13.0,0.0,14.0,38.64,0.0
101.0,4025.0,7.0,1.0,0.0,5.0,0.0,8.0,31.15,0.0
38.0,4026.0,4.0,0.0,0.0,26.0,0.0,12.0,230.1,1.0
54.0,4026.0,4.0,0.0,0.0,20.0,0.0,13.0,70.83,0.0
57.0,4026.0,4.0,0.0,0.0,9.0,0.0,10.0,29.59,0.0
38.0,4027.0,3.0,1.0,0.0,22.0,0.0,12.0,594.42,1.0
58.0,4027.0,3.0,1.0,0.0,6.0,0.0,6.0,2.12,0.0
45.0,4027.0,3.0,1.0,0.0,11.0,0.0,12.0,11.77,1.0
75.0,4027.0,3.0,1.0,0.0,12.0,0.0,13.0,93.15,0.0
119.0,4027.0,3.0,1.0,0.0,0.0,0.0,5.0,61.75,0.0
120.0,4027.0,3.0,1.0,0.0,0.0,0.0,5.0,22.37,0.0
122.0,4027.0,3.0,1.0,0.0,6.0,0.0,6.0,685.68,1.0
122.0,4027.0,3.0,1.0,0.0,0.0,0.0,5.0,20.62,0.0
123.0,4027.0,3.0,1.0,0.0,13.0,0.0,14.0,23.06,0.0
105.0,4030.0,1.0,0.0,0.0,6.0,0.0,6.0,41.81,0.0
105.0,4030.0,1.0,0.0,0.0,7.0,0.0,6.0,34.33,0.0
124.0,4030.0,1.0,0.0,0.0,22.0,0.0,12.0,325.48,1.0
141.0,4030.0,1.0,0.0,0.0,22.0,0.0,12.0,19.18,0.0
67.0,4032.0,0.0,1.0,0.0,1.0,0.0,5.0,37.37,0.0
68.0,4032.0,0.0,1.0,0.0,1.0,0.0,5.0,33.43,0.0
68.0,4032.0,0.0,1.0,0.0,6.0,0.0,6.0,38.45,1.0
69.0,4032.0,0.0,1.0,0.0,5.0,0.0,8.0,12.78,0.0
70.0,4032.0,0.0,1.0,0.0,1.0,0.0,5.0,26.94,0.0
107.0,4032.0,0.0,1.0,0.0,0.0,0.0,5.0,44.28,0.0
109.0,4032.0,0.0,1.0,0.0,0.0,0.0,5.0,12.8,0.0
110.0,4032.0,0.0,1.0,0.0,13.0,0.0,14.0,222.51,1.0
111.0,4032.0,0.0,1.0,0.0,0.0,0.0,5.0,9.16,0.0
112.0,4032.0,0.0,1.0,0.0,0.0,0.0,5.0,48.86,0.0
80.0,4036.0,7.0,0.0,0.0,3.0,0.0,7.0,30.15,0.0
96.0,4036.0,7.0,0.0,0.0,12.0,0.0,13.0,22.04,0.0
171.0,4036.0,7.0,0.0,0.0,35.0,0.0,18.0,1796.07,1.0
48.0,4039.0,0.0,0.0,0.0,6.0,0.0,6.0,59.74,0.0
48.0,4039.0,0.0,0.0,0.0,2.0,0.0,6.0,199.73,0.0
115.0,4039.0,0.0,0.0,0.0,22.0,0.0,12.0,422.42,1.0
130.0,4039.0,0.0,0.0,0.0,25.0,0.0,15.0,55.14,0.0
147.0,4039.0,0.0,0.0,0.0,6.0,0.0,6.0,127.88,0.0
147.0,4039.0,0.0,0.0,0.0,7.0,0.0,6.0,20.59,0.0
171.0,4039.0,0.0,0.0,0.0,6.0,0.0,6.0,223.27,1.0
171.0,4039.0,0.0,0.0,0.0,20.0,0.0,13.0,51.52,0.0
104.0,4040.0,6.0,2.0,0.0,0.0,0.0,5.0,26.33,0.0
106.0,4040.0,6.0,2.0,0.0,0.0,0.0,5.0,34.99,0.0
106.0,4040.0,6.0,2.0,0.0,44.0,0.0,13.0,197.14,1.0
107.0,4040.0,6.0,2.0,0.0,0.0,0.0,5.0,2.84,0.0
108.0,4040.0,6.0,2.0,0.0,0.0,0.0,5.0,11.56,0.0
139.0,4040.0,6.0,2.0,0.0,0.0,0.0,5.0,38.46,0.0
140.0,4040.0,6.0,2.0,0.0,0.0,0.0,5.0,20.63,0.0
142.0,4040.0,6.0,2.0,0.0,20.0,0.0,13.0,338.26,1.0
142.0,4040.0,6.0,2.0,0.0,0.0,0.0,5.0,42.12,0.0
143.0,4040.0,6.0,2.0,0.0,0.0,0.0,5.0,31.78,0.0
107.0,4041.0,3.0,0.0,0.0,0.0,0.0,5.0,35.79,0.0
108.0,4041.0,3.0,0.0,0.0,0.0,0.0,5.0,18.47,0.0
109.0,4041.0,3.0,0.0,0.0,22.0,0.0,12.0,119.08,1.0
109.0,4041.0,3.0,0.0,0.0,0.0,0.0,5.0,24.7,0.0
110.0,4041.0,3.0,0.0,0.0,0.0,0.0,5.0,19.1,0.0
53.0,4044.0,2.0,0.0,0.0,12.0,0.0,13.0,8.66,0.0
53.0,4044.0,2.0,0.0,0.0,20.0,0.0,13.0,13.22,0.0
69.0,4044.0,2.0,0.0,0.0,13.0,0.0,14.0,50.79,1.0
83.0,4044.0,2.0,0.0,0.0,13.0,0.0,14.0,19.88,0.0
84.0,4044.0,2.0,0.0,0.0,0.0,0.0,5.0,1.29,0.0
114.0,4045.0,2.0,0.0,0.0,2.0,0.0,6.0,205.04,0.0
171.0,4045.0,2.0,0.0,0.0,12.0,0.0,13.0,57.99,0.0
174.0,4045.0,2.0,0.0,0.0,6.0,0.0,6.0,210.91,1.0
175.0,4045.0,2.0,0.0,0.0,3.0,0.0,7.0,45.58,0.0
42.0,4046.0,3.0,1.0,0.0,13.0,0.0,14.0,46.01,0.0
42.0,4046.0,3.0,1.0,0.0,41.0,0.0,19.0,198.38,1.0
43.0,4046.0,3.0,1.0,0.0,0.0,0.0,5.0,11.66,0.0
44.0,4046.0,3.0,1.0,0.0,0.0,0.0,5.0,17.78,0.0
77.0,4046.0,3.0,1.0,0.0,0.0,0.0,5.0,0.16,0.0
78.0,4046.0,3.0,1.0,0.0,0.0,0.0,5.0,26.61,0.0
78.0,4046.0,3.0,1.0,0.0,27.0,0.0,12.0,349.91,1.0
79.0,4046.0,3.0,1.0,0.0,9.0,0.0,10.0,81.29,0.0
80.0,4046.0,3.0,1.0,0.0,0.0,0.0,5.0,0.43,0.0
82.0,4046.0,3.0,1.0,0.0,0.0,0.0,5.0,50.27,0.0
83.0,4046.0,3.0,1.0,0.0,0.0,0.0,5.0,29.4,0.0
84.0,4046.0,3.0,1.0,0.0,12.0,0.0,13.0,134.23,1.0
84.0,4046.0,3.0,1.0,0.0,0.0,0.0,5.0,19.88,0.0
85.0,4046.0,3.0,1.0,0.0,0.0,0.0,5.0,38.82,0.0
88.0,4046.0,3.0,1.0,0.0,0.0,0.0,5.0,35.99,0.0
89.0,4046.0,3.0,1.0,0.0,0.0,0.0,5.0,2.32,0.0
89.0,4046.0,3.0,1.0,0.0,22.0,0.0,12.0,233.31,1.0
90.0,4046.0,3.0,1.0,0.0,0.0,0.0,5.0,20.76,0.0
90.0,4046.0,3.0,1.0,0.0,6.0,0.0,6.0,105.86,1.0
91.0,4046.0,3.0,1.0,0.0,0.0,0.0,5.0,76.93,0.0
110.0,4046.0,3.0,1.0,0.0,0.0,0.0,5.0,16.88,0.0
111.0,4046.0,3.0,1.0,0.0,0.0,0.0,5.0,34.83,0.0
111.0,4046.0,3.0,1.0,0.0,12.0,0.0,13.0,193.01,1.0
112.0,4046.0,3.0,1.0,0.0,0.0,0.0,5.0,54.03,0.0
113.0,4046.0,3.0,1.0,0.0,0.0,0.0,5.0,3.37,0.0
54.0,4047.0,1.0,1.0,0.0,0.0,0.0,5.0,1.19,0.0
56.0,4047.0,1.0,1.0,0.0,0.0,0.0,5.0,25.14,0.0
56.0,4047.0,1.0,1.0,0.0,6.0,0.0,6.0,292.35,1.0
57.0,4047.0,1.0,1.0,0.0,0.0,0.0,5.0,32.6,0.0
58.0,4047.0,1.0,1.0,0.0,0.0,0.0,5.0,27.06,0.0
43.0,4048.0,2.0,1.0,0.0,12.0,0.0,13.0,62.84,0.0
46.0,4048.0,2.0,1.0,0.0,18.0,0.0,9.0,105.25,1.0
87.0,4048.0,2.0,1.0,0.0,11.0,0.0,12.0,7.2,0.0
64.0,4048.0,2.0,1.0,0.0,22.0,0.0,12.0,744.36,1.0
116.0,4048.0,2.0,1.0,0.0,3.0,0.0,7.0,45.6,0.0
172.0,4048.0,2.0,1.0,0.0,0.0,0.0,5.0,17.57,0.0
173.0,4048.0,2.0,1.0,0.0,0.0,0.0,5.0,22.28,0.0
173.0,4048.0,2.0,1.0,0.0,3.0,0.0,7.0,489.98,1.0
174.0,4048.0,2.0,1.0,0.0,0.0,0.0,5.0,30.64,0.0
176.0,4048.0,2.0,1.0,0.0,0.0,0.0,5.0,11.36,0.0
59.0,4051.0,2.0,1.0,0.0,20.0,0.0,13.0,119.34,0.0
59.0,4051.0,2.0,1.0,0.0,21.0,0.0,13.0,100.56,0.0
59.0,4051.0,2.0,1.0,0.0,35.0,0.0,18.0,627.28,1.0
70.0,4051.0,2.0,1.0,0.0,11.0,0.0,12.0,20.17,0.0
73.0,4051.0,2.0,1.0,0.0,6.0,0.0,6.0,9.05,0.0
45.0,4052.0,2.0,0.0,0.0,35.0,0.0,18.0,5749.28,1.0
55.0,4052.0,2.0,0.0,0.0,7.0,0.0,6.0,208.91,0.0
64.0,4052.0,2.0,0.0,0.0,9.0,0.0,10.0,71.44,0.0
49.0,4053.0,1.0,1.0,0.0,6.0,0.0,6.0,81.58,0.0
54.0,4053.0,1.0,1.0,0.0,3.0,0.0,7.0,138.49,0.0
68.0,4053.0,1.0,1.0,0.0,22.0,0.0,12.0,60.39,1.0
69.0,4053.0,1.0,1.0,0.0,12.0,0.0,13.0,39.69,0.0
69.0,4053.0,1.0,1.0,0.0,21.0,0.0,13.0,113.98,0.0
82.0,4053.0,1.0,1.0,0.0,13.0,0.0,14.0,387.81,1.0
82.0,4053.0,1.0,1.0,0.0,16.0,0.0,16.0,92.49,0.0
85.0,4053.0,1.0,1.0,0.0,12.0,0.0,13.0,18.63,0.0
85.0,4053.0,1.0,1.0,0.0,20.0,0.0,13.0,107.02,0.0
89.0,4053.0,1.0,1.0,0.0,22.0,0.0,12.0,156.15,0.0
97.0,4053.0,1.0,1.0,0.0,26.0,0.0,12.0,336.32,1.0
100.0,4053.0,1.0,1.0,0.0,8.0,0.0,9.0,25.42,0.0
102.0,4053.0,1.0,1.0,0.0,20.0,0.0,13.0,58.23,0.0
157.0,4053.0,1.0,1.0,0.0,22.0,0.0,12.0,10.17,0.0
157.0,4053.0,1.0,1.0,0.0,48.0,0.0,12.0,100.45,0.0
160.0,4053.0,1.0,1.0,0.0,6.0,0.0,6.0,6.48,1.0
161.0,4053.0,1.0,1.0,0.0,7.0,0.0,6.0,5.82,0.0
173.0,4053.0,1.0,1.0,0.0,9.0,0.0,10.0,0.8,0.0
142.0,4056.0,0.0,0.0,0.0,22.0,0.0,12.0,25.66,0.0
142.0,4056.0,0.0,0.0,0.0,48.0,0.0,12.0,129.81,0.0
156.0,4056.0,0.0,0.0,0.0,35.0,0.0,18.0,456.22,1.0
72.0,4057.0,2.0,0.0,0.0,20.0,0.0,13.0,49.23,0.0
79.0,4057.0,2.0,0.0,0.0,8.0,0.0,9.0,125.56,0.0
81.0,4057.0,2.0,0.0,0.0,6.0,0.0,6.0,616.63,1.0
85.0,4057.0,2.0,0.0,0.0,7.0,0.0,6.0,13.76,0.0
92.0,4057.0,2.0,0.0,0.0,21.0,0.0,13.0,68.65,1.0
107.0,4057.0,2.0,0.0,0.0,20.0,0.0,13.0,1.63,0.0
102.0,4057.0,2.0,0.0,0.0,6.0,0.0,6.0,665.2,1.0
113.0,4057.0,2.0,0.0,0.0,22.0,0.0,12.0,104.77,0.0
131.0,4057.0,2.0,0.0,0.0,0.0,0.0,5.0,44.77,0.0
132.0,4057.0,2.0,0.0,0.0,0.0,0.0,5.0,40.18,0.0
132.0,4057.0,2.0,0.0,0.0,6.0,0.0,6.0,100.09,1.0
133.0,4057.0,2.0,0.0,0.0,0.0,0.0,5.0,24.63,0.0
134.0,4057.0,2.0,0.0,0.0,0.0,0.0,5.0,21.83,0.0
62.0,4058.0,2.0,0.0,0.0,6.0,0.0,6.0,29.11,0.0
80.0,4058.0,2.0,0.0,0.0,12.0,0.0,13.0,80.63,0.0
82.0,4058.0,2.0,0.0,0.0,35.0,0.0,18.0,1442.14,1.0
97.0,4058.0,2.0,0.0,0.0,12.0,0.0,13.0,67.92,0.0
97.0,4058.0,2.0,0.0,0.0,21.0,0.0,13.0,85.32,0.0
100.0,4058.0,2.0,0.0,0.0,16.0,0.0,16.0,223.53,1.0
120.0,4058.0,2.0,0.0,0.0,13.0,0.0,14.0,34.06,0.0
108.0,4058.0,2.0,0.0,0.0,6.0,0.0,6.0,434.92,1.0
121.0,4058.0,2.0,0.0,0.0,0.0,0.0,5.0,27.82,0.0
128.0,4058.0,2.0,0.0,0.0,0.0,0.0,5.0,24.5,0.0
129.0,4058.0,2.0,0.0,0.0,0.0,0.0,5.0,26.6,0.0
130.0,4058.0,2.0,0.0,0.0,35.0,0.0,18.0,844.5,1.0
130.0,4058.0,2.0,0.0,0.0,0.0,0.0,5.0,43.12,0.0
131.0,4058.0,2.0,0.0,0.0,0.0,0.0,5.0,15.53,0.0
132.0,4058.0,2.0,0.0,0.0,0.0,0.0,5.0,13.99,0.0
133.0,4058.0,2.0,0.0,0.0,0.0,0.0,5.0,64.19,0.0
134.0,4058.0,2.0,0.0,0.0,19.0,0.0,9.0,198.15,1.0
134.0,4058.0,2.0,0.0,0.0,0.0,0.0,5.0,30.57,0.0
135.0,4058.0,2.0,0.0,0.0,0.0,0.0,5.0,29.37,0.0
78.0,4060.0,0.0,0.0,0.0,12.0,0.0,13.0,99.54,0.0
78.0,4060.0,0.0,0.0,0.0,20.0,0.0,13.0,32.24,0.0
84.0,4060.0,0.0,0.0,0.0,6.0,0.0,6.0,522.73,1.0
85.0,4060.0,0.0,0.0,0.0,12.0,0.0,13.0,92.27,0.0
85.0,4060.0,0.0,0.0,0.0,20.0,0.0,13.0,57.93,0.0
170.0,4060.0,0.0,0.0,0.0,0.0,0.0,5.0,3.36,0.0
171.0,4060.0,0.0,0.0,0.0,0.0,0.0,5.0,29.81,0.0
172.0,4060.0,0.0,0.0,0.0,6.0,0.0,6.0,104.56,1.0
173.0,4060.0,0.0,0.0,0.0,0.0,0.0,5.0,36.33,0.0
174.0,4060.0,0.0,0.0,0.0,0.0,0.0,5.0,20.12,0.0
90.0,4061.0,1.0,1.0,0.0,6.0,0.0,6.0,340.44,0.0
90.0,4061.0,1.0,1.0,0.0,7.0,0.0,6.0,296.57,0.0
116.0,4061.0,1.0,1.0,0.0,35.0,0.0,18.0,1885.33,1.0
120.0,4061.0,1.0,1.0,0.0,9.0,0.0,10.0,26.52,0.0
121.0,4061.0,1.0,1.0,0.0,0.0,0.0,5.0,1.13,0.0
48.0,4062.0,1.0,0.0,0.0,17.0,0.0,9.0,105.65,1.0
50.0,4062.0,1.0,0.0,0.0,6.0,0.0,6.0,1.91,0.0
60.0,4062.0,1.0,0.0,0.0,6.0,0.0,6.0,178.35,0.0
60.0,4062.0,1.0,0.0,0.0,2.0,0.0,6.0,102.81,0.0
62.0,4062.0,1.0,0.0,0.0,22.0,0.0,12.0,57.09,0.0
70.0,4062.0,1.0,0.0,0.0,22.0,0.0,12.0,392.09,1.0
85.0,4062.0,1.0,0.0,0.0,22.0,0.0,12.0,174.62,1.0
91.0,4062.0,1.0,0.0,0.0,6.0,0.0,6.0,243.99,1.0
106.0,4062.0,1.0,0.0,0.0,7.0,0.0,6.0,78.72,0.0
104.0,4062.0,1.0,0.0,0.0,6.0,0.0,6.0,129.74,1.0
111.0,4062.0,1.0,0.0,0.0,30.0,0.0,16.0,697.84,1.0
118.0,4062.0,1.0,0.0,0.0,7.0,0.0,6.0,69.72,0.0
118.0,4062.0,1.0,0.0,0.0,2.0,0.0,6.0,39.96,0.0
125.0,4062.0,1.0,0.0,0.0,6.0,0.0,6.0,53.73,0.0
125.0,4062.0,1.0,0.0,0.0,2.0,0.0,6.0,11.68,0.0
128.0,4062.0,1.0,0.0,0.0,22.0,0.0,12.0,782.65,1.0
168.0,4062.0,1.0,0.0,0.0,25.0,0.0,15.0,97.9,0.0
164.0,4062.0,1.0,0.0,0.0,6.0,0.0,6.0,63.66,1.0
106.0,4063.0,0.0,0.0,0.0,0.0,0.0,5.0,4.33,0.0
107.0,4063.0,0.0,0.0,0.0,15.0,0.0,13.0,58.42,0.0
108.0,4063.0,0.0,0.0,0.0,19.0,0.0,9.0,15.75,1.0
108.0,4063.0,0.0,0.0,0.0,0.0,0.0,5.0,62.32,0.0
109.0,4063.0,0.0,0.0,0.0,0.0,0.0,5.0,49.47,0.0
48.0,4064.0,1.0,0.0,0.0,12.0,0.0,13.0,11.09,1.0
104.0,4064.0,1.0,0.0,0.0,25.0,0.0,15.0,116.41,0.0
134.0,4064.0,1.0,0.0,0.0,17.0,0.0,9.0,166.47,1.0
138.0,4064.0,1.0,0.0,0.0,12.0,0.0,13.0,40.58,0.0
150.0,4064.0,1.0,0.0,0.0,6.0,0.0,6.0,260.49,0.0
163.0,4066.0,1.0,1.0,0.0,1.0,0.0,5.0,12.08,0.0
164.0,4066.0,1.0,1.0,0.0,1.0,0.0,5.0,9.03,0.0
165.0,4066.0,1.0,1.0,0.0,22.0,0.0,12.0,194.19,1.0
165.0,4066.0,1.0,1.0,0.0,1.0,0.0,5.0,54.34,0.0
166.0,4066.0,1.0,1.0,0.0,1.0,0.0,5.0,4.51,0.0
127.0,4067.0,7.0,1.0,0.0,6.0,0.0,6.0,147.0,0.0
127.0,4067.0,7.0,1.0,0.0,2.0,0.0,6.0,54.26,0.0
131.0,4067.0,7.0,1.0,0.0,26.0,0.0,12.0,598.81,1.0
152.0,4067.0,7.0,1.0,0.0,25.0,0.0,15.0,58.0,0.0
50.0,4070.0,2.0,0.0,0.0,22.0,0.0,12.0,466.92,1.0
51.0,4070.0,2.0,0.0,0.0,12.0,0.0,13.0,15.3,0.0
57.0,4070.0,2.0,0.0,0.0,6.0,0.0,6.0,164.31,0.0
98.0,4070.0,2.0,0.0,0.0,2.0,0.0,6.0,13.8,0.0
104.0,4070.0,2.0,0.0,0.0,25.0,0.0,15.0,43.47,0.0
128.0,4070.0,2.0,0.0,0.0,41.0,0.0,19.0,277.99,1.0
50.0,4071.0,1.0,0.0,0.0,12.0,0.0,13.0,115.92,0.0
61.0,4071.0,1.0,0.0,0.0,22.0,0.0,12.0,307.08,1.0
68.0,4071.0,1.0,0.0,0.0,13.0,0.0,14.0,72.06,0.0
69.0,4071.0,1.0,0.0,0.0,0.0,0.0,5.0,19.53,0.0
125.0,4073.0,4.0,1.0,0.0,0.0,0.0,5.0,8.2,0.0
126.0,4073.0,4.0,1.0,0.0,27.0,0.0,12.0,124.32,0.0
127.0,4073.0,4.0,1.0,0.0,22.0,0.0,12.0,108.9,1.0
127.0,4073.0,4.0,1.0,0.0,0.0,0.0,5.0,50.31,0.0
128.0,4073.0,4.0,1.0,0.0,9.0,0.0,10.0,100.19,0.0
128.0,4073.0,4.0,1.0,0.0,6.0,0.0,6.0,450.41,1.0
129.0,4073.0,4.0,1.0,0.0,0.0,0.0,5.0,51.73,0.0
130.0,4073.0,4.0,1.0,0.0,9.0,0.0,10.0,55.73,0.0
131.0,4073.0,4.0,1.0,0.0,0.0,0.0,5.0,42.05,0.0
132.0,4073.0,4.0,1.0,0.0,0.0,0.0,5.0,50.0,0.0
133.0,4073.0,4.0,1.0,0.0,16.0,0.0,16.0,666.45,1.0
133.0,4073.0,4.0,1.0,0.0,0.0,0.0,5.0,15.05,0.0
134.0,4073.0,4.0,1.0,0.0,0.0,0.0,5.0,23.28,0.0
168.0,4073.0,4.0,1.0,0.0,1.0,0.0,5.0,20.98,0.0
169.0,4073.0,4.0,1.0,0.0,28.0,0.0,13.0,88.19,0.0
170.0,4073.0,4.0,1.0,0.0,6.0,0.0,6.0,135.53,1.0
170.0,4073.0,4.0,1.0,0.0,0.0,0.0,5.0,27.67,0.0
170.0,4073.0,4.0,1.0,0.0,1.0,0.0,5.0,2.92,0.0
175.0,4073.0,4.0,1.0,0.0,1.0,0.0,5.0,7.76,0.0
176.0,4073.0,4.0,1.0,0.0,28.0,0.0,13.0,29.37,0.0
176.0,4073.0,4.0,1.0,0.0,10.0,0.0,11.0,767.11,1.0
177.0,4073.0,4.0,1.0,0.0,0.0,0.0,5.0,20.33,0.0
177.0,4073.0,4.0,1.0,0.0,1.0,0.0,5.0,29.57,0.0
52.0,4076.0,1.0,0.0,0.0,6.0,0.0,6.0,551.95,1.0
63.0,4076.0,1.0,0.0,0.0,26.0,0.0,12.0,73.55,0.0
58.0,4076.0,1.0,0.0,0.0,22.0,0.0,12.0,228.66,1.0
63.0,4076.0,1.0,0.0,0.0,35.0,0.0,18.0,1842.67,1.0
64.0,4076.0,1.0,0.0,0.0,2.0,0.0,6.0,236.14,0.0
74.0,4076.0,1.0,0.0,0.0,22.0,0.0,12.0,12.04,0.0
97.0,4076.0,1.0,0.0,0.0,15.0,0.0,13.0,57.36,0.0
98.0,4076.0,1.0,0.0,0.0,0.0,0.0,5.0,22.11,0.0
98.0,4076.0,1.0,0.0,0.0,25.0,0.0,15.0,12.1,1.0
99.0,4076.0,1.0,0.0,0.0,0.0,0.0,5.0,17.14,0.0
100.0,4076.0,1.0,0.0,0.0,0.0,0.0,5.0,2.44,0.0
130.0,4076.0,1.0,0.0,0.0,0.0,0.0,5.0,11.36,0.0
131.0,4076.0,1.0,0.0,0.0,0.0,0.0,5.0,3.47,0.0
132.0,4076.0,1.0,0.0,0.0,22.0,0.0,12.0,62.17,1.0
133.0,4076.0,1.0,0.0,0.0,0.0,0.0,5.0,16.34,0.0
133.0,4076.0,1.0,0.0,0.0,11.0,0.0,12.0,101.57,1.0
135.0,4076.0,1.0,0.0,0.0,27.0,0.0,12.0,66.46,0.0
137.0,4076.0,1.0,0.0,0.0,0.0,0.0,5.0,46.65,0.0
172.0,4076.0,1.0,0.0,0.0,1.0,0.0,5.0,45.51,0.0
173.0,4076.0,1.0,0.0,0.0,1.0,0.0,5.0,30.31,0.0
173.0,4076.0,1.0,0.0,0.0,11.0,0.0,12.0,261.47,1.0
174.0,4076.0,1.0,0.0,0.0,1.0,0.0,5.0,29.46,0.0
175.0,4076.0,1.0,0.0,0.0,1.0,0.0,5.0,1.98,0.0
127.0,4078.0,1.0,0.0,0.0,1.0,0.0,5.0,13.34,0.0
128.0,4078.0,1.0,0.0,0.0,1.0,0.0,5.0,22.63,0.0
128.0,4078.0,1.0,0.0,0.0,22.0,0.0,12.0,312.31,1.0
129.0,4078.0,1.0,0.0,0.0,1.0,0.0,5.0,45.39,0.0
130.0,4078.0,1.0,0.0,0.0,1.0,0.0,5.0,37.11,0.0
53.0,4079.0,1.0,1.0,0.0,22.0,0.0,12.0,138.44,1.0
55.0,4079.0,1.0,1.0,0.0,3.0,0.0,7.0,137.11,0.0
67.0,4079.0,1.0,1.0,0.0,12.0,0.0,13.0,8.67,0.0
135.0,4079.0,1.0,1.0,0.0,9.0,0.0,10.0,96.11,0.0
136.0,4079.0,1.0,1.0,0.0,0.0,0.0,5.0,8.11,0.0
137.0,4079.0,1.0,1.0,0.0,10.0,0.0,11.0,922.16,1.0
137.0,4079.0,1.0,1.0,0.0,0.0,0.0,5.0,14.7,0.0
139.0,4079.0,1.0,1.0,0.0,0.0,0.0,5.0,21.48,0.0
55.0,4080.0,0.0,1.0,0.0,16.0,0.0,16.0,548.94,1.0
69.0,4080.0,0.0,1.0,0.0,12.0,0.0,13.0,5.27,0.0
70.0,4080.0,0.0,1.0,0.0,16.0,0.0,16.0,191.4,0.0
77.0,4080.0,0.0,1.0,0.0,11.0,0.0,12.0,199.13,0.0
85.0,4080.0,0.0,1.0,0.0,22.0,0.0,12.0,609.61,1.0
112.0,4080.0,0.0,1.0,0.0,11.0,0.0,12.0,172.46,0.0
112.0,4080.0,0.0,1.0,0.0,26.0,0.0,12.0,116.68,0.0
120.0,4080.0,0.0,1.0,0.0,13.0,0.0,14.0,299.88,1.0
122.0,4080.0,0.0,1.0,0.0,13.0,0.0,14.0,29.14,0.0
123.0,4080.0,0.0,1.0,0.0,0.0,0.0,5.0,15.26,0.0
146.0,4080.0,0.0,1.0,0.0,0.0,0.0,5.0,8.78,0.0
147.0,4080.0,0.0,1.0,0.0,0.0,0.0,5.0,4.65,0.0
148.0,4080.0,0.0,1.0,0.0,26.0,0.0,12.0,223.62,1.0
148.0,4080.0,0.0,1.0,0.0,0.0,0.0,5.0,22.05,0.0
149.0,4080.0,0.0,1.0,0.0,0.0,0.0,5.0,9.63,0.0
150.0,4080.0,0.0,1.0,0.0,0.0,0.0,5.0,5.24,0.0
150.0,4080.0,0.0,1.0,0.0,13.0,0.0,14.0,255.04,1.0
152.0,4080.0,0.0,1.0,0.0,0.0,0.0,5.0,10.72,0.0
153.0,4080.0,0.0,1.0,0.0,0.0,0.0,5.0,12.2,0.0
157.0,4080.0,0.0,1.0,0.0,0.0,0.0,5.0,38.08,0.0
158.0,4080.0,0.0,1.0,0.0,0.0,0.0,5.0,51.51,0.0
158.0,4080.0,0.0,1.0,0.0,22.0,0.0,12.0,210.03,1.0
159.0,4080.0,0.0,1.0,0.0,0.0,0.0,5.0,0.39,0.0
160.0,4080.0,0.0,1.0,0.0,0.0,0.0,5.0,6.78,0.0
165.0,4080.0,0.0,1.0,0.0,0.0,0.0,5.0,20.8,0.0
167.0,4080.0,0.0,1.0,0.0,9.0,0.0,10.0,89.14,0.0
168.0,4080.0,0.0,1.0,0.0,10.0,0.0,11.0,510.88,1.0
168.0,4080.0,0.0,1.0,0.0,0.0,0.0,5.0,0.94,0.0
168.0,4080.0,0.0,1.0,0.0,13.0,0.0,14.0,39.96,1.0
169.0,4080.0,0.0,1.0,0.0,0.0,0.0,5.0,0.87,0.0
56.0,4083.0,0.0,0.0,0.0,38.0,0.0,19.0,232.3,1.0
56.0,4083.0,0.0,0.0,0.0,25.0,0.0,15.0,95.85,0.0
62.0,4083.0,0.0,0.0,0.0,6.0,0.0,6.0,64.41,1.0
68.0,4083.0,0.0,0.0,0.0,12.0,0.0,13.0,21.28,0.0
88.0,4083.0,0.0,0.0,0.0,3.0,0.0,7.0,150.77,0.0
135.0,4083.0,0.0,0.0,0.0,12.0,0.0,13.0,123.02,0.0
135.0,4083.0,0.0,0.0,0.0,20.0,0.0,13.0,54.18,0.0
163.0,4083.0,0.0,0.0,0.0,6.0,0.0,6.0,175.35,1.0
168.0,4083.0,0.0,0.0,0.0,13.0,0.0,14.0,25.65,0.0
169.0,4083.0,0.0,0.0,0.0,0.0,0.0,5.0,17.41,0.0
57.0,4084.0,4.0,1.0,0.0,6.0,0.0,6.0,84.1,0.0
77.0,4084.0,4.0,1.0,0.0,10.0,0.0,11.0,623.92,1.0
102.0,4084.0,4.0,1.0,0.0,3.0,0.0,7.0,26.91,0.0
178.0,4084.0,4.0,1.0,0.0,4.0,0.0,6.0,93.68,0.0
58.0,4085.0,1.0,1.0,0.0,22.0,0.0,12.0,54.74,1.0
78.0,4085.0,1.0,1.0,0.0,25.0,0.0,15.0,105.11,0.0
77.0,4085.0,1.0,1.0,0.0,10.0,0.0,11.0,74.44,1.0
78.0,4085.0,1.0,1.0,0.0,27.0,0.0,12.0,23.37,1.0
117.0,4085.0,1.0,1.0,0.0,30.0,0.0,16.0,155.63,0.0
130.0,4085.0,1.0,1.0,0.0,7.0,0.0,6.0,39.61,0.0
143.0,4085.0,1.0,1.0,0.0,22.0,0.0,12.0,555.52,1.0
145.0,4085.0,1.0,1.0,0.0,20.0,0.0,13.0,57.23,1.0
172.0,4085.0,1.0,1.0,0.0,20.0,0.0,13.0,50.46,0.0
163.0,4085.0,1.0,1.0,0.0,9.0,0.0,10.0,2.37,1.0
65.0,4086.0,0.0,0.0,0.0,9.0,0.0,10.0,6.61,0.0
67.0,4086.0,0.0,0.0,0.0,0.0,0.0,5.0,21.61,0.0
68.0,4086.0,0.0,0.0,0.0,6.0,0.0,6.0,226.71,1.0
68.0,4086.0,0.0,0.0,0.0,0.0,0.0,5.0,10.26,0.0
69.0,4086.0,0.0,0.0,0.0,0.0,0.0,5.0,13.1,0.0
142.0,4086.0,0.0,0.0,0.0,0.0,0.0,5.0,17.54,0.0
143.0,4086.0,0.0,0.0,0.0,0.0,0.0,5.0,57.32,0.0
143.0,4086.0,0.0,0.0,0.0,22.0,0.0,12.0,565.89,1.0
144.0,4086.0,0.0,0.0,0.0,0.0,0.0,5.0,29.23,0.0
145.0,4086.0,0.0,0.0,0.0,0.0,0.0,5.0,30.21,0.0
62.0,4087.0,5.0,1.0,0.0,6.0,0.0,6.0,137.49,1.0
79.0,4087.0,5.0,1.0,0.0,20.0,0.0,13.0,200.56,1.0
96.0,4087.0,5.0,1.0,0.0,25.0,0.0,15.0,17.26,0.0
84.0,4087.0,5.0,1.0,0.0,11.0,0.0,12.0,306.1,1.0
104.0,4087.0,5.0,1.0,0.0,8.0,0.0,9.0,207.57,0.0
119.0,4087.0,5.0,1.0,0.0,25.0,0.0,15.0,142.75,0.0
139.0,4087.0,5.0,1.0,0.0,12.0,0.0,13.0,7.62,0.0
173.0,4087.0,5.0,1.0,0.0,12.0,0.0,13.0,51.78,1.0
174.0,4087.0,5.0,1.0,0.0,13.0,0.0,14.0,12.85,0.0
175.0,4087.0,5.0,1.0,0.0,0.0,0.0,5.0,52.83,0.0
108.0,4088.0,2.0,1.0,0.0,22.0,0.0,12.0,27.77,0.0
114.0,4088.0,2.0,1.0,0.0,20.0,0.0,13.0,27.41,0.0
115.0,4088.0,2.0,1.0,0.0,22.0,0.0,12.0,284.05,1.0
138.0,4088.0,2.0,1.0,0.0,6.0,0.0,6.0,160.84,0.0
138.0,4088.0,2.0,1.0,0.0,7.0,0.0,6.0,180.32,0.0
153.0,4088.0,2.0,1.0,0.0,25.0,0.0,15.0,80.91,0.0
155.0,4088.0,2.0,1.0,0.0,10.0,0.0,11.0,350.65,1.0
175.0,4088.0,2.0,1.0,0.0,6.0,0.0,6.0,201.33,0.0
168.0,4088.0,2.0,1.0,0.0,22.0,0.0,12.0,213.12,1.0
175.0,4088.0,2.0,1.0,0.0,2.0,0.0,6.0,167.41,0.0
63.0,4090.0,3.0,0.0,0.0,6.0,0.0,6.0,5.01,1.0
72.0,4090.0,3.0,0.0,0.0,6.0,0.0,6.0,9.17,0.0
81.0,4090.0,3.0,0.0,0.0,6.0,0.0,6.0,58.72,0.0
63.0,4091.0,1.0,0.0,0.0,6.0,0.0,6.0,17.56,1.0
67.0,4091.0,1.0,0.0,0.0,6.0,0.0,6.0,13.2,0.0
68.0,4091.0,1.0,0.0,0.0,12.0,0.0,13.0,50.69,0.0
101.0,4091.0,1.0,0.0,0.0,0.0,0.0,5.0,27.35,0.0
102.0,4091.0,1.0,0.0,0.0,0.0,0.0,5.0,65.36,0.0
103.0,4091.0,1.0,0.0,0.0,6.0,0.0,6.0,328.56,1.0
103.0,4091.0,1.0,0.0,0.0,0.0,0.0,5.0,28.32,0.0
104.0,4091.0,1.0,0.0,0.0,0.0,0.0,5.0,35.66,0.0
68.0,4092.0,1.0,1.0,0.0,7.0,0.0,6.0,31.03,0.0
92.0,4092.0,1.0,1.0,0.0,8.0,0.0,9.0,53.67,0.0
110.0,4092.0,1.0,1.0,0.0,22.0,0.0,12.0,450.3,1.0
111.0,4092.0,1.0,1.0,0.0,22.0,0.0,12.0,186.06,0.0
111.0,4092.0,1.0,1.0,0.0,48.0,0.0,12.0,108.47,0.0
151.0,4092.0,1.0,1.0,0.0,0.0,0.0,5.0,13.79,0.0
152.0,4092.0,1.0,1.0,0.0,0.0,0.0,5.0,50.66,0.0
152.0,4092.0,1.0,1.0,0.0,44.0,0.0,13.0,158.64,1.0
153.0,4092.0,1.0,1.0,0.0,0.0,0.0,5.0,35.98,0.0
154.0,4092.0,1.0,1.0,0.0,0.0,0.0,5.0,67.08,0.0
65.0,4095.0,1.0,1.0,0.0,39.0,0.0,18.0,1789.29,0.0
86.0,4095.0,1.0,1.0,0.0,12.0,0.0,13.0,25.85,0.0
111.0,4095.0,1.0,1.0,0.0,20.0,0.0,13.0,303.12,1.0
139.0,4095.0,1.0,1.0,0.0,12.0,0.0,13.0,31.55,0.0
139.0,4095.0,1.0,1.0,0.0,20.0,0.0,13.0,111.7,0.0
67.0,4096.0,3.0,0.0,0.0,7.0,0.0,6.0,337.39,0.0
96.0,4096.0,3.0,0.0,0.0,20.0,0.0,13.0,8.59,0.0
96.0,4096.0,3.0,0.0,0.0,3.0,0.0,7.0,188.56,1.0
115.0,4096.0,3.0,0.0,0.0,9.0,0.0,10.0,13.73,0.0
116.0,4096.0,3.0,0.0,0.0,0.0,0.0,5.0,27.6,0.0
125.0,4096.0,3.0,0.0,0.0,0.0,0.0,5.0,9.28,0.0
126.0,4096.0,3.0,0.0,0.0,0.0,0.0,5.0,28.75,0.0
126.0,4096.0,3.0,0.0,0.0,26.0,0.0,12.0,487.7,1.0
127.0,4096.0,3.0,0.0,0.0,0.0,0.0,5.0,31.71,0.0
128.0,4096.0,3.0,0.0,0.0,0.0,0.0,5.0,34.9,0.0
139.0,4096.0,3.0,0.0,0.0,0.0,0.0,5.0,57.13,0.0
140.0,4096.0,3.0,0.0,0.0,0.0,0.0,5.0,28.66,0.0
140.0,4096.0,3.0,0.0,0.0,26.0,0.0,12.0,373.82,1.0
141.0,4096.0,3.0,0.0,0.0,0.0,0.0,5.0,6.57,0.0
142.0,4096.0,3.0,0.0,0.0,0.0,0.0,5.0,15.99,0.0
143.0,4096.0,3.0,0.0,0.0,16.0,0.0,16.0,326.53,1.0
144.0,4096.0,3.0,0.0,0.0,0.0,0.0,5.0,9.87,0.0
145.0,4096.0,3.0,0.0,0.0,0.0,0.0,5.0,27.91,0.0
177.0,4096.0,3.0,0.0,0.0,1.0,0.0,5.0,1.59,0.0
178.0,4096.0,3.0,0.0,0.0,1.0,0.0,5.0,45.82,0.0
178.0,4096.0,3.0,0.0,0.0,41.0,0.0,19.0,333.77,1.0
179.0,4096.0,3.0,0.0,0.0,1.0,0.0,5.0,41.58,0.0
92.0,4097.0,3.0,0.0,0.0,2.0,0.0,6.0,5.79,0.0
93.0,4097.0,3.0,0.0,0.0,12.0,0.0,13.0,53.94,0.0
104.0,4097.0,3.0,0.0,0.0,38.0,0.0,19.0,243.74,1.0
120.0,4097.0,3.0,0.0,0.0,11.0,0.0,12.0,24.24,0.0
122.0,4097.0,3.0,0.0,0.0,25.0,0.0,15.0,50.12,0.0
133.0,4097.0,3.0,0.0,0.0,7.0,0.0,6.0,154.18,0.0
133.0,4097.0,3.0,0.0,0.0,2.0,0.0,6.0,17.49,0.0
154.0,4097.0,3.0,0.0,0.0,22.0,0.0,12.0,359.3,1.0
169.0,4097.0,3.0,0.0,0.0,12.0,0.0,13.0,30.97,0.0
169.0,4097.0,3.0,0.0,0.0,20.0,0.0,13.0,2.25,0.0
86.0,4098.0,0.0,0.0,0.0,12.0,0.0,13.0,70.74,0.0
86.0,4098.0,0.0,0.0,0.0,20.0,0.0,13.0,5.42,0.0
96.0,4098.0,0.0,0.0,0.0,20.0,0.0,13.0,242.69,1.0
97.0,4098.0,0.0,0.0,0.0,9.0,0.0,10.0,51.34,0.0
98.0,4098.0,0.0,0.0,0.0,0.0,0.0,5.0,44.76,0.0
163.0,4098.0,0.0,0.0,0.0,7.0,0.0,6.0,43.33,0.0
163.0,4098.0,0.0,0.0,0.0,2.0,0.0,6.0,43.89,0.0
164.0,4098.0,0.0,0.0,0.0,35.0,0.0,18.0,3114.85,1.0
177.0,4098.0,0.0,0.0,0.0,13.0,0.0,14.0,45.49,0.0
178.0,4098.0,0.0,0.0,0.0,0.0,0.0,5.0,3.72,0.0
69.0,4099.0,1.0,0.0,0.0,11.0,0.0,12.0,218.58,1.0
80.0,4099.0,1.0,0.0,0.0,22.0,0.0,12.0,313.92,1.0
85.0,4099.0,1.0,0.0,0.0,6.0,0.0,6.0,1006.88,1.0
85.0,4099.0,1.0,0.0,0.0,6.0,0.0,6.0,1011.37,1.0
87.0,4099.0,1.0,0.0,0.0,6.0,0.0,6.0,500.71,1.0
88.0,4099.0,1.0,0.0,0.0,22.0,0.0,12.0,596.22,1.0
89.0,4099.0,1.0,0.0,0.0,22.0,0.0,12.0,649.4,1.0
108.0,4099.0,1.0,0.0,0.0,20.0,0.0,13.0,9.44,0.0
99.0,4099.0,1.0,0.0,0.0,11.0,0.0,12.0,105.71,1.0
110.0,4099.0,1.0,0.0,0.0,16.0,0.0,16.0,1006.26,1.0
113.0,4099.0,1.0,0.0,0.0,25.0,0.0,15.0,27.74,0.0
115.0,4099.0,1.0,0.0,0.0,41.0,0.0,19.0,452.47,1.0
133.0,4099.0,1.0,0.0,0.0,12.0,0.0,13.0,17.33,0.0
124.0,4099.0,1.0,0.0,0.0,20.0,0.0,13.0,37.54,1.0
135.0,4099.0,1.0,0.0,0.0,22.0,0.0,12.0,707.21,1.0
151.0,4099.0,1.0,0.0,0.0,12.0,0.0,13.0,15.75,0.0
151.0,4099.0,1.0,0.0,0.0,20.0,0.0,13.0,60.97,0.0
151.0,4099.0,1.0,0.0,0.0,21.0,0.0,13.0,10.52,0.0
158.0,4099.0,1.0,0.0,0.0,6.0,0.0,6.0,47.75,0.0
159.0,4099.0,1.0,0.0,0.0,20.0,0.0,13.0,123.66,1.0
169.0,4099.0,1.0,0.0,0.0,16.0,0.0,16.0,492.49,1.0
171.0,4099.0,1.0,0.0,0.0,6.0,0.0,6.0,89.67,1.0
173.0,4099.0,1.0,0.0,0.0,6.0,0.0,6.0,498.58,1.0
176.0,4099.0,1.0,0.0,0.0,10.0,0.0,11.0,160.09,1.0
178.0,4099.0,1.0,0.0,0.0,20.0,0.0,13.0,265.05,1.0
145.0,4101.0,2.0,0.0,0.0,0.0,0.0,5.0,40.44,0.0
146.0,4101.0,2.0,0.0,0.0,0.0,0.0,5.0,6.88,0.0
146.0,4101.0,2.0,0.0,0.0,22.0,0.0,12.0,200.88,1.0
147.0,4101.0,2.0,0.0,0.0,0.0,0.0,5.0,16.5,0.0
148.0,4101.0,2.0,0.0,0.0,0.0,0.0,5.0,39.08,0.0
73.0,4102.0,2.0,1.0,0.0,41.0,0.0,19.0,266.48,1.0
76.0,4102.0,2.0,1.0,0.0,6.0,0.0,6.0,807.25,1.0
79.0,4102.0,2.0,1.0,0.0,6.0,0.0,6.0,47.68,1.0
80.0,4102.0,2.0,1.0,0.0,12.0,0.0,13.0,374.34,1.0
86.0,4102.0,2.0,1.0,0.0,6.0,0.0,6.0,46.74,0.0
82.0,4102.0,2.0,1.0,0.0,17.0,0.0,9.0,96.38,1.0
88.0,4102.0,2.0,1.0,0.0,30.0,0.0,16.0,307.24,1.0
88.0,4102.0,2.0,1.0,0.0,13.0,0.0,14.0,241.23,1.0
93.0,4102.0,2.0,1.0,0.0,11.0,0.0,12.0,201.02,1.0
94.0,4102.0,2.0,1.0,0.0,6.0,0.0,6.0,38.52,0.0
93.0,4102.0,2.0,1.0,0.0,6.0,0.0,6.0,480.79,1.0
94.0,4102.0,2.0,1.0,0.0,2.0,0.0,6.0,124.0,0.0
94.0,4102.0,2.0,1.0,0.0,6.0,0.0,6.0,33.07,1.0
100.0,4102.0,2.0,1.0,0.0,39.0,0.0,18.0,1851.92,1.0
102.0,4102.0,2.0,1.0,0.0,6.0,0.0,6.0,451.71,1.0
105.0,4102.0,2.0,1.0,0.0,9.0,0.0,10.0,37.74,0.0
104.0,4102.0,2.0,1.0,0.0,35.0,0.0,18.0,3371.55,1.0
106.0,4102.0,2.0,1.0,0.0,0.0,0.0,5.0,34.35,0.0
107.0,4102.0,2.0,1.0,0.0,0.0,0.0,5.0,32.51,0.0
108.0,4102.0,2.0,1.0,0.0,0.0,0.0,5.0,6.0,0.0
109.0,4102.0,2.0,1.0,0.0,38.0,0.0,19.0,290.17,1.0
109.0,4102.0,2.0,1.0,0.0,0.0,0.0,5.0,3.53,0.0
109.0,4102.0,2.0,1.0,0.0,22.0,0.0,12.0,689.1,1.0
109.0,4102.0,2.0,1.0,0.0,6.0,0.0,6.0,366.9,1.0
110.0,4102.0,2.0,1.0,0.0,0.0,0.0,5.0,0.12,0.0
110.0,4102.0,2.0,1.0,0.0,13.0,0.0,14.0,123.05,1.0
111.0,4102.0,2.0,1.0,0.0,0.0,0.0,5.0,13.46,0.0
112.0,4102.0,2.0,1.0,0.0,9.0,0.0,10.0,558.5,1.0
112.0,4102.0,2.0,1.0,0.0,0.0,0.0,5.0,6.35,0.0
113.0,4102.0,2.0,1.0,0.0,9.0,0.0,10.0,56.26,0.0
114.0,4102.0,2.0,1.0,0.0,22.0,0.0,12.0,481.34,1.0
114.0,4102.0,2.0,1.0,0.0,0.0,0.0,5.0,7.6,0.0
114.0,4102.0,2.0,1.0,0.0,6.0,0.0,6.0,261.86,1.0
115.0,4102.0,2.0,1.0,0.0,0.0,0.0,5.0,12.17,0.0
116.0,4102.0,2.0,1.0,0.0,20.0,0.0,13.0,650.14,1.0
117.0,4102.0,2.0,1.0,0.0,0.0,0.0,5.0,40.77,0.0
118.0,4102.0,2.0,1.0,0.0,36.0,0.0,15.0,58.08,0.0
119.0,4102.0,2.0,1.0,0.0,22.0,0.0,12.0,262.65,1.0
120.0,4102.0,2.0,1.0,0.0,0.0,0.0,5.0,21.1,0.0
120.0,4102.0,2.0,1.0,0.0,1.0,0.0,5.0,30.83,0.0
121.0,4102.0,2.0,1.0,0.0,1.0,0.0,5.0,25.47,0.0
122.0,4102.0,2.0,1.0,0.0,22.0,0.0,12.0,193.94,1.0
122.0,4102.0,2.0,1.0,0.0,1.0,0.0,5.0,17.11,0.0
123.0,4102.0,2.0,1.0,0.0,1.0,0.0,5.0,9.07,0.0
123.0,4102.0,2.0,1.0,0.0,45.0,0.0,18.0,3198.37,1.0
124.0,4102.0,2.0,1.0,0.0,1.0,0.0,5.0,25.32,0.0
125.0,4102.0,2.0,1.0,0.0,1.0,0.0,5.0,22.41,0.0
125.0,4102.0,2.0,1.0,0.0,44.0,0.0,13.0,393.13,1.0
126.0,4102.0,2.0,1.0,0.0,1.0,0.0,5.0,0.18,0.0
127.0,4102.0,2.0,1.0,0.0,1.0,0.0,5.0,12.18,0.0
128.0,4102.0,2.0,1.0,0.0,41.0,0.0,19.0,193.93,1.0
128.0,4102.0,2.0,1.0,0.0,1.0,0.0,5.0,70.14,0.0
129.0,4102.0,2.0,1.0,0.0,1.0,0.0,5.0,5.81,0.0
129.0,4102.0,2.0,1.0,0.0,20.0,0.0,13.0,380.12,1.0
130.0,4102.0,2.0,1.0,0.0,1.0,0.0,5.0,24.76,0.0
131.0,4102.0,2.0,1.0,0.0,1.0,0.0,5.0,21.34,0.0
131.0,4102.0,2.0,1.0,0.0,6.0,0.0,6.0,416.85,1.0
132.0,4102.0,2.0,1.0,0.0,1.0,0.0,5.0,26.38,0.0
131.0,4102.0,2.0,1.0,0.0,20.0,0.0,13.0,424.58,1.0
132.0,4102.0,2.0,1.0,0.0,22.0,0.0,12.0,712.79,1.0
133.0,4102.0,2.0,1.0,0.0,1.0,0.0,5.0,19.39,0.0
134.0,4102.0,2.0,1.0,0.0,4.0,0.0,6.0,90.88,0.0
135.0,4102.0,2.0,1.0,0.0,1.0,0.0,5.0,12.55,0.0
136.0,4102.0,2.0,1.0,0.0,1.0,0.0,5.0,44.12,0.0
137.0,4102.0,2.0,1.0,0.0,35.0,0.0,18.0,682.86,1.0
138.0,4102.0,2.0,1.0,0.0,1.0,0.0,5.0,5.77,0.0
138.0,4102.0,2.0,1.0,0.0,16.0,0.0,16.0,993.27,1.0
139.0,4102.0,2.0,1.0,0.0,1.0,0.0,5.0,34.18,0.0
139.0,4102.0,2.0,1.0,0.0,11.0,0.0,12.0,21.91,1.0
140.0,4102.0,2.0,1.0,0.0,1.0,0.0,5.0,14.82,0.0
140.0,4102.0,2.0,1.0,0.0,12.0,0.0,13.0,353.72,1.0
141.0,4102.0,2.0,1.0,0.0,1.0,0.0,5.0,10.41,0.0
141.0,4102.0,2.0,1.0,0.0,13.0,0.0,14.0,120.6,1.0
141.0,4102.0,2.0,1.0,0.0,22.0,0.0,12.0,248.48,1.0
143.0,4102.0,2.0,1.0,0.0,1.0,0.0,5.0,40.37,0.0
142.0,4102.0,2.0,1.0,0.0,16.0,0.0,16.0,43.58,1.0
144.0,4102.0,2.0,1.0,0.0,1.0,0.0,5.0,44.97,0.0
144.0,4102.0,2.0,1.0,0.0,31.0,0.0,9.0,464.58,1.0
145.0,4102.0,2.0,1.0,0.0,5.0,0.0,8.0,6.56,0.0
146.0,4102.0,2.0,1.0,0.0,1.0,0.0,5.0,42.94,0.0
150.0,4102.0,2.0,1.0,0.0,1.0,0.0,5.0,15.31,0.0
151.0,4102.0,2.0,1.0,0.0,1.0,0.0,5.0,42.51,0.0
151.0,4102.0,2.0,1.0,0.0,18.0,0.0,9.0,429.84,1.0
152.0,4102.0,2.0,1.0,0.0,1.0,0.0,5.0,21.19,0.0
153.0,4102.0,2.0,1.0,0.0,1.0,0.0,5.0,9.62,0.0
156.0,4102.0,2.0,1.0,0.0,1.0,0.0,5.0,37.6,0.0
158.0,4102.0,2.0,1.0,0.0,1.0,0.0,5.0,81.94,0.0
158.0,4102.0,2.0,1.0,0.0,6.0,0.0,6.0,267.81,1.0
159.0,4102.0,2.0,1.0,0.0,5.0,0.0,8.0,54.58,0.0
159.0,4102.0,2.0,1.0,0.0,6.0,0.0,6.0,0.03,1.0
160.0,4102.0,2.0,1.0,0.0,1.0,0.0,5.0,8.94,0.0
160.0,4102.0,2.0,1.0,0.0,6.0,0.0,6.0,7.64,1.0
161.0,4102.0,2.0,1.0,0.0,1.0,0.0,5.0,11.17,0.0
161.0,4102.0,2.0,1.0,0.0,20.0,0.0,13.0,358.14,1.0
161.0,4102.0,2.0,1.0,0.0,22.0,0.0,12.0,333.85,1.0
162.0,4102.0,2.0,1.0,0.0,22.0,0.0,12.0,585.53,1.0
162.0,4102.0,2.0,1.0,0.0,1.0,0.0,5.0,51.23,0.0
162.0,4102.0,2.0,1.0,0.0,22.0,0.0,12.0,34.72,1.0
163.0,4102.0,2.0,1.0,0.0,1.0,0.0,5.0,31.05,0.0
164.0,4102.0,2.0,1.0,0.0,1.0,0.0,5.0,3.11,0.0
165.0,4102.0,2.0,1.0,0.0,28.0,0.0,13.0,42.12,0.0
166.0,4102.0,2.0,1.0,0.0,6.0,0.0,6.0,438.59,1.0
166.0,4102.0,2.0,1.0,0.0,0.0,0.0,5.0,14.99,0.0
166.0,4102.0,2.0,1.0,0.0,1.0,0.0,5.0,12.29,0.0
170.0,4102.0,2.0,1.0,0.0,1.0,0.0,5.0,41.07,0.0
171.0,4102.0,2.0,1.0,0.0,1.0,0.0,5.0,44.31,0.0
171.0,4102.0,2.0,1.0,0.0,31.0,0.0,9.0,169.64,1.0
172.0,4102.0,2.0,1.0,0.0,1.0,0.0,5.0,3.75,0.0
173.0,4102.0,2.0,1.0,0.0,1.0,0.0,5.0,2.8,0.0
173.0,4102.0,2.0,1.0,0.0,22.0,0.0,12.0,302.96,1.0
174.0,4102.0,2.0,1.0,0.0,1.0,0.0,5.0,47.13,0.0
174.0,4102.0,2.0,1.0,0.0,3.0,0.0,7.0,535.6,1.0
175.0,4102.0,2.0,1.0,0.0,1.0,0.0,5.0,32.34,0.0
176.0,4102.0,2.0,1.0,0.0,1.0,0.0,5.0,6.78,0.0
176.0,4102.0,2.0,1.0,0.0,6.0,0.0,6.0,4.25,1.0
178.0,4102.0,2.0,1.0,0.0,1.0,0.0,5.0,9.93,0.0
176.0,4102.0,2.0,1.0,0.0,38.0,0.0,19.0,354.3,1.0
178.0,4102.0,2.0,1.0,0.0,6.0,0.0,6.0,233.85,1.0
179.0,4102.0,2.0,1.0,0.0,1.0,0.0,5.0,4.52,0.0
178.0,4102.0,2.0,1.0,0.0,38.0,0.0,19.0,187.48,1.0
177.0,4105.0,1.0,1.0,0.0,0.0,0.0,5.0,71.04,0.0
178.0,4105.0,1.0,1.0,0.0,0.0,0.0,5.0,2.97,0.0
179.0,4105.0,1.0,1.0,0.0,15.0,0.0,13.0,25.29,1.0
78.0,4106.0,1.0,1.0,0.0,22.0,0.0,12.0,417.8,1.0
88.0,4106.0,1.0,1.0,0.0,12.0,0.0,13.0,33.43,0.0
104.0,4106.0,1.0,1.0,0.0,6.0,0.0,6.0,110.58,0.0
145.0,4106.0,1.0,1.0,0.0,9.0,0.0,10.0,17.15,0.0
147.0,4106.0,1.0,1.0,0.0,0.0,0.0,5.0,39.67,0.0
147.0,4106.0,1.0,1.0,0.0,26.0,0.0,12.0,199.16,1.0
148.0,4106.0,1.0,1.0,0.0,0.0,0.0,5.0,9.47,0.0
149.0,4106.0,1.0,1.0,0.0,0.0,0.0,5.0,9.87,0.0
79.0,4107.0,2.0,0.0,0.0,20.0,0.0,13.0,39.62,0.0
81.0,4107.0,2.0,0.0,0.0,22.0,0.0,12.0,19.31,0.0
89.0,4107.0,2.0,0.0,0.0,25.0,0.0,15.0,124.52,1.0
91.0,4107.0,2.0,0.0,0.0,35.0,0.0,18.0,1914.56,1.0
133.0,4107.0,2.0,0.0,0.0,6.0,0.0,6.0,587.03,1.0
156.0,4107.0,2.0,0.0,0.0,3.0,0.0,7.0,49.69,1.0
169.0,4107.0,2.0,0.0,0.0,20.0,0.0,13.0,50.98,0.0
165.0,4107.0,2.0,0.0,0.0,11.0,0.0,12.0,132.19,1.0
147.0,4108.0,1.0,1.0,0.0,0.0,0.0,5.0,70.82,0.0
148.0,4108.0,1.0,1.0,0.0,0.0,0.0,5.0,35.48,0.0
149.0,4108.0,1.0,1.0,0.0,6.0,0.0,6.0,546.19,1.0
149.0,4108.0,1.0,1.0,0.0,0.0,0.0,5.0,19.7,0.0
150.0,4108.0,1.0,1.0,0.0,0.0,0.0,5.0,49.24,0.0
155.0,4108.0,1.0,1.0,0.0,0.0,0.0,5.0,39.26,0.0
156.0,4108.0,1.0,1.0,0.0,0.0,0.0,5.0,14.9,0.0
157.0,4108.0,1.0,1.0,0.0,22.0,0.0,12.0,336.92,1.0
157.0,4108.0,1.0,1.0,0.0,0.0,0.0,5.0,16.23,0.0
158.0,4108.0,1.0,1.0,0.0,0.0,0.0,5.0,3.79,0.0
132.0,4110.0,0.0,1.0,0.0,48.0,0.0,12.0,76.32,0.0
140.0,4110.0,0.0,1.0,0.0,7.0,0.0,6.0,44.22,0.0
159.0,4110.0,0.0,1.0,0.0,12.0,0.0,13.0,32.5,1.0
171.0,4110.0,0.0,1.0,0.0,25.0,0.0,15.0,74.57,0.0
135.0,4111.0,2.0,1.0,0.0,6.0,0.0,6.0,274.07,1.0
152.0,4111.0,2.0,1.0,0.0,22.0,0.0,12.0,64.76,0.0
149.0,4111.0,2.0,1.0,0.0,22.0,0.0,12.0,258.29,1.0
152.0,4111.0,2.0,1.0,0.0,16.0,0.0,16.0,139.14,1.0
152.0,4111.0,2.0,1.0,0.0,16.0,0.0,16.0,615.29,1.0
